7.035156E-1	6.444636E-4	-1.010827E+2	6.637395E-4	-9.916051E+1	-2.958772E-2	-3.256814E-2
7.070312E-1	6.532944E-4	-1.106027E+2	6.661195E-4	-1.092490E+2	-1.952717E-2	-2.316947E-2
7.105469E-1	6.619004E-4	-1.201966E+2	6.737674E-4	-1.187452E+2	-1.792808E-2	-2.488288E-2
7.140625E-1	6.638005E-4	-1.297899E+2	6.739974E-4	-1.281393E+2	-1.553765E-2	-2.836864E-2
7.175781E-1	6.694585E-4	-1.398489E+2	6.802605E-4	-1.383480E+2	-1.621685E-2	-2.577673E-2
7.210938E-1	6.823133E-4	-1.500869E+2	6.883265E-4	-1.484186E+2	-9.156147E-3	-2.885888E-2
7.246094E-1	6.791260E-4	-1.596040E+2	6.969849E-4	-1.584624E+2	-2.581648E-2	-1.941286E-2
7.281250E-1	6.827198E-4	-1.700889E+2	6.960206E-4	-1.691224E+2	-1.924933E-2	-1.654547E-2
7.316406E-1	6.861287E-4	1.798270E+2	7.019894E-4	-1.782974E+2	-2.311758E-2	-3.199006E-2
7.351563E-1	6.890366E-4	1.694267E+2	7.005815E-4	1.717253E+2	-1.727039E-2	-3.944645E-2
7.386719E-1	6.869639E-4	1.594863E+2	7.014095E-4	1.616887E+2	-2.131858E-2	-3.763820E-2
7.421875E-1	6.894239E-4	1.498174E+2	7.089087E-4	1.513375E+2	-2.782787E-2	-2.579851E-2
7.457031E-1	6.947512E-4	1.396539E+2	7.029264E-4	1.414198E+2	-1.209963E-2	-3.045749E-2
7.492188E-1	6.876659E-4	1.301386E+2	7.018680E-4	1.311965E+2	-2.040172E-2	-1.808920E-2
7.527344E-1	6.936380E-4	1.198418E+2	6.983702E-4	1.214226E+2	-7.154068E-3	-2.739974E-2
7.562500E-1	6.958935E-4	1.098858E+2	7.137330E-4	1.120387E+2	-2.568286E-2	-3.662739E-2
7.597656E-1	6.975620E-4	1.004218E+2	7.058948E-4	1.020415E+2	-1.219942E-2	-2.793167E-2
7.632813E-1	7.095436E-4	9.049739E+1	7.153518E-4	9.236707E+1	-8.647418E-3	-3.236138E-2
7.667969E-1	7.118539E-4	8.123570E+1	7.124554E-4	8.301193E+1	-1.324352E-3	-3.096993E-2
7.703125E-1	7.152026E-4	7.107905E+1	7.284563E-4	7.267935E+1	-1.857716E-2	-2.741876E-2
7.738281E-1	7.191888E-4	6.097130E+1	7.315467E-4	6.255283E+1	-1.726734E-2	-2.713317E-2
7.773437E-1	7.286278E-4	5.112063E+1	7.429144E-4	5.276190E+1	-1.963285E-2	-2.809086E-2
7.808594E-1	7.287820E-4	4.084767E+1	7.484332E-4	4.260288E+1	-2.671332E-2	-2.982518E-2
7.843750E-1	7.425450E-4	3.057187E+1	7.522776E-4	3.257446E+1	-1.354036E-2	-3.449258E-2
7.878906E-1	7.471857E-4	2.046372E+1	7.598019E-4	2.252698E+1	-1.724214E-2	-3.540508E-2
7.914063E-1	7.553397E-4	1.047104E+1	7.623906E-4	1.175195E+1	-9.495985E-3	-2.214749E-2
7.949219E-1	7.544080E-4	-1.371548E-1	7.641399E-4	1.420590E+0	-1.310062E-2	-2.683821E-2
7.984375E-1	7.576681E-4	-1.073532E+1	7.653539E-4	-8.894198E+0	-1.055321E-2	-3.180548E-2
8.019531E-1	7.540967E-4	-2.116774E+1	7.695201E-4	-1.887583E+1	-2.082680E-2	-3.918918E-2
8.054688E-1	7.582171E-4	-3.128599E+1	7.694945E-4	-2.910676E+1	-1.536823E-2	-3.746828E-2
8.089844E-1	7.547906E-4	-4.176814E+1	7.685198E-4	-3.948279E+1	-1.864564E-2	-3.916394E-2
8.125000E-1	7.533249E-4	-5.090927E+1	7.663997E-4	-4.900717E+1	-1.760163E-2	-3.262556E-2
8.160156E-1	7.493331E-4	-6.142146E+1	7.652719E-4	-5.903067E+1	-2.167995E-2	-4.084622E-2
8.195313E-1	7.547977E-4	-7.132077E+1	7.654917E-4	-6.876776E+1	-1.494880E-2	-4.392141E-2
8.230469E-1	7.466971E-4	-8.068835E+1	7.551151E-4	-7.840058E+1	-1.193615E-2	-3.947350E-2
8.265625E-1	7.473140E-4	-9.077526E+1	7.590267E-4	-8.844315E+1	-1.624668E-2	-4.006384E-2
8.300781E-1	7.529377E-4	-1.003063E+2	7.630227E-4	-9.804333E+1	-1.398674E-2	-3.896412E-2
8.335938E-1	7.522700E-4	-1.098179E+2	7.629810E-4	-1.078272E+2	-1.463341E-2	-3.424963E-2
8.371094E-1	7.586597E-4	-1.197109E+2	7.719960E-4	-1.176132E+2	-1.793365E-2	-3.597126E-2
8.406250E-1	7.646102E-4	-1.298364E+2	7.723410E-4	-1.269711E+2	-1.124724E-2	-4.948772E-2
8.441406E-1	7.753770E-4	-1.396487E+2	7.799810E-4	-1.370748E+2	-6.905622E-3	-4.464284E-2
8.476562E-1	7.826684E-4	-1.492269E+2	7.821210E-4	-1.469519E+2	-8.884915E-5	-3.972359E-2
8.511719E-1	7.892836E-4	-1.590940E+2	7.928027E-4	-1.573448E+2	-4.902724E-3	-3.038906E-2
8.546875E-1	7.940504E-4	-1.695104E+2	7.942496E-4	-1.671034E+2	-1.132875E-3	-4.198719E-2
8.582031E-1	8.016501E-4	-1.797744E+2	8.000244E-4	-1.769883E+2	8.476200E-4	-4.870623E-2
8.617188E-1	7.983432E-4	1.700110E+2	8.015117E-4	1.726189E+2	-4.984755E-3	-4.532086E-2
8.652344E-1	8.064413E-4	1.600775E+2	8.120502E-4	1.623954E+2	-7.719625E-3	-4.016460E-2
8.687500E-1	8.067986E-4	1.495979E+2	8.000938E-4	1.520609E+2	7.448457E-3	-4.333435E-2
8.722656E-1	8.078595E-4	1.393658E+2	8.080945E-4	1.421678E+2	-1.486028E-3	-4.887042E-2
8.757813E-1	8.024148E-4	1.293333E+2	8.118035E-4	1.322783E+2	-1.287065E-2	-5.078313E-2
8.792969E-1	8.032518E-4	1.194487E+2	8.087050E-4	1.224760E+2	-8.129232E-3	-5.245566E-2
8.828125E-1	8.020328E-4	1.096626E+2	8.040553E-4	1.124001E+2	-3.653674E-3	-4.764008E-2
8.863281E-1	8.089669E-4	1.000017E+2	8.057207E-4	1.028917E+2	2.751988E-3	-5.062176E-2
8.898438E-1	8.152628E-4	8.999062E+1	8.105540E-4	9.322145E+1	4.210709E-3	-5.668615E-2
8.933594E-1	8.152074E-4	8.013374E+1	8.104538E-4	8.383737E+1	3.764634E-3	-6.497441E-2
8.968750E-1	8.279941E-4	7.074130E+1	8.193767E-4	7.403305E+1	8.849761E-3	-5.802417E-2
9.003906E-1	8.328673E-4	6.118400E+1	8.227305E-4	6.452908E+1	1.059615E-2	-5.906842E-2
9.039063E-1	8.446868E-4	5.091923E+1	8.336301E-4	5.452870E+1	1.125334E-2	-6.379047E-2
9.074219E-1	8.599198E-4	4.114791E+1	8.436262E-4	4.440236E+1	1.766988E-2	-5.786678E-2
9.109375E-1	8.659176E-4	3.057611E+1	8.525303E-4	3.477530E+1	1.297638E-2	-7.437394E-2
9.144531E-1	8.784870E-4	2.053619E+1	8.642863E-4	2.438730E+1	1.413540E-2	-6.826749E-2
9.179688E-1	8.901714E-4	1.021395E+1	8.675623E-4	1.411099E+1	2.368803E-2	-6.973492E-2
9.214844E-1	8.978855E-4	-2.624734E-1	8.791601E-4	3.719265E+0	1.883401E-2	-7.091751E-2
9.250000E-1	9.056025E-4	-1.095483E+1	8.851525E-4	-6.936879E+0	2.058873E-2	-7.168784E-2
9.285156E-1	9.046005E-4	-2.160166E+1	8.818128E-4	-1.716533E+1	2.276836E-2	-7.935012E-2
9.320313E-1	9.134188E-4	-3.195203E+1	8.842542E-4	-2.771238E+1	3.015545E-2	-7.636666E-2
9.355469E-1	9.115301E-4	-4.238700E+1	8.803427E-4	-3.838306E+1	3.289922E-2	-7.229873E-2
9.390625E-1	9.194304E-4	-5.297549E+1	8.812314E-4	-4.835395E+1	3.995502E-2	-8.406630E-2
9.425781E-1	9.122064E-4	-6.311386E+1	8.742333E-4	-5.835276E+1	3.983545E-2	-8.660651E-2
9.460938E-1	9.100622E-4	-7.324703E+1	8.733853E-4	-6.860585E+1	3.857723E-2	-8.431327E-2
9.496094E-1	9.071375E-4	-8.300613E+1	8.647759E-4	-7.854021E+1	4.580074E-2	-8.168043E-2
9.531250E-1	9.123668E-4	-9.284595E+1	8.603479E-4	-8.797653E+1	5.663515E-2	-9.001752E-2
9.566406E-1	9.214290E-4	-1.025927E+2	8.576805E-4	-9.752025E+1	7.011924E-2	-9.498697E-2
9.601563E-1	9.201090E-4	-1.123851E+2	8.599956E-4	-1.071697E+2	6.547028E-2	-9.725415E-2
9.636719E-1	9.279545E-4	-1.218154E+2	8.584618E-4	-1.163945E+2	7.611578E-2	-1.021190E-1
9.671875E-1	9.458595E-4	-1.310450E+2	8.617659E-4	-1.260734E+2	9.345353E-2	-9.511867E-2
9.707031E-1	9.551840E-4	-1.407082E+2	8.660948E-4	-1.358049E+2	9.882704E-2	-9.426646E-2
9.742188E-1	9.766208E-4	-1.503419E+2	8.776932E-4	-1.454524E+2	1.086640E-1	-9.484137E-2
9.777344E-1	1.003081E-3	-1.603693E+2	8.846730E-4	-1.548914E+2	1.286656E-1	-1.082388E-1
9.812500E-1	1.027353E-3	-1.704569E+2	8.907754E-4	-1.651279E+2	1.483395E-1	-1.071145E-1
9.847656E-1	1.051634E-3	1.794056E+2	8.988212E-4	-1.747893E+2	1.640145E-1	-1.183410E-1
9.882813E-1	1.076700E-3	1.689545E+2	9.115069E-4	1.748631E+2	1.749553E-1	-1.215981E-1
9.917969E-1	1.101665E-3	1.580848E+2	9.161335E-4	1.646689E+2	1.945847E-1	-1.378822E-1
9.953125E-1	1.134298E-3	1.477984E+2	9.262281E-4	1.540303E+2	2.174054E-1	-1.329384E-1
9.988281E-1	1.159171E-3	1.370508E+2	9.291316E-4	1.436682E+2	2.392737E-1	-1.437703E-1
1.002344E+0	1.195547E-3	1.268485E+2	9.311466E-4	1.335085E+2	2.752871E-1	-1.489093E-1
1.005859E+0	1.235175E-3	1.165191E+2	9.282118E-4	1.233225E+2	3.213337E-1	-1.576390E-1
1.009375E+0	1.262227E-3	1.050817E+2	9.246204E-4	1.128224E+2	3.526906E-1	-1.838695E-1
1.012891E+0	1.301276E-3	9.470917E+1	9.234973E-4	1.025602E+2	3.958661E-1	-1.924766E-1
1.016406E+0	1.351684E-3	8.459477E+1	9.220907E-4	9.290698E+1	4.504913E-1	-2.119195E-1
1.019922E+0	1.406656E-3	7.329083E+1	9.213962E-4	8.276437E+1	5.058361E-1	-2.512757E-1
1.023437E+0	1.484062E-3	6.214894E+1	9.122898E-4	7.320227E+1	5.965666E-1	-3.118836E-1
1.026953E+0	1.556235E-3	5.148028E+1	9.148192E-4	6.354549E+1	6.635618E-1	-3.555804E-1
1.030469E+0	1.634731E-3	3.975826E+1	9.203081E-4	5.429520E+1	7.194206E-1	-4.458553E-1
1.033984E+0	1.712732E-3	2.827834E+1	9.196559E-4	4.414435E+1	7.914126E-1	-5.091485E-1
1.037500E+0	1.813273E-3	1.619847E+1	9.333917E-4	3.474634E+1	8.417652E-1	-6.179575E-1
1.041016E+0	1.925505E-3	3.452503E+0	9.296389E-4	2.481211E+1	9.289721E-1	-7.543876E-1
1.044531E+0	2.030168E-3	-8.239329E+0	9.406645E-4	1.501389E+1	9.829126E-1	-8.520585E-1
1.048047E+0	2.108214E-3	-2.154134E+1	9.515024E-4	5.423165E+0	9.747980E-1	-1.004669E+0
1.051562E+0	2.159407E-3	-3.467109E+1	9.582013E-4	-4.700441E+0	9.522559E-1	-1.125802E+0
1.055078E+0	2.218731E-3	-4.820978E+1	9.681478E-4	-1.490481E+1	9.153336E-1	-1.258377E+0
1.058594E+0	2.278864E-3	-6.360785E+1	9.742749E-4	-2.455746E+1	8.164770E-1	-1.473601E+0
1.062109E+0	2.266893E-3	-8.034256E+1	9.813949E-4	-3.499743E+1	6.234554E-1	-1.643132E+0
1.065625E+0	2.275387E-3	-9.658942E+1	9.819609E-4	-4.527800E+1	4.484437E-1	-1.808692E+0
1.069141E+0	2.267902E-3	-1.133072E+2	9.834711E-4	-5.572611E+1	2.362687E-1	-1.946627E+0
1.072656E+0	2.261708E-3	-1.314451E+2	9.854554E-4	-6.592659E+1	-4.891678E-2	-2.088750E+0
1.076172E+0	2.355789E-3	-1.487005E+2	9.846784E-4	-7.650350E+1	-2.685215E-1	-2.277879E+0
1.079688E+0	2.469509E-3	-1.658854E+2	9.779523E-4	-8.601479E+1	-5.558917E-1	-2.485824E+0
1.083203E+0	2.665494E-3	1.717284E+2	9.823694E-4	-9.638231E+1	-1.089454E+0	-2.711857E+0
1.086719E+0	2.799219E-3	1.526783E+2	9.823337E-4	-1.059186E+2	-1.563388E+0	-2.793311E+0
1.090234E+0	2.986708E-3	1.370653E+2	9.818044E-4	-1.160524E+2	-1.883434E+0	-2.910957E+0
1.093750E+0	3.383233E-3	1.250781E+2	9.828125E-4	-1.258618E+2	-2.124149E+0	-3.253675E+0
1.097266E+0	3.785424E-3	1.124773E+2	9.844877E-4	-1.355532E+2	-2.438491E+0	-3.565853E+0
1.100781E+0	4.197294E-3	1.006285E+2	9.914521E-4	-1.452893E+2	-2.727459E+0	-3.865003E+0
1.104297E+0	4.539181E-3	8.832264E+1	9.961319E-4	-1.551048E+2	-3.038400E+0	-4.075465E+0
1.107813E+0	4.449994E-3	6.881882E+1	1.000068E-3	-1.649748E+2	-3.628413E+0	-3.590432E+0
1.111328E+0	4.503592E-3	4.610552E+1	1.006406E-3	-1.748186E+2	-4.381154E+0	-2.931340E+0
1.114844E+0	4.533853E-3	2.600448E+1	1.009004E-3	1.752035E+2	-4.859606E+0	-2.300877E+0
1.118359E+0	4.642969E-3	5.403002E+0	1.021768E-3	1.650351E+2	-5.259947E+0	-1.581544E+0
1.121875E+0	4.654680E-3	-1.351146E+1	1.020511E-3	1.550251E+2	-5.470140E+0	-9.064902E-1
1.125391E+0	4.663100E-3	-3.519373E+1	1.029571E-3	1.446226E+2	-5.529145E+0	-1.451889E-2
1.128906E+0	4.723936E-3	-5.815713E+1	1.033411E-3	1.345366E+2	-5.459481E+0	1.004475E+0
1.132422E+0	4.604437E-3	-7.739898E+1	1.025871E-3	1.242085E+2	-5.172918E+0	1.652805E+0
1.135938E+0	4.452142E-3	-9.547004E+1	1.026822E-3	1.141102E+2	-4.770734E+0	2.140356E+0
1.139453E+0	4.267820E-3	-1.137648E+2	1.026404E-3	1.038307E+2	-4.294564E+0	2.536744E+0
1.142969E+0	4.192207E-3	-1.326441E+2	1.028699E-3	9.377684E+1	-3.809294E+0	2.952209E+0
1.146484E+0	4.222691E-3	-1.515600E+2	1.025610E-3	8.374643E+1	-3.343485E+0	3.385234E+0
1.150000E+0	4.347657E-3	-1.677888E+2	1.028910E-3	7.400267E+1	-2.997317E+0	3.723649E+0
1.153516E+0	4.481659E-3	1.768078E+2	1.017060E-3	6.479459E+1	-2.651640E+0	4.085240E+0
1.157031E+0	4.660669E-3	1.615371E+2	1.021813E-3	5.508914E+1	-2.291471E+0	4.374520E+0
1.160547E+0	4.834815E-3	1.464723E+2	1.020196E-3	4.534977E+1	-1.914210E+0	4.650089E+0
1.164062E+0	5.035091E-3	1.314304E+2	1.023965E-3	3.563255E+1	-1.496735E+0	4.892095E+0
1.167578E+0	5.242126E-3	1.159392E+2	1.028326E-3	2.632029E+1	-9.660939E-1	5.097615E+0
1.171094E+0	5.437408E-3	1.013511E+2	1.043812E-3	1.683676E+1	-5.020197E-1	5.185326E+0
1.174609E+0	5.654425E-3	8.694678E+1	1.045774E-3	6.772985E+0	-7.725270E-2	5.327608E+0
1.178125E+0	5.922784E-3	7.005969E+1	1.056099E-3	-3.071810E+0	6.273573E-1	5.366870E+0
1.181641E+0	6.222982E-3	5.251466E+1	1.068412E-3	-1.300388E+1	1.413672E+0	5.300865E+0
1.185156E+0	6.608352E-3	3.453931E+1	1.078968E-3	-2.280682E+1	2.304658E+0	5.156661E+0
1.188672E+0	6.769533E-3	7.259910E+0	1.090903E-3	-3.302563E+1	3.733705E+0	4.012421E+0
1.192188E+0	6.889738E-3	-1.639300E+1	1.096618E-3	-4.335442E+1	4.599859E+0	2.848523E+0
1.195703E+0	6.643553E-3	-3.819435E+1	1.106979E-3	-5.357165E+1	4.786666E+0	1.591447E+0
1.199219E+0	6.619133E-3	-5.287858E+1	1.107428E-3	-6.388392E+1	4.867111E+0	1.141018E+0
1.202734E+0	6.630964E-3	-6.743477E+1	1.106565E-3	-7.428025E+1	4.949667E+0	7.142451E-1
1.206250E+0	6.685506E-3	-8.161726E+1	1.109000E-3	-8.421807E+1	5.022200E+0	2.735518E-1
1.209766E+0	6.696579E-3	-9.619476E+1	1.098798E-3	-9.478255E+1	5.092608E+0	-1.501993E-1
1.213281E+0	6.673122E-3	-1.114944E+2	1.102237E-3	-1.046624E+2	5.011173E+0	-7.201943E-1
1.216797E+0	6.604588E-3	-1.276916E+2	1.102753E-3	-1.145069E+2	4.831306E+0	-1.366078E+0
1.220313E+0	6.440222E-3	-1.440009E+2	1.100437E-3	-1.246688E+2	4.522437E+0	-1.937404E+0
1.223828E+0	6.128677E-3	-1.608720E+2	1.098686E-3	-1.345888E+2	4.001494E+0	-2.470068E+0
1.227344E+0	5.679134E-3	-1.780048E+2	1.100358E-3	-1.443515E+2	3.296189E+0	-2.860145E+0
1.230859E+0	4.625362E-3	1.611906E+2	1.098044E-3	-1.543134E+2	2.004677E+0	-2.952276E+0
1.234375E+0	2.873582E-3	1.429004E+2	1.101653E-3	-1.641535E+2	5.717499E-1	-2.081705E+0
1.237891E+0	2.717055E-3	1.378621E+2	1.106129E-3	-1.736729E+2	6.287593E-1	-1.838713E+0
1.241406E+0	2.757821E-3	1.291229E+2	1.104224E-3	1.764181E+2	6.938708E-1	-1.835322E+0
1.244922E+0	2.777851E-3	1.170983E+2	1.111160E-3	1.663348E+2	6.323168E-1	-1.893495E+0
1.248438E+0	2.688325E-3	1.051388E+2	1.112045E-3	1.565174E+2	5.089099E-1	-1.888732E+0
1.251953E+0	2.573526E-3	9.457179E+1	1.121100E-3	1.462383E+2	4.237781E-1	-1.800651E+0
1.255469E+0	2.520177E-3	8.394089E+1	1.124190E-3	1.365398E+2	3.616317E-1	-1.780870E+0
1.258984E+0	2.535675E-3	7.178796E+1	1.120278E-3	1.261323E+2	3.193840E-1	-1.839119E+0
1.262500E+0	2.513280E-3	5.999243E+1	1.123172E-3	1.162529E+2	2.428387E-1	-1.860776E+0
1.266016E+0	2.469140E-3	4.780009E+1	1.129721E-3	1.059524E+2	1.532705E-1	-1.856583E+0
1.269531E+0	2.385758E-3	3.569794E+1	1.125467E-3	9.607217E+1	4.788381E-2	-1.842679E+0
1.273047E+0	2.277006E-3	2.098476E+1	1.125005E-3	8.631580E+1	-1.552349E-1	-1.839275E+0
1.276563E+0	2.025438E-3	6.209073E+0	1.128789E-3	7.659579E+1	-3.976920E-1	-1.690237E+0
1.280078E+0	1.667693E-3	-6.206072E+0	1.131473E-3	6.684468E+1	-5.703182E-1	-1.409891E+0
1.283594E+0	1.405550E-3	-1.238623E+1	1.124526E-3	5.674613E+1	-5.547712E-1	-1.167918E+0
1.287109E+0	1.321132E-3	-1.567926E+1	1.125726E-3	4.756422E+1	-4.716532E-1	-1.047924E+0
1.290625E+0	1.378155E-3	-2.050260E+1	1.135313E-3	3.803852E+1	-3.664826E-1	-1.035474E+0
1.294141E+0	1.532742E-3	-2.645838E+1	1.136149E-3	2.838354E+1	-2.231605E-1	-1.102953E+0
1.297656E+0	1.688890E-3	-3.614228E+1	1.152203E-3	1.840508E+1	-1.497969E-1	-1.194027E+0
1.301172E+0	1.926265E-3	-4.750311E+1	1.158715E-3	8.726891E+0	-7.592939E-2	-1.381925E+0
1.304687E+0	2.175364E-3	-5.991404E+1	1.173730E-3	-1.043750E+0	-4.184631E-2	-1.586489E+0
1.308203E+0	2.402330E-3	-7.451270E+1	1.187617E-3	-1.115094E+1	-9.305905E-2	-1.808104E+0
1.311719E+0	2.604906E-3	-8.899213E+1	1.195584E-3	-2.131408E+1	-1.724790E-1	-2.015505E+0
1.315234E+0	2.843765E-3	-1.047365E+2	1.210788E-3	-3.122617E+1	-3.333422E-1	-2.252090E+0
1.318750E+0	3.089130E-3	-1.211789E+2	1.216771E-3	-4.148136E+1	-5.459509E-1	-2.497861E+0
1.322266E+0	3.325088E-3	-1.377805E+2	1.222252E-3	-5.205306E+1	-7.973226E-1	-2.712900E+0
1.325781E+0	3.545044E-3	-1.551824E+2	1.226305E-3	-6.252250E+1	-1.134156E+0	-2.887719E+0
1.329297E+0	3.769955E-3	-1.739278E+2	1.231395E-3	-7.336646E+1	-1.561142E+0	-3.009667E+0
1.332813E+0	3.990775E-3	1.662166E+2	1.239473E-3	-8.346656E+1	-2.117928E+0	-3.019426E+0
1.336328E+0	4.169994E-3	1.455428E+2	1.227724E-3	-9.373552E+1	-2.735176E+0	-2.919852E+0
1.339844E+0	4.347624E-3	1.206928E+2	1.224861E-3	-1.038705E+2	-3.528921E+0	-2.490661E+0
1.343359E+0	4.543462E-3	8.887469E+1	1.216581E-3	-1.137360E+2	-4.447567E+0	-1.435838E+0
1.346875E+0	4.568097E-3	4.738166E+1	1.215170E-3	-1.236734E+2	-4.713506E+0	5.845040E-1
1.350391E+0	4.623974E-3	2.098721E+1	1.209780E-3	-1.333971E+2	-4.446497E+0	1.652445E+0
1.353906E+0	4.718354E-3	1.399820E-1	1.207420E-3	-1.433335E+2	-4.140234E+0	2.325901E+0
1.357422E+0	4.758444E-3	-1.939338E+1	1.206189E-3	-1.530266E+2	-3.722221E+0	2.855297E+0
1.360938E+0	4.667572E-3	-3.784515E+1	1.209703E-3	-1.626798E+2	-3.203982E+0	3.167026E+0
1.364453E+0	4.582705E-3	-5.283938E+1	1.210938E-3	-1.720569E+2	-2.847279E+0	3.302944E+0
1.367969E+0	4.648986E-3	-6.663081E+1	1.218416E-3	1.780187E+2	-2.633665E+0	3.448178E+0
1.371484E+0	4.863895E-3	-8.196043E+1	1.226108E-3	1.679759E+2	-2.360914E+0	3.726193E+0
1.375000E+0	5.003922E-3	-9.608648E+1	1.234362E-3	1.580982E+2	-2.104827E+0	3.900395E+0
1.378516E+0	5.184790E-3	-1.093534E+2	1.244058E-3	1.481974E+2	-1.898435E+0	4.069652E+0
1.382031E+0	5.445327E-3	-1.239817E+2	1.257522E-3	1.380656E+2	-1.599108E+0	4.288559E+0
1.385547E+0	5.776453E-3	-1.399668E+2	1.257904E-3	1.278142E+2	-1.177803E+0	4.588682E+0
1.389063E+0	6.122577E-3	-1.564836E+2	1.255714E-3	1.174688E+2	-6.639242E-1	4.864177E+0
1.392578E+0	6.539521E-3	-1.759812E+2	1.259512E-3	1.072612E+2	1.893626E-1	5.054047E+0
1.396094E+0	6.955982E-3	1.622157E+2	1.257088E-3	9.711082E+1	1.329336E+0	5.019244E+0
1.399609E+0	7.269553E-3	1.356783E+2	1.247678E-3	8.695448E+1	2.843657E+0	4.378813E+0
1.403125E+0	7.130271E-3	1.015150E+2	1.242475E-3	7.714857E+1	4.227587E+0	2.367646E+0
1.406641E+0	6.850129E-3	8.069804E+1	1.242094E-3	6.717773E+1	4.362148E+0	1.289348E+0
1.410156E+0	6.660799E-3	6.444054E+1	1.239517E-3	5.754388E+1	4.334823E+0	6.452690E-1
1.413672E+0	6.566325E-3	4.969925E+1	1.233761E-3	4.790902E+1	4.319604E+0	1.662673E-1
1.417188E+0	6.523963E-3	3.475065E+1	1.230771E-3	3.850396E+1	4.289343E+0	-3.469887E-1
1.420703E+0	6.490492E-3	1.968432E+1	1.231784E-3	2.914516E+1	4.197510E+0	-8.661135E-1
1.424219E+0	6.420415E-3	4.091190E+0	1.236194E-3	1.972740E+1	4.001489E+0	-1.399849E+0
1.427734E+0	6.285870E-3	-1.163881E+1	1.249438E-3	1.024706E+1	3.668368E+0	-1.875335E+0
1.431250E+0	6.041266E-3	-2.960534E+1	1.258446E-3	1.045248E+0	3.129899E+0	-2.447339E+0
1.434766E+0	5.618047E-3	-4.960009E+1	1.276123E-3	-8.805245E+0	2.332879E+0	-2.876341E+0
1.438281E+0	4.853798E-3	-7.265566E+1	1.290244E-3	-1.865536E+1	1.211187E+0	-3.043471E+0
1.441797E+0	3.872625E-3	-9.475255E+1	1.312247E-3	-2.835435E+1	1.815711E-1	-2.704278E+0
1.445312E+0	2.931802E-3	-1.104893E+2	1.333279E-3	-3.871057E+1	-3.124185E-1	-2.088677E+0
1.448828E+0	2.519118E-3	-1.207871E+2	1.350701E-3	-4.900345E+1	-4.169758E-1	-1.771574E+0
1.452344E+0	2.347398E-3	-1.301961E+2	1.367496E-3	-5.946550E+1	-4.335154E-1	-1.620400E+0
1.455859E+0	2.240565E-3	-1.395921E+2	1.375244E-3	-6.998209E+1	-4.323688E-1	-1.527131E+0
1.459375E+0	2.233448E-3	-1.525514E+2	1.387800E-3	-8.095358E+1	-4.919539E-1	-1.527049E+0
1.462891E+0	2.208211E-3	-1.703788E+2	1.389569E-3	-9.180400E+1	-6.852109E-1	-1.557644E+0
1.466406E+0	2.014788E-3	1.716895E+2	1.386633E-3	-1.022976E+2	-8.989697E-1	-1.449491E+0
1.469922E+0	1.727489E-3	1.530360E+2	1.371065E-3	-1.129552E+2	-1.088084E+0	-1.256879E+0
1.473438E+0	1.422425E-3	1.346382E+2	1.368488E-3	-1.232011E+2	-1.218957E+0	-1.016090E+0
1.476953E+0	1.049181E-3	1.184461E+2	1.350399E-3	-1.334465E+2	-1.241473E+0	-7.384639E-1
1.480469E+0	7.295656E-4	1.113855E+2	1.340514E-3	-1.433860E+2	-1.142956E+0	-5.251326E-1
1.483984E+0	5.686525E-4	1.131051E+2	1.330113E-3	-1.531133E+2	-1.028197E+0	-4.265911E-1
1.487500E+0	5.128658E-4	1.204242E+2	1.314762E-3	-1.628325E+2	-9.105485E-1	-3.796879E-1
1.491016E+0	5.752122E-4	1.245356E+2	1.311147E-3	-1.723862E+2	-8.013639E-1	-3.911642E-1
1.494531E+0	6.848011E-4	1.175184E+2	1.299370E-3	1.781702E+2	-7.416964E-1	-4.593856E-1
1.498047E+0	8.178890E-4	1.026708E+2	1.307729E-3	1.683750E+2	-7.426696E-1	-5.700351E-1
1.501563E+0	9.651239E-4	8.286079E+1	1.308706E-3	1.589624E+2	-8.228605E-1	-7.158737E-1
1.505078E+0	1.114255E-3	6.087759E+1	1.311646E-3	1.494324E+2	-9.785748E-1	-8.492387E-1
1.508594E+0	1.215060E-3	3.591973E+1	1.322613E-3	1.399620E+2	-1.222907E+0	-8.912285E-1
1.512109E+0	1.336882E-3	1.050347E+1	1.328238E-3	1.301521E+2	-1.497899E+0	-8.747312E-1
1.515625E+0	1.436216E-3	-1.673527E+1	1.345376E-3	1.201655E+2	-1.779473E+0	-7.293981E-1
1.519141E+0	1.537828E-3	-4.758644E+1	1.348562E-3	1.103425E+2	-2.056780E+0	-4.284923E-1
1.522656E+0	1.592807E-3	-8.308819E+1	1.356640E-3	1.003672E+2	-2.171948E+0	7.076356E-2
1.526172E+0	1.654593E-3	-1.104856E+2	1.365420E-3	8.995924E+1	-2.135452E+0	4.232825E-1
1.529688E+0	1.778720E-3	-1.321762E+2	1.364478E-3	7.989209E+1	-2.104683E+0	6.921146E-1
1.533203E+0	1.992156E-3	-1.502864E+2	1.365779E-3	7.012862E+1	-2.110549E+0	9.456534E-1
1.536719E+0	2.252225E-3	-1.675125E+2	1.371324E-3	5.957641E+1	-2.118230E+0	1.202892E+0
1.540234E+0	2.609821E-3	1.730506E+2	1.362334E-3	5.002264E+1	-2.044148E+0	1.606130E+0
1.543750E+0	3.005088E-3	1.509309E+2	1.373197E-3	4.007190E+1	-1.779218E+0	2.044960E+0
1.547266E+0	3.384363E-3	1.300313E+2	1.364912E-3	3.044955E+1	-1.412732E+0	2.444955E+0
1.550781E+0	3.773859E-3	1.103189E+2	1.371794E-3	2.055363E+1	-9.887295E-1	2.751016E+0
1.554297E+0	4.127900E-3	9.088716E+1	1.370829E-3	1.097804E+1	-4.724000E-1	2.964663E+0
1.557813E+0	4.497112E-3	7.407867E+1	1.379108E-3	1.175064E+0	-4.136460E-2	3.116791E+0
1.561328E+0	4.899345E-3	5.748870E+1	1.386201E-3	-8.162231E+0	4.572015E-1	3.219988E+0
1.564844E+0	5.296306E-3	3.862911E+1	1.400113E-3	-1.795149E+1	1.083411E+0	3.157333E+0
1.568359E+0	5.665846E-3	1.799241E+1	1.419385E-3	-2.769462E+1	1.788554E+0	2.856243E+0
1.571875E+0	5.808615E-3	-6.352710E+0	1.431568E-3	-3.799347E+1	2.454385E+0	2.128541E+0
1.575391E+0	5.715508E-3	-2.680479E+1	1.449002E-3	-4.793093E+1	2.679335E+0	1.421666E+0
1.578906E+0	5.591291E-3	-4.529311E+1	1.475744E-3	-5.822397E+1	2.692714E+0	8.478379E-1
1.582422E+0	5.582142E-3	-6.164179E+1	1.485914E-3	-6.864017E+1	2.728717E+0	4.577219E-1
1.585937E+0	5.613503E-3	-7.797919E+1	1.499011E-3	-7.917223E+1	2.743993E+0	7.797047E-2
1.589453E+0	5.643883E-3	-9.498833E+1	1.499482E-3	-8.970670E+1	2.747908E+0	-3.464710E-1
1.592969E+0	5.629234E-3	-1.126464E+2	1.507681E-3	-1.004262E+2	2.649103E+0	-7.903107E-1
1.596484E+0	5.469073E-3	-1.304327E+2	1.498297E-3	-1.111070E+2	2.444514E+0	-1.207986E+0
1.600000E+0	5.156536E-3	-1.506236E+2	1.490314E-3	-1.217436E+2	2.029720E+0	-1.671116E+0
1.603516E+0	4.441547E-3	-1.751892E+2	1.478392E-3	-1.321060E+2	1.194235E+0	-2.052123E+0
1.607031E+0	3.614591E-3	1.632375E+2	1.463844E-3	-1.421780E+2	4.309322E-1	-2.012364E+0
1.610547E+0	2.854942E-3	1.462812E+2	1.453546E-3	-1.522855E+2	-6.079309E-2	-1.725012E+0
1.614063E+0	2.368262E-3	1.341278E+2	1.441276E-3	-1.621252E+2	-2.731672E-1	-1.473677E+0
1.617578E+0	2.042259E-3	1.247738E+2	1.428233E-3	-1.716150E+2	-3.644576E-1	-1.280920E+0
1.621094E+0	1.807805E-3	1.156978E+2	1.421804E-3	1.789095E+2	-4.269469E-1	-1.135028E+0
1.624609E+0	1.649335E-3	1.058348E+2	1.415749E-3	1.694840E+2	-4.829002E-1	-1.043941E+0
1.628125E+0	1.495692E-3	9.469585E+1	1.425111E-3	1.601283E+2	-5.636427E-1	-9.545148E-1
1.631641E+0	1.315867E-3	8.386377E+1	1.432500E-3	1.509466E+2	-6.423046E-1	-8.460761E-1
1.635156E+0	1.159947E-3	7.429151E+1	1.441528E-3	1.413741E+2	-6.866604E-1	-7.411504E-1
1.638672E+0	1.011670E-3	6.240873E+1	1.452991E-3	1.315277E+2	-7.518304E-1	-6.505382E-1
1.642188E+0	7.920678E-4	5.163629E+1	1.469920E-3	1.220931E+2	-8.197450E-1	-5.078075E-1
1.645703E+0	5.770717E-4	5.104261E+1	1.484095E-3	1.120495E+2	-8.115288E-1	-3.401076E-1
1.649219E+0	5.104737E-4	6.002399E+1	1.507174E-3	1.017400E+2	-7.471797E-1	-2.253815E-1
1.652734E+0	5.581664E-4	6.316619E+1	1.512315E-3	9.131570E+1	-6.745743E-1	-1.741227E-1
1.656250E+0	5.906652E-4	5.740936E+1	1.527169E-3	8.091558E+1	-6.453242E-1	-1.542632E-1
1.659766E+0	6.137414E-4	4.800751E+1	1.531403E-3	7.042619E+1	-6.295189E-1	-1.528426E-1
1.663281E+0	5.816224E-4	3.546435E+1	1.534399E-3	6.017523E+1	-6.556551E-1	-1.584602E-1
1.666797E+0	4.825619E-4	1.923084E+1	1.529651E-3	4.961752E+1	-7.278641E-1	-1.595762E-1
1.670313E+0	2.856365E-4	8.722286E+0	1.516582E-3	3.930495E+1	-8.378569E-1	-9.582496E-2
1.673828E+0	9.095160E-5	5.745962E+1	1.511260E-3	2.902719E+1	-9.470766E-1	2.865428E-2
1.677344E+0	3.212317E-4	1.081238E+2	1.497497E-3	1.918461E+1	-9.960286E-1	2.144757E-1
1.680859E+0	5.781095E-4	9.592381E+1	1.489386E-3	9.307329E+0	-9.770915E-1	3.874763E-1
1.684375E+0	8.190823E-4	8.236260E+1	1.478498E-3	-1.769907E-1	-9.280685E-1	5.493065E-1
1.687891E+0	1.016182E-3	7.061520E+1	1.471380E-3	-9.810532E+0	-8.851300E-1	6.810120E-1
1.691406E+0	1.239186E-3	6.092938E+1	1.477220E-3	-1.901709E+1	-8.535611E-1	8.259829E-1
1.694922E+0	1.559641E-3	5.133054E+1	1.477710E-3	-2.818475E+1	-8.079375E-1	1.037822E+0
1.698438E+0	1.994730E-3	3.860741E+1	1.495003E-3	-3.764404E+1	-6.828969E-1	1.296036E+0
1.701953E+0	2.498280E-3	2.192033E+1	1.510219E-3	-4.694033E+1	-4.034157E-1	1.542929E+0
1.705469E+0	3.038974E-3	2.232831E+0	1.531790E-3	-5.660035E+1	2.674973E-2	1.697583E+0
1.708984E+0	3.492041E-3	-2.006472E+1	1.552204E-3	-6.640555E+1	5.531399E-1	1.627589E+0
1.712500E+0	3.693450E-3	-4.245359E+1	1.579235E-3	-7.651334E+1	9.375542E-1	1.309839E+0
1.716016E+0	3.695614E-3	-6.160019E+1	1.596088E-3	-8.684735E+1	1.094242E+0	9.875820E-1
1.719531E+0	3.681337E-3	-7.791785E+1	1.628332E-3	-9.698408E+1	1.136778E+0	7.385157E-1
1.723047E+0	3.711184E-3	-9.383620E+1	1.642206E-3	-1.079648E+2	1.191517E+0	5.516340E-1
1.726562E+0	3.740337E-3	-1.096592E+2	1.657104E-3	-1.188381E+2	1.228250E+0	3.600557E-1
1.730078E+0	3.744357E-3	-1.255204E+2	1.661600E-3	-1.297059E+2	1.247455E+0	1.644709E-1
1.733594E+0	3.801694E-3	-1.415694E+2	1.651410E-3	-1.406161E+2	1.301771E+0	-3.830092E-2
1.737109E+0	3.802133E-3	-1.589966E+2	1.638726E-3	-1.514221E+2	1.299931E+0	-3.058345E-1
1.740625E+0	3.668973E-3	-1.783737E+2	1.625992E-3	-1.620297E+2	1.165268E+0	-6.349740E-1
1.744141E+0	3.355434E-3	1.622889E+2	1.604077E-3	-1.721195E+2	8.866002E-1	-9.035673E-1
1.747656E+0	2.852840E-3	1.434516E+2	1.578685E-3	1.774586E+2	4.980295E-1	-1.010700E+0
1.751172E+0	2.326034E-3	1.291330E+2	1.562066E-3	1.676247E+2	1.654968E-1	-9.268024E-1
1.754688E+0	1.930789E-3	1.201575E+2	1.537168E-3	1.581491E+2	-1.009079E-2	-7.731681E-1
1.758203E+0	1.692306E-3	1.131510E+2	1.526187E-3	1.484510E+2	-9.502929E-2	-6.407550E-1
1.761719E+0	1.528172E-3	1.072949E+2	1.510340E-3	1.393544E+2	-1.424966E-1	-5.370666E-1
1.765234E+0	1.434146E-3	1.003414E+2	1.506019E-3	1.301003E+2	-1.733084E-1	-4.726636E-1
1.768750E+0	1.351794E-3	9.313316E+1	1.506448E-3	1.207365E+2	-2.047995E-1	-4.157798E-1
1.772266E+0	1.276003E-3	8.579697E+1	1.504330E-3	1.117124E+2	-2.370768E-1	-3.707095E-1
1.775781E+0	1.200019E-3	7.930762E+1	1.516814E-3	1.025533E+2	-2.730799E-1	-3.122446E-1
1.779297E+0	1.144558E-3	7.400937E+1	1.527477E-3	9.288071E+1	-2.909649E-1	-2.423608E-1
1.782813E+0	1.124566E-3	6.847909E+1	1.551389E-3	8.337159E+1	-2.994719E-1	-1.862979E-1
1.786328E+0	1.120015E-3	6.260474E+1	1.565567E-3	7.364645E+1	-2.978382E-1	-1.370170E-1
1.789844E+0	1.124242E-3	5.730753E+1	1.590724E-3	6.379338E+1	-2.977747E-1	-7.983279E-2
1.793359E+0	1.173470E-3	5.090979E+1	1.599979E-3	5.374538E+1	-2.674696E-1	-3.628283E-2
1.796875E+0	1.220908E-3	4.242151E+1	1.624029E-3	4.321510E+1	-2.482949E-1	-1.041235E-2
1.800391E+0	1.245889E-3	3.288817E+1	1.640070E-3	3.312783E+1	-2.403507E-1	-3.177522E-3
1.803906E+0	1.251237E-3	2.353423E+1	1.645299E-3	2.282837E+1	-2.395655E-1	9.368708E-3
1.807422E+0	1.233434E-3	1.476460E+1	1.651396E-3	1.255240E+1	-2.536528E-1	2.883092E-2
1.810938E+0	1.224424E-3	7.079809E+0	1.656975E-3	2.054137E+0	-2.638895E-1	6.473369E-2
1.814453E+0	1.229380E-3	1.436732E-1	1.657016E-3	-8.024359E+0	-2.656023E-1	1.054101E-1
1.817969E+0	1.251827E-3	-6.920743E+0	1.651429E-3	-1.830898E+1	-2.568977E-1	1.496770E-1
1.821484E+0	1.292710E-3	-1.462709E+1	1.653836E-3	-2.836558E+1	-2.407196E-1	1.856331E-1
1.825000E+0	1.328260E-3	-2.188601E+1	1.642577E-3	-3.815850E+1	-2.237503E-1	2.265868E-1
1.828516E+0	1.381137E-3	-2.930290E+1	1.651994E-3	-4.828227E+1	-2.094084E-1	2.719041E-1
1.832031E+0	1.455203E-3	-3.649652E+1	1.646806E-3	-5.819038E+1	-1.789354E-1	3.266394E-1
1.835547E+0	1.582561E-3	-4.365499E+1	1.652420E-3	-6.802343E+1	-1.275993E-1	3.951592E-1
1.839063E+0	1.756998E-3	-5.344206E+1	1.662557E-3	-7.798415E+1	-3.867088E-2	4.389561E-1
1.842578E+0	1.939615E-3	-6.552948E+1	1.661490E-3	-8.803498E+1	7.848939E-2	4.468462E-1
1.846094E+0	2.064106E-3	-7.920729E+1	1.669974E-3	-9.775716E+1	1.717965E-1	3.932121E-1
1.849609E+0	2.145496E-3	-9.223974E+1	1.674041E-3	-1.081871E+2	2.323029E-1	3.521322E-1
1.853125E+0	2.218670E-3	-1.052871E+2	1.685486E-3	-1.178120E+2	2.850120E-1	2.854663E-1
1.856641E+0	2.275261E-3	-1.185584E+2	1.683835E-3	-1.280857E+2	3.325997E-1	2.236535E-1
1.860156E+0	2.285796E-3	-1.316173E+2	1.683542E-3	-1.382111E+2	3.487492E-1	1.559077E-1
1.863672E+0	2.293189E-3	-1.445644E+2	1.689913E-3	-1.487078E+2	3.534397E-1	9.804628E-2
1.867188E+0	2.294914E-3	-1.580167E+2	1.685098E-3	-1.586300E+2	3.618095E-1	1.457751E-2
1.870703E+0	2.224236E-3	-1.714813E+2	1.679675E-3	-1.687551E+2	3.227075E-1	-6.298350E-2
1.874219E+0	2.112403E-3	1.761756E+2	1.679400E-3	-1.788431E+2	2.530812E-1	-1.092183E-1
1.877734E+0	2.019011E-3	1.650323E+2	1.675109E-3	1.713932E+2	1.978811E-1	-1.335362E-1
1.881250E+0	1.925174E-3	1.542945E+2	1.673251E-3	1.616512E+2	1.410878E-1	-1.473246E-1
1.884766E+0	1.854307E-3	1.447620E+2	1.671842E-3	1.517632E+2	1.008699E-1	-1.351932E-1
1.888281E+0	1.821112E-3	1.350776E+2	1.674619E-3	1.420748E+2	7.937898E-2	-1.324775E-1
1.891797E+0	1.786126E-3	1.257062E+2	1.673415E-3	1.325934E+2	5.965202E-2	-1.279918E-1
1.895313E+0	1.760994E-3	1.164552E+2	1.681438E-3	1.226172E+2	4.126327E-2	-1.124187E-1
1.898828E+0	1.735292E-3	1.070340E+2	1.694170E-3	1.129356E+2	1.884395E-2	-1.053160E-1
1.902344E+0	1.703658E-3	9.775865E+1	1.696766E-3	1.028300E+2	1.313355E-4	-8.875528E-2
1.905859E+0	1.700611E-3	8.852543E+1	1.712802E-3	9.310442E+1	-1.028664E-2	-7.926519E-2
1.909375E+0	1.689963E-3	7.906203E+1	1.722810E-3	8.307477E+1	-2.147069E-2	-6.864408E-2
1.912891E+0	1.702316E-3	6.981773E+1	1.737976E-3	7.294363E+1	-2.197547E-2	-5.341133E-2
1.916406E+0	1.694186E-3	6.013805E+1	1.744160E-3	6.291055E+1	-2.978918E-2	-4.698445E-2
1.919922E+0	1.692862E-3	5.026209E+1	1.744025E-3	5.263510E+1	-3.016856E-2	-4.019033E-2
1.923438E+0	1.684630E-3	4.049196E+1	1.750857E-3	4.235999E+1	-3.833681E-2	-3.136448E-2
1.926953E+0	1.669962E-3	3.087104E+1	1.752156E-3	3.215721E+1	-4.715033E-2	-2.139307E-2
1.930469E+0	1.656133E-3	2.132712E+1	1.750814E-3	2.193137E+1	-5.413088E-2	-9.975649E-3
1.933984E+0	1.648584E-3	1.202714E+1	1.741078E-3	1.179334E+1	-5.313244E-2	3.863790E-3
1.937500E+0	1.642309E-3	3.136306E+0	1.735114E-3	1.909596E+0	-5.370333E-2	2.026343E-2
1.941016E+0	1.641678E-3	-5.928240E+0	1.732595E-3	-7.842883E+0	-5.300346E-2	3.165740E-2
1.944531E+0	1.653586E-3	-1.497049E+1	1.723437E-3	-1.765585E+1	-4.158367E-2	4.495233E-2
1.948047E+0	1.652550E-3	-2.387209E+1	1.721752E-3	-2.738841E+1	-4.199974E-2	5.886771E-2
1.951563E+0	1.663660E-3	-3.309970E+1	1.721270E-3	-3.679033E+1	-3.547390E-2	6.221471E-2
1.955078E+0	1.696883E-3	-4.177895E+1	1.732305E-3	-4.625239E+1	-2.343201E-2	7.640208E-2
1.958594E+0	1.734804E-3	-5.109278E+1	1.732735E-3	-5.571580E+1	-2.063243E-3	8.069564E-2
1.962109E+0	1.774681E-3	-6.068391E+1	1.752150E-3	-6.529939E+1	9.574533E-3	8.150297E-2
1.965625E+0	1.820076E-3	-7.057922E+1	1.774255E-3	-7.506980E+1	2.267643E-2	8.031720E-2
1.969141E+0	1.856901E-3	-8.055984E+1	1.801432E-3	-8.468047E+1	2.812699E-2	7.406916E-2
1.972656E+0	1.890499E-3	-9.089983E+1	1.819775E-3	-9.477387E+1	3.649033E-2	7.018903E-2
1.976172E+0	1.927341E-3	-1.014421E+2	1.854946E-3	-1.048312E+2	3.721093E-2	6.142367E-2
1.979688E+0	1.965166E-3	-1.119182E+2	1.878812E-3	-1.151905E+2	4.425661E-2	5.970494E-2
1.983203E+0	2.001902E-3	-1.225564E+2	1.902063E-3	-1.258901E+2	5.070881E-2	6.120357E-2
1.986719E+0	2.028661E-3	-1.338115E+2	1.918925E-3	-1.368040E+2	5.574458E-2	5.519065E-2
1.990234E+0	2.040969E-3	-1.447914E+2	1.932374E-3	-1.475627E+2	5.496247E-2	5.106658E-2
1.993750E+0	2.046843E-3	-1.561732E+2	1.932763E-3	-1.584730E+2	5.817130E-2	4.249685E-2
1.997266E+0	2.042714E-3	-1.672751E+2	1.928573E-3	-1.692832E+2	5.853371E-2	3.711464E-2
2.000781E+0	2.024785E-3	-1.782600E+2	1.912107E-3	1.799006E+2	5.838307E-2	3.398957E-2
2.004297E+0	2.006516E-3	1.710053E+2	1.897710E-3	1.695783E+2	5.700750E-2	2.633111E-2
2.007812E+0	1.972132E-3	1.605686E+2	1.861635E-3	1.588617E+2	5.888476E-2	3.155460E-2
2.011328E+0	1.948538E-3	1.501278E+2	1.850111E-3	1.485552E+2	5.280391E-2	2.890362E-2
2.014844E+0	1.929265E-3	1.396547E+2	1.816852E-3	1.387920E+2	6.175204E-2	1.598796E-2
2.018359E+0	1.895087E-3	1.298542E+2	1.791656E-3	1.289702E+2	5.760338E-2	1.631875E-2
2.021875E+0	1.862280E-3	1.202383E+2	1.774321E-3	1.193434E+2	4.944531E-2	1.639257E-2
2.025391E+0	1.845167E-3	1.105637E+2	1.751856E-3	1.100324E+2	5.321880E-2	9.766709E-3
2.028906E+0	1.829830E-3	1.010586E+2	1.737776E-3	1.008675E+2	5.296645E-2	3.511997E-3
2.032422E+0	1.820207E-3	9.180968E+1	1.741314E-3	9.145076E+1	4.528608E-2	6.548109E-3
2.035938E+0	1.815819E-3	8.218212E+1	1.736175E-3	8.215820E+1	4.587316E-2	4.366340E-4
2.039453E+0	1.832825E-3	7.287486E+1	1.748809E-3	7.321987E+1	4.802284E-2	-6.310809E-3
2.042969E+0	1.829767E-3	6.355383E+1	1.760099E-3	6.370485E+1	3.957825E-2	-2.740123E-3
2.046484E+0	1.841763E-3	5.394826E+1	1.777141E-3	5.415102E+1	3.635641E-2	-3.667504E-3
2.050000E+0	1.855377E-3	4.434647E+1	1.791166E-3	4.447171E+1	3.584624E-2	-2.264208E-3
2.053516E+0	1.877021E-3	3.438594E+1	1.816237E-3	3.521981E+1	3.335755E-2	-1.504032E-2
2.057031E+0	1.883351E-3	2.466423E+1	1.827806E-3	2.472796E+1	3.038826E-2	-1.146100E-3
2.060547E+0	1.902304E-3	1.415292E+1	1.847111E-3	1.453384E+1	2.985796E-2	-6.846914E-3
2.064062E+0	1.908675E-3	3.747566E+0	1.857969E-3	4.577521E+0	2.718332E-2	-1.488025E-2
2.067578E+0	1.907883E-3	-6.394811E+0	1.886685E-3	-5.584927E+0	1.113456E-2	-1.429348E-2
2.071094E+0	1.910663E-3	-1.641754E+1	1.883900E-3	-1.606808E+1	1.418730E-2	-6.185836E-3
2.074609E+0	1.909837E-3	-2.683983E+1	1.898004E-3	-2.608460E+1	6.147031E-3	-1.326304E-2
2.078125E+0	1.896027E-3	-3.708871E+1	1.898166E-3	-3.653125E+1	-1.174155E-3	-9.718395E-3
2.081641E+0	1.879356E-3	-4.724708E+1	1.896705E-3	-4.696460E+1	-9.158958E-3	-4.885090E-3
2.085156E+0	1.871244E-3	-5.714543E+1	1.907027E-3	-5.685780E+1	-1.877613E-2	-4.925874E-3
2.088672E+0	1.865965E-3	-6.607387E+1	1.903265E-3	-6.681388E+1	-1.967967E-2	1.266214E-2
2.092188E+0	1.868243E-3	-7.560407E+1	1.906955E-3	-7.687520E+1	-2.054152E-2	2.173325E-2
2.095703E+0	1.872544E-3	-8.491660E+1	1.914224E-3	-8.700745E+1	-2.242511E-2	3.568972E-2
2.099219E+0	1.904226E-3	-9.458066E+1	1.918885E-3	-9.698802E+1	-8.515147E-3	4.168311E-2
2.102734E+0	1.913213E-3	-1.042437E+2	1.920801E-3	-1.074412E+2	-5.501086E-3	5.555759E-2
2.106250E+0	1.934000E-3	-1.141145E+2	1.925007E-3	-1.177371E+2	2.664220E-3	6.347936E-2
2.109766E+0	1.956079E-3	-1.242957E+2	1.931767E-3	-1.276585E+2	1.084182E-2	5.939648E-2
2.113281E+0	1.982850E-3	-1.342846E+2	1.924702E-3	-1.380556E+2	2.798090E-2	6.775583E-2
2.116797E+0	2.001432E-3	-1.448760E+2	1.926567E-3	-1.484552E+2	3.683294E-2	6.485412E-2
2.120313E+0	2.012015E-3	-1.550529E+2	1.928409E-3	-1.583816E+2	4.159462E-2	6.058146E-2
2.123828E+0	2.018952E-3	-1.657702E+2	1.920069E-3	-1.689395E+2	4.989148E-2	5.813376E-2
2.127344E+0	2.030355E-3	-1.763282E+2	1.902984E-3	-1.789269E+2	6.583502E-2	4.837505E-2
2.130859E+0	2.026565E-3	1.734786E+2	1.894578E-3	1.711847E+2	6.880848E-2	4.281381E-2
2.134375E+0	2.019753E-3	1.628239E+2	1.883397E-3	1.612723E+2	7.200577E-2	2.903758E-2
2.137891E+0	2.001297E-3	1.526085E+2	1.868223E-3	1.514351E+2	7.100562E-2	2.193693E-2
2.141406E+0	2.002422E-3	1.426799E+2	1.868538E-3	1.418367E+2	7.153569E-2	1.577052E-2
2.144922E+0	1.980267E-3	1.326192E+2	1.859759E-3	1.319545E+2	6.472599E-2	1.235266E-2
2.148437E+0	1.984762E-3	1.226900E+2	1.862157E-3	1.224916E+2	6.583392E-2	3.690713E-3
2.151953E+0	1.976871E-3	1.128841E+2	1.856795E-3	1.128141E+2	6.466763E-2	1.300738E-3
2.155469E+0	1.968851E-3	1.025643E+2	1.876462E-3	1.036544E+2	4.904585E-2	-1.996138E-2
2.158984E+0	1.964621E-3	9.294315E+1	1.873614E-3	9.374361E+1	4.847064E-2	-1.464878E-2
2.162500E+0	1.956606E-3	8.295051E+1	1.894282E-3	8.436996E+1	3.258416E-2	-2.558655E-2
2.166016E+0	1.952558E-3	7.309899E+1	1.905972E-3	7.427937E+1	2.422473E-2	-2.110357E-2
2.169531E+0	1.948962E-3	6.320073E+1	1.918005E-3	6.420007E+1	1.598565E-2	-1.772239E-2
2.173047E+0	1.956333E-3	5.336778E+1	1.937838E-3	5.425116E+1	9.424154E-3	-1.556442E-2
2.176563E+0	1.965502E-3	4.366514E+1	1.950799E-3	4.390707E+1	7.527930E-3	-4.254287E-3
2.180078E+0	1.970736E-3	3.374887E+1	1.965070E-3	3.358007E+1	2.879006E-3	2.954606E-3
2.183594E+0	1.960145E-3	2.386530E+1	1.973218E-3	2.309163E+1	-6.715780E-3	1.341322E-2
2.187109E+0	1.954863E-3	1.386825E+1	1.966305E-3	1.275392E+1	-6.007056E-3	1.933434E-2
2.190625E+0	1.953905E-3	3.968418E+0	1.956044E-3	2.365540E+0	-1.484395E-3	2.794126E-2
2.194141E+0	1.941686E-3	-5.789041E+0	1.952604E-3	-7.784223E+0	-6.194360E-3	3.462079E-2
2.197656E+0	1.938988E-3	-1.553764E+1	1.931022E-3	-1.794519E+1	3.238939E-3	4.218060E-2
2.201172E+0	1.937997E-3	-2.530446E+1	1.919598E-3	-2.782331E+1	8.609376E-3	4.436930E-2
2.204688E+0	1.927379E-3	-3.484357E+1	1.896856E-3	-3.775287E+1	1.478176E-2	5.157177E-2
2.208203E+0	1.926279E-3	-4.435399E+1	1.885674E-3	-4.747884E+1	2.001452E-2	5.568571E-2
2.211719E+0	1.938377E-3	-5.349455E+1	1.877083E-3	-5.657081E+1	3.116579E-2	5.541745E-2
2.215234E+0	1.958535E-3	-6.272110E+1	1.875655E-3	-6.588422E+1	4.259640E-2	5.761702E-2
2.218750E+0	1.977470E-3	-7.247929E+1	1.886396E-3	-7.485586E+1	4.737771E-2	4.346908E-2
2.222266E+0	2.002080E-3	-8.203555E+1	1.884273E-3	-8.422523E+1	6.174536E-2	4.059662E-2
2.225781E+0	2.023218E-3	-9.179556E+1	1.911997E-3	-9.365188E+1	5.761474E-2	3.427754E-2
2.229297E+0	2.052593E-3	-1.017964E+2	1.945220E-3	-1.032177E+2	5.487374E-2	2.617295E-2
2.232813E+0	2.092867E-3	-1.123198E+2	1.972899E-3	-1.127977E+2	6.077108E-2	8.848021E-3
2.236328E+0	2.119494E-3	-1.222864E+2	2.010559E-3	-1.225013E+2	5.417403E-2	3.953922E-3
2.239844E+0	2.149286E-3	-1.329934E+2	2.040763E-3	-1.330127E+2	5.317760E-2	3.547614E-4
2.243359E+0	2.177141E-3	-1.437312E+2	2.087090E-3	-1.434837E+2	4.313695E-2	-4.506056E-3
2.246875E+0	2.192001E-3	-1.545929E+2	2.112965E-3	-1.541982E+2	3.738064E-2	-7.146436E-3
2.250391E+0	2.201402E-3	-1.659081E+2	2.142540E-3	-1.655625E+2	2.745431E-2	-6.197534E-3
2.253906E+0	2.200628E-3	-1.770273E+2	2.146021E-3	-1.765927E+2	2.541620E-2	-7.778137E-3
2.257422E+0	2.190157E-3	1.718605E+2	2.144840E-3	1.723093E+2	2.109706E-2	-7.998455E-3
2.260938E+0	2.145393E-3	1.610466E+2	2.130698E-3	1.609550E+2	6.895514E-3	1.609747E-3
2.264453E+0	2.111273E-3	1.499906E+2	2.102033E-3	1.499906E+2	4.395745E-3	1.199395E-17
2.267969E+0	2.075611E-3	1.398571E+2	2.061471E-3	1.389679E+2	6.737929E-3	1.562529E-2
2.271484E+0	2.025370E-3	1.293711E+2	2.015455E-3	1.288957E+2	4.884893E-3	8.338018E-3
2.275000E+0	1.982570E-3	1.200617E+2	1.981664E-3	1.190135E+2	2.897746E-4	1.830188E-2
2.278516E+0	1.951773E-3	1.106936E+2	1.940032E-3	1.091108E+2	5.668105E-3	2.778872E-2
2.282031E+0	1.916869E-3	1.018334E+2	1.906939E-3	1.001526E+2	4.774803E-3	2.948402E-2
2.285547E+0	1.894477E-3	9.294578E+1	1.880910E-3	9.083202E+1	6.527655E-3	3.714975E-2
2.289062E+0	1.893634E-3	8.380386E+1	1.858685E-3	8.194884E+1	1.826916E-2	3.297922E-2
2.292578E+0	1.900590E-3	7.532387E+1	1.849891E-3	7.327428E+1	2.674919E-2	3.674464E-2
2.296094E+0	1.908334E-3	6.637791E+1	1.853493E-3	6.418788E+1	2.883589E-2	3.934460E-2
2.299609E+0	1.933734E-3	5.778796E+1	1.866381E-3	5.551340E+1	3.527117E-2	4.112038E-2
2.303125E+0	1.959660E-3	4.838371E+1	1.889216E-3	4.620095E+1	3.653479E-2	3.950731E-2
2.306641E+0	2.008358E-3	3.883512E+1	1.911862E-3	3.744386E+1	5.016259E-2	2.550513E-2
2.310156E+0	2.042955E-3	2.904936E+1	1.940750E-3	2.776275E+1	5.239724E-2	2.363616E-2
2.313672E+0	2.088151E-3	1.884772E+1	1.992844E-3	1.811174E+1	4.773817E-2	1.345922E-2
2.317188E+0	2.123671E-3	8.342188E+0	2.027004E-3	8.143396E+0	4.768329E-2	3.635030E-3
2.320703E+0	2.154624E-3	-2.297686E+0	2.063213E-3	-2.382788E+0	4.430402E-2	1.551116E-3
2.324219E+0	2.175824E-3	-1.276517E+1	2.097617E-3	-1.276134E+1	3.728373E-2	-6.933838E-5
2.327734E+0	2.181233E-3	-2.369990E+1	2.117981E-3	-2.347636E+1	2.985645E-2	-4.018015E-3
2.331250E+0	2.178364E-3	-3.443655E+1	2.129068E-3	-3.435236E+1	2.315269E-2	-1.503414E-3
2.334766E+0	2.167842E-3	-4.544018E+1	2.122046E-3	-4.491880E+1	2.153876E-2	-9.296053E-3
2.338281E+0	2.158355E-3	-5.576126E+1	2.134587E-3	-5.563976E+1	1.113243E-2	-2.144185E-3
2.341797E+0	2.138859E-3	-6.601498E+1	2.117121E-3	-6.629705E+1	1.025547E-2	4.973579E-3
2.345313E+0	2.109579E-3	-7.608199E+1	2.096074E-3	-7.656116E+1	6.407802E-3	8.416879E-3
2.348828E+0	2.085022E-3	-8.606602E+1	2.076387E-3	-8.673744E+1	4.089720E-3	1.176695E-2
2.352344E+0	2.073344E-3	-9.564403E+1	2.059994E-3	-9.670914E+1	6.306699E-3	1.870907E-2
2.355859E+0	2.063243E-3	-1.051454E+2	2.046547E-3	-1.065663E+2	7.848134E-3	2.499914E-2
2.359375E+0	2.063390E-3	-1.144277E+2	2.043195E-3	-1.159087E+2	9.546679E-3	2.610091E-2
2.362891E+0	2.070815E-3	-1.237884E+2	2.040474E-3	-1.257654E+2	1.426549E-2	3.501129E-2
2.366406E+0	2.081806E-3	-1.332084E+2	2.039572E-3	-1.353795E+2	1.997457E-2	3.866825E-2
2.369922E+0	2.098664E-3	-1.430072E+2	2.047046E-3	-1.449538E+2	2.462422E-2	3.482458E-2
2.373438E+0	2.118343E-3	-1.527872E+2	2.061086E-3	-1.546691E+2	2.722567E-2	3.375173E-2
2.376953E+0	2.146604E-3	-1.629232E+2	2.072647E-3	-1.646500E+2	3.521206E-2	3.120903E-2
2.380469E+0	2.169546E-3	-1.731100E+2	2.083495E-3	-1.745669E+2	4.096466E-2	2.647505E-2
2.383984E+0	2.198442E-3	1.764300E+2	2.100619E-3	1.751271E+2	4.629807E-2	2.379681E-2
2.387500E+0	2.205016E-3	1.657343E+2	2.096197E-3	1.647663E+2	5.176246E-2	1.777099E-2
2.391016E+0	2.209263E-3	1.551159E+2	2.107550E-3	1.543877E+2	4.817659E-2	1.332250E-2
2.394531E+0	2.197926E-3	1.444104E+2	2.109149E-3	1.440297E+2	4.206838E-2	6.924092E-3
2.398047E+0	2.180490E-3	1.337389E+2	2.107975E-3	1.337685E+2	3.440018E-2	-5.343892E-4
2.401563E+0	2.153664E-3	1.234699E+2	2.091985E-3	1.236222E+2	2.947984E-2	-2.736504E-3
2.405078E+0	2.140724E-3	1.135029E+2	2.073090E-3	1.133948E+2	3.262289E-2	1.948253E-3
2.408594E+0	2.095362E-3	1.033575E+2	2.065254E-3	1.037184E+2	1.455822E-2	-6.390678E-3
2.412109E+0	2.069184E-3	9.383913E+1	2.046124E-3	9.401849E+1	1.126513E-2	-3.165698E-3
2.415625E+0	2.047776E-3	8.449984E+1	2.033453E-3	8.409585E+1	7.018651E-3	7.100562E-3
2.419141E+0	2.041036E-3	7.514763E+1	2.022840E-3	7.459664E+1	8.948619E-3	9.702944E-3
2.422656E+0	2.035234E-3	6.606540E+1	2.019252E-3	6.505757E+1	7.758888E-3	1.772826E-2
2.426172E+0	2.037833E-3	5.699150E+1	2.028962E-3	5.567604E+1	4.107485E-3	2.305746E-2
2.429687E+0	2.041771E-3	4.772293E+1	2.028997E-3	4.618896E+1	5.935095E-3	2.693816E-2
2.433203E+0	2.070660E-3	3.823849E+1	2.039161E-3	3.675719E+1	1.510769E-2	2.625000E-2
2.436719E+0	2.089506E-3	2.868437E+1	2.049854E-3	2.713629E+1	1.897176E-2	2.753839E-2
2.440234E+0	2.124771E-3	1.888654E+1	2.075127E-3	1.756001E+1	2.364894E-2	2.370408E-2
2.443750E+0	2.154235E-3	8.972116E+0	2.102662E-3	7.375907E+0	2.412992E-2	2.853872E-2
2.447266E+0	2.185587E-3	-9.600006E-1	2.123872E-3	-2.561599E+0	2.865576E-2	2.876168E-2
2.450781E+0	2.203871E-3	-1.144672E+1	2.147194E-3	-1.263400E+1	2.617549E-2	2.126740E-2
2.454297E+0	2.233179E-3	-2.176130E+1	2.167807E-3	-2.318760E+1	2.983665E-2	2.564167E-2
2.457813E+0	2.245658E-3	-3.232262E+1	2.173987E-3	-3.357812E+1	3.271955E-2	2.263320E-2
2.461328E+0	2.255006E-3	-4.306372E+1	2.175622E-3	-4.406846E+1	3.632859E-2	1.817494E-2
2.464844E+0	2.251824E-3	-5.362552E+1	2.164699E-3	-5.457632E+1	4.010486E-2	1.726170E-2
2.468359E+0	2.234451E-3	-6.430435E+1	2.162770E-3	-6.440131E+1	3.314167E-2	1.748358E-3
2.471875E+0	2.214187E-3	-7.455959E+1	2.150706E-3	-7.494532E+1	2.949302E-2	6.930918E-3
2.475391E+0	2.205207E-3	-8.482573E+1	2.133955E-3	-8.508947E+1	3.337870E-2	4.756811E-3
2.478906E+0	2.169079E-3	-9.436981E+1	2.114164E-3	-9.489693E+1	2.593139E-2	9.438814E-3
2.482422E+0	2.164841E-3	-1.042947E+2	2.103764E-3	-1.045730E+2	2.902011E-2	4.998249E-3
2.485938E+0	2.151585E-3	-1.138898E+2	2.110593E-3	-1.140502E+2	1.941804E-2	2.853877E-3
2.489453E+0	2.134308E-3	-1.233138E+2	2.101839E-3	-1.236398E+2	1.543146E-2	5.777637E-3
2.492969E+0	2.145125E-3	-1.324859E+2	2.113951E-3	-1.330429E+2	1.469884E-2	9.864689E-3
2.496484E+0	2.152010E-3	-1.419807E+2	2.105197E-3	-1.426663E+2	2.216369E-2	1.223177E-2
2.500000E+0	2.157439E-3	-1.514850E+2	2.131265E-3	-1.521398E+2	1.221486E-2	1.156852E-2
