7.035156E-1	7.610612E-4	-9.976052E+1	7.707571E-4	-9.884908E+1	-1.270464E-2	-1.570685E-2
7.070312E-1	7.584002E-4	-1.095207E+2	7.691301E-4	-1.083037E+2	-1.417312E-2	-2.094276E-2
7.105469E-1	7.649305E-4	-1.195159E+2	7.701315E-4	-1.178049E+2	-7.196235E-3	-2.965650E-2
7.140625E-1	7.756689E-4	-1.291671E+2	7.830700E-4	-1.280021E+2	-9.656146E-3	-2.013952E-2
7.175781E-1	7.730081E-4	-1.392068E+2	7.933333E-4	-1.377382E+2	-2.594006E-2	-2.497248E-2
7.210938E-1	7.881148E-4	-1.486282E+2	7.910463E-4	-1.479861E+2	-3.768414E-3	-1.116499E-2
7.246094E-1	7.846954E-4	-1.590600E+2	7.959216E-4	-1.575719E+2	-1.443716E-2	-2.560304E-2
7.281250E-1	7.951870E-4	-1.691045E+2	8.052302E-4	-1.674808E+2	-1.286897E-2	-2.798171E-2
7.316406E-1	8.041992E-4	-1.793796E+2	8.057008E-4	-1.780140E+2	-2.147211E-3	-2.378754E-2
7.351563E-1	7.984137E-4	1.709966E+2	8.112215E-4	1.724573E+2	-1.610811E-2	-2.508880E-2
7.386719E-1	8.070513E-4	1.607231E+2	8.092749E-4	1.620963E+2	-3.034047E-3	-2.389872E-2
7.421875E-1	7.966264E-4	1.507877E+2	8.155188E-4	1.522737E+2	-2.349463E-2	-2.533193E-2
7.457031E-1	7.983678E-4	1.406042E+2	8.148808E-4	1.420794E+2	-2.058904E-2	-2.522256E-2
7.492188E-1	8.023544E-4	1.312011E+2	8.162811E-4	1.322723E+2	-1.723294E-2	-1.837592E-2
7.527344E-1	8.049731E-4	1.209805E+2	8.065744E-4	1.224338E+2	-2.306342E-3	-2.531180E-2
7.562500E-1	8.079627E-4	1.112278E+2	8.166178E-4	1.129396E+2	-1.104026E-2	-2.955550E-2
7.597656E-1	8.080772E-4	1.014458E+2	8.208613E-4	1.029471E+2	-1.591193E-2	-2.579160E-2
7.632813E-1	8.160022E-4	9.187980E+1	8.194511E-4	9.354417E+1	-4.628902E-3	-2.892241E-2
7.667969E-1	8.195651E-4	8.197649E+1	8.258487E-4	8.344051E+1	-7.932608E-3	-2.535479E-2
7.703125E-1	8.376052E-4	7.166224E+1	8.357021E-4	7.353336E+1	1.742834E-3	-3.272576E-2
7.738281E-1	8.332521E-4	6.209564E+1	8.467946E-4	6.395105E+1	-1.650856E-2	-3.185955E-2
7.773437E-1	8.461278E-4	5.203903E+1	8.562122E-4	5.369023E+1	-1.218827E-2	-2.847551E-2
7.808594E-1	8.527306E-4	4.189024E+1	8.680671E-4	4.371762E+1	-1.816699E-2	-3.132501E-2
7.843750E-1	8.611216E-4	3.180716E+1	8.757318E-4	3.355632E+1	-1.714161E-2	-3.001462E-2
7.878906E-1	8.625972E-4	2.124866E+1	8.813078E-4	2.315748E+1	-2.177361E-2	-3.260186E-2
7.914063E-1	8.722995E-4	1.149043E+1	8.772943E-4	1.280339E+1	-5.954468E-3	-2.278301E-2
7.949219E-1	8.754103E-4	8.179546E-1	8.898531E-4	2.813746E+0	-1.682731E-2	-3.426084E-2
7.984375E-1	8.808463E-4	-9.504633E+0	8.811677E-4	-7.700778E+0	-8.601178E-4	-3.146653E-2
8.019531E-1	8.732148E-4	-1.990818E+1	8.877084E-4	-1.794245E+1	-1.690585E-2	-3.374169E-2
8.054688E-1	8.715937E-4	-3.004337E+1	8.848335E-4	-2.800097E+1	-1.558881E-2	-3.510579E-2
8.089844E-1	8.694004E-4	-4.040223E+1	8.919057E-4	-3.821011E+1	-2.594617E-2	-3.728521E-2
8.125000E-1	8.733470E-4	-4.980418E+1	8.875509E-4	-4.811599E+1	-1.643058E-2	-2.898875E-2
8.160156E-1	8.682358E-4	-6.019436E+1	8.887952E-4	-5.835926E+1	-2.363277E-2	-3.128231E-2
8.195313E-1	8.632547E-4	-6.999573E+1	8.792656E-4	-6.801121E+1	-1.879826E-2	-3.399890E-2
8.230469E-1	8.755216E-4	-7.997370E+1	8.743691E-4	-7.764533E+1	4.914064E-4	-4.068009E-2
8.265625E-1	8.694442E-4	-8.938446E+1	8.833521E-4	-8.719278E+1	-1.646446E-2	-3.764059E-2
8.300781E-1	8.708320E-4	-9.905814E+1	8.779084E-4	-9.717712E+1	-8.595034E-3	-3.255952E-2
8.335938E-1	8.773901E-4	-1.089306E+2	8.877230E-4	-1.066419E+2	-1.242820E-2	-3.946990E-2
8.371094E-1	8.795215E-4	-1.186475E+2	8.948481E-4	-1.164829E+2	-1.782893E-2	-3.712349E-2
8.406250E-1	8.826925E-4	-1.286903E+2	8.967381E-4	-1.265566E+2	-1.634546E-2	-3.664833E-2
8.441406E-1	8.922213E-4	-1.383266E+2	9.092127E-4	-1.358883E+2	-1.957650E-2	-4.174846E-2
8.476562E-1	8.991831E-4	-1.482022E+2	9.124686E-4	-1.458933E+2	-1.535998E-2	-3.970042E-2
8.511719E-1	9.069406E-4	-1.584648E+2	9.179160E-4	-1.558680E+2	-1.297149E-2	-4.476546E-2
8.546875E-1	9.133446E-4	-1.685444E+2	9.272920E-4	-1.659468E+2	-1.605308E-2	-4.463947E-2
8.582031E-1	9.228461E-4	-1.785642E+2	9.248068E-4	-1.761856E+2	-2.979891E-3	-4.141449E-2
8.617188E-1	9.283297E-4	1.709142E+2	9.359894E-4	1.738802E+2	-9.512155E-3	-5.131990E-2
8.652344E-1	9.220535E-4	1.610406E+2	9.363877E-4	1.634576E+2	-1.618400E-2	-4.152653E-2
8.687500E-1	9.288963E-4	1.510818E+2	9.387560E-4	1.535355E+2	-1.141017E-2	-4.236240E-2
8.722656E-1	9.293432E-4	1.410660E+2	9.311928E-4	1.434216E+2	-2.829611E-3	-4.101976E-2
8.757813E-1	9.282485E-4	1.307387E+2	9.378988E-4	1.337579E+2	-1.166305E-2	-5.212865E-2
8.792969E-1	9.270356E-4	1.211826E+2	9.323893E-4	1.238176E+2	-6.793171E-3	-4.570924E-2
8.828125E-1	9.198398E-4	1.113601E+2	9.292410E-4	1.137334E+2	-1.096616E-2	-4.099111E-2
8.863281E-1	9.265176E-4	1.012584E+2	9.315209E-4	1.041518E+2	-6.639083E-3	-5.020677E-2
8.898438E-1	9.292078E-4	9.165960E+1	9.340863E-4	9.445557E+1	-6.406963E-3	-4.852475E-2
8.933594E-1	9.356193E-4	8.195196E+1	9.384524E-4	8.483424E+1	-4.280131E-3	-5.013226E-2
8.968750E-1	9.490376E-4	7.238746E+1	9.519053E-4	7.522974E+1	-4.239066E-3	-4.943742E-2
9.003906E-1	9.512212E-4	6.238416E+1	9.534772E-4	6.545734E+1	-3.800799E-3	-5.348455E-2
9.039063E-1	9.613265E-4	5.248141E+1	9.660582E-4	5.557434E+1	-6.347475E-3	-5.369133E-2
9.074219E-1	9.778409E-4	4.226602E+1	9.743210E-4	4.588486E+1	1.611494E-3	-6.334671E-2
9.109375E-1	9.843317E-4	3.252969E+1	9.890039E-4	3.571680E+1	-6.263543E-3	-5.533423E-2
9.144531E-1	1.000783E-3	2.220646E+1	9.919110E-4	2.544963E+1	7.328447E-3	-5.707979E-2
9.179688E-1	1.016486E-3	1.206397E+1	1.009988E-3	1.547250E+1	4.653346E-3	-5.983751E-2
9.214844E-1	1.026306E-3	1.760230E+0	1.023682E-3	4.789417E+0	1.162459E-3	-5.298012E-2
9.250000E-1	1.033444E-3	-8.896770E+0	1.018063E-3	-5.399826E+0	1.321803E-2	-6.191682E-2
9.285156E-1	1.034763E-3	-1.955209E+1	1.027404E-3	-1.603319E+1	5.263815E-3	-6.181742E-2
9.320313E-1	1.035366E-3	-3.032002E+1	1.028119E-3	-2.675777E+1	5.103058E-3	-6.257091E-2
9.355469E-1	1.034165E-3	-4.075148E+1	1.020790E-3	-3.686287E+1	1.077021E-2	-6.870553E-2
9.390625E-1	1.031148E-3	-5.096431E+1	1.017346E-3	-4.753358E+1	1.175024E-2	-6.065361E-2
9.425781E-1	1.033633E-3	-6.128249E+1	1.011870E-3	-5.722301E+1	1.894484E-2	-7.231460E-2
9.460938E-1	1.027334E-3	-7.147196E+1	1.008705E-3	-6.776573E+1	1.633820E-2	-6.583462E-2
9.496094E-1	1.032839E-3	-8.113451E+1	1.003297E-3	-7.751089E+1	2.738681E-2	-6.506292E-2
9.531250E-1	1.030148E-3	-9.127002E+1	9.967942E-4	-8.690489E+1	3.046327E-2	-7.865901E-2
9.566406E-1	1.032489E-3	-1.005911E+2	9.891537E-4	-9.647955E+1	4.112408E-2	-7.483966E-2
9.601563E-1	1.044618E-3	-1.101042E+2	9.892281E-4	-1.060240E+2	5.331656E-2	-7.513681E-2
9.636719E-1	1.051353E-3	-1.195256E+2	9.911641E-4	-1.154351E+2	5.802340E-2	-7.566373E-2
9.671875E-1	1.065606E-3	-1.290917E+2	9.984650E-4	-1.249774E+2	6.449383E-2	-7.657092E-2
9.707031E-1	1.083812E-3	-1.385966E+2	1.010770E-3	-1.345997E+2	6.965578E-2	-7.473946E-2
9.742188E-1	1.102378E-3	-1.485512E+2	1.016337E-3	-1.442695E+2	8.163070E-2	-8.098081E-2
9.777344E-1	1.122511E-3	-1.581416E+2	1.021240E-3	-1.539231E+2	9.618686E-2	-8.085479E-2
9.812500E-1	1.153533E-3	-1.680141E+2	1.030436E-3	-1.637226E+2	1.163224E-1	-8.377016E-2
9.847656E-1	1.186768E-3	-1.783169E+2	1.048878E-3	-1.738596E+2	1.280422E-1	-8.793301E-2
9.882813E-1	1.218944E-3	1.710981E+2	1.057831E-3	1.758627E+2	1.483231E-1	-9.571293E-2
9.917969E-1	1.238296E-3	1.612711E+2	1.064834E-3	1.657700E+2	1.593174E-1	-9.121787E-2
9.953125E-1	1.275462E-3	1.504811E+2	1.074426E-3	1.555244E+2	1.825143E-1	-1.043572E-1
9.988281E-1	1.305425E-3	1.400382E+2	1.076644E-3	1.450064E+2	2.079391E-1	-1.050055E-1
1.002344E+0	1.333287E-3	1.294124E+2	1.081156E-3	1.345318E+2	2.282856E-1	-1.100408E-1
1.005859E+0	1.354779E-3	1.192044E+2	1.074881E-3	1.243740E+2	2.552722E-1	-1.135672E-1
1.009375E+0	1.413507E-3	1.089014E+2	1.079053E-3	1.140583E+2	3.046491E-1	-1.177429E-1
1.012891E+0	1.457076E-3	9.822348E+1	1.069826E-3	1.036094E+2	3.559617E-1	-1.278399E-1
1.016406E+0	1.509040E-3	8.845484E+1	1.071048E-3	9.409535E+1	4.021159E-1	-1.384796E-1
1.019922E+0	1.613117E-3	7.867525E+1	1.068453E-3	8.433132E+1	5.024184E-1	-1.487980E-1
1.023437E+0	1.737308E-3	6.755235E+1	1.068385E-3	7.441762E+1	6.144475E-1	-1.943768E-1
1.026953E+0	1.881623E-3	5.612672E+1	1.062626E-3	6.491664E+1	7.499326E-1	-2.705886E-1
1.030469E+0	2.072664E-3	4.262887E+1	1.067191E-3	5.536031E+1	8.944172E-1	-4.280178E-1
1.033984E+0	2.285267E-3	2.706873E+1	1.062480E-3	4.542472E+1	1.041439E+0	-6.773553E-1
1.037500E+0	2.454262E-3	1.103804E+1	1.072865E-3	3.586966E+1	1.076082E+0	-9.606751E-1
1.041016E+0	2.636711E-3	-5.314635E+0	1.079625E-3	2.612375E+1	1.083729E+0	-1.273831E+0
1.044531E+0	2.722680E-3	-2.329971E+1	1.091534E-3	1.654183E+1	9.152185E-1	-1.598054E+0
1.048047E+0	2.793035E-3	-4.046324E+1	1.095029E-3	6.590800E+0	7.377785E-1	-1.867067E+0
1.051562E+0	2.864579E-3	-5.813184E+1	1.112809E-3	-3.430435E+0	4.874623E-1	-2.100928E+0
1.055078E+0	2.931711E-3	-7.543149E+1	1.124408E-3	-1.351318E+1	2.273518E-1	-2.300395E+0
1.058594E+0	2.947259E-3	-9.254498E+1	1.132083E-3	-2.358302E+1	-6.541330E-2	-2.429858E+0
1.062109E+0	2.945106E-3	-1.103473E+2	1.140320E-3	-3.390658E+1	-3.944824E-1	-2.510716E+0
1.065625E+0	2.900947E-3	-1.291239E+2	1.142602E-3	-4.430231E+1	-7.708461E-1	-2.528533E+0
1.069141E+0	2.879121E-3	-1.482876E+2	1.147315E-3	-5.436973E+1	-1.171461E+0	-2.503578E+0
1.072656E+0	2.848766E-3	-1.671643E+2	1.150092E-3	-6.468554E+1	-1.535222E+0	-2.418474E+0
1.076172E+0	2.791767E-3	1.735027E+2	1.144768E-3	-7.494982E+1	-1.895673E+0	-2.268285E+0
1.079688E+0	2.849717E-3	1.533223E+2	1.150346E-3	-8.495363E+1	-2.302620E+0	-2.107141E+0
1.083203E+0	2.891852E-3	1.330131E+2	1.144195E-3	-9.487231E+1	-2.694922E+0	-1.874847E+0
1.086719E+0	2.954442E-3	1.107894E+2	1.139987E-3	-1.048750E+2	-3.105572E+0	-1.511024E+0
1.090234E+0	2.995221E-3	8.869464E+1	1.139741E-3	-1.145876E+2	-3.413984E+0	-1.038739E+0
1.093750E+0	3.055312E-3	6.935690E+1	1.145125E-3	-1.244849E+2	-3.590622E+0	-6.383221E-1
1.097266E+0	3.131265E-3	4.937544E+1	1.148679E-3	-1.342518E+2	-3.720510E+0	-1.724585E-1
1.100781E+0	3.207921E-3	3.021941E+1	1.151752E-3	-1.440175E+2	-3.771175E+0	2.796822E-1
1.104297E+0	3.311680E-3	1.193540E+1	1.156667E-3	-1.535736E+2	-3.772038E+0	7.164333E-1
1.107813E+0	3.494661E-3	-5.766296E+0	1.154676E-3	-1.634735E+2	-3.800319E+0	1.148083E+0
1.111328E+0	3.635107E-3	-2.365897E+1	1.169304E-3	-1.736357E+2	-3.691650E+0	1.555483E+0
1.114844E+0	3.733761E-3	-4.204094E+1	1.176513E-3	1.761707E+2	-3.493583E+0	1.963077E+0
1.118359E+0	3.866955E-3	-6.103037E+1	1.185140E-3	1.660536E+2	-3.221771E+0	2.389569E+0
1.121875E+0	3.968476E-3	-7.872119E+1	1.189249E-3	1.562755E+2	-2.914159E+0	2.733367E+0
1.125391E+0	4.044492E-3	-9.544726E+1	1.194890E-3	1.460699E+2	-2.614207E+0	2.975125E+0
1.128906E+0	4.199327E-3	-1.126358E+2	1.195080E-3	1.357428E+2	-2.294753E+0	3.266608E+0
1.132422E+0	4.371203E-3	-1.295578E+2	1.199145E-3	1.255019E+2	-1.939795E+0	3.522038E+0
1.135938E+0	4.551500E-3	-1.461633E+2	1.197241E-3	1.154465E+2	-1.554714E+0	3.760969E+0
1.139453E+0	4.672983E-3	-1.626962E+2	1.196804E-3	1.052997E+2	-1.136546E+0	3.902163E+0
1.142969E+0	4.782357E-3	-1.778972E+2	1.194051E-3	9.546800E+1	-7.648973E-1	3.998247E+0
1.146484E+0	4.933646E-3	1.656327E+2	1.189580E-3	8.564792E+1	-2.787292E-1	4.084185E+0
1.150000E+0	5.022831E-3	1.490042E+2	1.181929E-3	7.555463E+1	2.105629E-1	4.073622E+0
1.153516E+0	5.091082E-3	1.338491E+2	1.184317E-3	6.577933E+1	6.054852E-1	3.987689E+0
1.157031E+0	5.220145E-3	1.184310E+2	1.184951E-3	5.649835E+1	1.072766E+0	3.887275E+0
1.160547E+0	5.228849E-3	1.039741E+2	1.182829E-3	4.664761E+1	1.386482E+0	3.721111E+0
1.164062E+0	5.284455E-3	8.995360E+1	1.195339E-3	3.752917E+1	1.695887E+0	3.503770E+0
1.167578E+0	5.355592E-3	7.649698E+1	1.204312E-3	2.777775E+1	1.933915E+0	3.341867E+0
1.171094E+0	5.483285E-3	6.330361E+1	1.206902E-3	1.807490E+1	2.199730E+0	3.225377E+0
1.174609E+0	5.585281E-3	4.888534E+1	1.217960E-3	8.267381E+0	2.480906E+0	2.985390E+0
1.178125E+0	5.601246E-3	3.495089E+1	1.227229E-3	-1.499824E+0	2.671250E+0	2.711698E+0
1.181641E+0	5.636850E-3	2.130426E+1	1.238695E-3	-1.141379E+1	2.828635E+0	2.459643E+0
1.185156E+0	5.712240E-3	7.528417E+0	1.253576E-3	-2.138787E+1	2.988652E+0	2.203334E+0
1.188672E+0	5.830819E-3	-6.096365E+0	1.263791E-3	-3.162471E+1	3.163322E+0	1.988332E+0
1.192188E+0	5.881199E-3	-2.064334E+1	1.272171E-3	-4.190104E+1	3.308412E+0	1.676117E+0
1.195703E+0	5.856492E-3	-3.519850E+1	1.281276E-3	-5.214185E+1	3.372424E+0	1.332058E+0
1.199219E+0	5.835723E-3	-4.920144E+1	1.284629E-3	-6.231086E+1	3.424341E+0	1.030343E+0
1.202734E+0	5.862033E-3	-6.352180E+1	1.283753E-3	-7.270155E+1	3.507842E+0	7.284763E-1
1.206250E+0	5.862366E-3	-7.861163E+1	1.285600E-3	-8.296848E+1	3.546846E+0	3.464164E-1
1.209766E+0	5.886416E-3	-9.326258E+1	1.280101E-3	-9.327865E+1	3.598399E+0	1.289733E-3
1.213281E+0	5.869014E-3	-1.080693E+2	1.281045E-3	-1.032152E+2	3.564995E+0	-3.876745E-1
1.216797E+0	5.818015E-3	-1.235934E+2	1.280365E-3	-1.133928E+2	3.472204E+0	-8.047249E-1
1.220313E+0	5.756075E-3	-1.387124E+2	1.273551E-3	-1.232540E+2	3.356201E+0	-1.204676E+0
1.223828E+0	5.628120E-3	-1.534562E+2	1.278004E-3	-1.333597E+2	3.135709E+0	-1.513168E+0
1.227344E+0	5.542952E-3	-1.676436E+2	1.277988E-3	-1.431075E+2	2.945594E+0	-1.801114E+0
1.230859E+0	5.379768E-3	1.782228E+2	1.274228E-3	-1.528515E+2	2.695280E+0	-2.042067E+0
1.234375E+0	5.274561E-3	1.646900E+2	1.274327E-3	-1.626177E+2	2.483394E+0	-2.235638E+0
1.237891E+0	5.155311E-3	1.519364E+2	1.288248E-3	-1.726345E+2	2.260801E+0	-2.319824E+0
1.241406E+0	5.075613E-3	1.381895E+2	1.293922E-3	1.776810E+2	2.027189E+0	-2.494668E+0
1.244922E+0	4.952037E-3	1.234936E+2	1.290206E-3	1.678082E+2	1.746271E+0	-2.681340E+0
1.248438E+0	4.859924E-3	1.094282E+2	1.299317E-3	1.579839E+2	1.475718E+0	-2.803778E+0
1.251953E+0	4.794368E-3	9.518999E+1	1.302368E-3	1.478387E+2	1.233427E+0	-2.926354E+0
1.255469E+0	4.666713E-3	8.019116E+1	1.306007E-3	1.378213E+2	9.130654E-1	-3.018017E+0
1.258984E+0	4.522089E-3	6.363491E+1	1.307386E-3	1.275843E+2	5.190179E-1	-3.107479E+0
1.262500E+0	4.366077E-3	4.790065E+1	1.309978E-3	1.177134E+2	1.501618E-1	-3.128196E+0
1.266016E+0	4.166028E-3	3.145213E+1	1.311547E-3	1.077390E+2	-2.469947E-1	-3.085878E+0
1.269531E+0	4.016072E-3	1.538858E+1	1.311581E-3	9.789964E+1	-6.009137E-1	-3.035890E+0
1.273047E+0	3.806212E-3	-1.418758E+0	1.310983E-3	8.777242E+1	-9.590162E-1	-2.903037E+0
1.276563E+0	3.576192E-3	-1.727345E+1	1.307790E-3	7.780386E+1	-1.242006E+0	-2.723801E+0
1.280078E+0	3.429519E-3	-3.410434E+1	1.310783E-3	6.832543E+1	-1.563159E+0	-2.555063E+0
1.283594E+0	3.277790E-3	-5.072676E+1	1.312507E-3	5.856773E+1	-1.825184E+0	-2.357081E+0
1.287109E+0	3.133791E-3	-6.758415E+1	1.314770E-3	4.908880E+1	-2.069959E+0	-2.129881E+0
1.290625E+0	3.006391E-3	-8.526374E+1	1.319266E-3	3.941289E+1	-2.296530E+0	-1.874061E+0
1.294141E+0	2.849639E-3	-1.026892E+2	1.330046E-3	2.976079E+1	-2.446081E+0	-1.580888E+0
1.297656E+0	2.662406E-3	-1.212109E+2	1.331502E-3	2.023302E+1	-2.563646E+0	-1.246281E+0
1.301172E+0	2.566398E-3	-1.364391E+2	1.352531E-3	1.042046E+1	-2.588821E+0	-1.037338E+0
1.304687E+0	2.554247E-3	-1.535055E+2	1.363425E-3	3.288730E-1	-2.681424E+0	-8.261106E-1
1.308203E+0	2.548339E-3	-1.715755E+2	1.381904E-3	-9.443582E+0	-2.755130E+0	-5.658120E-1
1.311719E+0	2.497944E-3	1.686368E+2	1.393406E-3	-1.958368E+1	-2.774270E+0	-2.563236E-1
1.315234E+0	2.511821E-3	1.476486E+2	1.408851E-3	-2.991021E+1	-2.781268E+0	7.594010E-2
1.318750E+0	2.564210E-3	1.259779E+2	1.416692E-3	-4.021975E+1	-2.757734E+0	4.318172E-1
1.322266E+0	2.642319E-3	1.061186E+2	1.419128E-3	-5.069185E+1	-2.711501E+0	7.331807E-1
1.325781E+0	2.743526E-3	8.626579E+1	1.432245E-3	-6.100526E+1	-2.611426E+0	1.035668E+0
1.329297E+0	2.901444E-3	6.568670E+1	1.428899E-3	-7.167176E+1	-2.493682E+0	1.375511E+0
1.332813E+0	3.055229E-3	4.660977E+1	1.432619E-3	-8.168364E+1	-2.321559E+0	1.673780E+0
1.336328E+0	3.266610E-3	2.799284E+1	1.422236E-3	-9.206362E+1	-2.150366E+0	1.987966E+0
1.339844E+0	3.519978E-3	8.931590E+0	1.423059E-3	-1.023954E+2	-1.899598E+0	2.304142E+0
1.343359E+0	3.699148E-3	-9.372847E+0	1.411749E-3	-1.122570E+2	-1.584267E+0	2.554288E+0
1.346875E+0	3.935650E-3	-2.774916E+1	1.413102E-3	-1.219970E+2	-1.206296E+0	2.777463E+0
1.350391E+0	4.121095E-3	-4.590170E+1	1.408870E-3	-1.319097E+2	-7.963623E-1	2.918010E+0
1.353906E+0	4.248873E-3	-6.270881E+1	1.399986E-3	-1.417712E+2	-4.241506E-1	2.979808E+0
1.357422E+0	4.342423E-3	-7.795807E+1	1.404110E-3	-1.515517E+2	-1.264864E-1	2.966727E+0
1.360938E+0	4.509523E-3	-9.326682E+1	1.410282E-3	-1.611102E+2	2.059433E-1	2.961481E+0
1.364453E+0	4.701765E-3	-1.085898E+2	1.411080E-3	-1.706803E+2	5.596458E-1	2.944478E+0
1.367969E+0	4.859908E-3	-1.250894E+2	1.417280E-3	1.795865E+2	9.508955E-1	2.819985E+0
1.371484E+0	4.952573E-3	-1.416328E+2	1.428584E-3	1.697384E+2	1.291309E+0	2.601615E+0
1.375000E+0	5.031078E-3	-1.579921E+2	1.439361E-3	1.597524E+2	1.587100E+0	2.350409E+0
1.378516E+0	5.109232E-3	-1.738229E+2	1.446136E-3	1.496796E+2	1.840137E+0	2.101399E+0
1.382031E+0	5.185546E-3	1.712829E+2	1.454592E-3	1.394445E+2	2.028564E+0	1.880601E+0
1.385547E+0	5.259950E-3	1.562847E+2	1.462543E-3	1.292007E+2	2.202055E+0	1.637446E+0
1.389063E+0	5.318190E-3	1.407022E+2	1.467462E-3	1.191018E+2	2.369569E+0	1.334134E+0
1.392578E+0	5.318139E-3	1.257175E+2	1.462296E-3	1.091327E+2	2.485543E+0	1.038079E+0
1.396094E+0	5.353329E-3	1.103221E+2	1.456279E-3	9.891924E+1	2.603472E+0	7.267747E-1
1.399609E+0	5.367161E-3	9.512790E+1	1.451788E-3	8.882425E+1	2.674580E+0	4.059143E-1
1.403125E+0	5.378168E-3	7.974784E+1	1.451361E-3	7.897509E+1	2.705266E+0	4.997607E-2
1.406641E+0	5.349623E-3	6.372294E+1	1.446543E-3	6.887453E+1	2.683274E+0	-3.320666E-1
1.410156E+0	5.225040E-3	4.819339E+1	1.439497E-3	5.926890E+1	2.562163E+0	-6.972875E-1
1.413672E+0	5.084435E-3	3.257587E+1	1.434336E-3	4.969688E+1	2.387713E+0	-1.043557E+0
1.417188E+0	4.918731E-3	1.859103E+1	1.432042E-3	4.023571E+1	2.192579E+0	-1.266912E+0
1.420703E+0	4.783144E-3	4.798399E+0	1.435943E-3	3.069101E+1	1.996626E+0	-1.454606E+0
1.424219E+0	4.706492E-3	-9.128905E+0	1.446549E-3	2.138187E+1	1.803086E+0	-1.651854E+0
1.427734E+0	4.601341E-3	-2.407581E+1	1.452734E-3	1.199291E+1	1.560219E+0	-1.864803E+0
1.431250E+0	4.437621E-3	-3.892649E+1	1.471904E-3	2.571354E+0	1.258090E+0	-1.997638E+0
1.434766E+0	4.289715E-3	-5.356964E+1	1.488298E-3	-7.124443E+0	9.860403E-1	-2.088845E+0
1.438281E+0	4.180674E-3	-6.705968E+1	1.505077E-3	-1.682089E+1	7.765967E-1	-2.135275E+0
1.441797E+0	4.077731E-3	-8.193473E+1	1.529804E-3	-2.684419E+1	5.254301E-1	-2.185884E+0
1.445312E+0	3.957309E-3	-9.713100E+1	1.554443E-3	-3.708112E+1	2.709827E-1	-2.205839E+0
1.448828E+0	3.812125E-3	-1.135804E+2	1.580975E-3	-4.736589E+1	-2.751040E-2	-2.206442E+0
1.452344E+0	3.639696E-3	-1.309595E+2	1.594242E-3	-5.785173E+1	-3.366156E-1	-2.184520E+0
1.455859E+0	3.410876E-3	-1.486740E+2	1.609996E-3	-6.836359E+1	-6.434243E-1	-2.088339E+0
1.459375E+0	3.142953E-3	-1.668062E+2	1.611738E-3	-7.922582E+1	-9.176736E-1	-1.948301E+0
1.462891E+0	2.863321E-3	1.741376E+2	1.612952E-3	-8.978760E+1	-1.187864E+0	-1.765237E+0
1.466406E+0	2.627683E-3	1.548059E+2	1.608568E-3	-1.005321E+2	-1.413479E+0	-1.580359E+0
1.469922E+0	2.386402E-3	1.353269E+2	1.603835E-3	-1.112310E+2	-1.591933E+0	-1.365125E+0
1.473438E+0	2.145352E-3	1.136339E+2	1.588606E-3	-1.216103E+2	-1.769871E+0	-1.109525E+0
1.476953E+0	1.938093E-3	9.077551E+1	1.579675E-3	-1.318730E+2	-1.902409E+0	-8.312191E-1
1.480469E+0	1.736141E-3	6.649278E+1	1.558698E-3	-1.415182E+2	-1.983363E+0	-5.231049E-1
1.483984E+0	1.545080E-3	4.246691E+1	1.546147E-3	-1.517553E+2	-1.968681E+0	-2.455136E-1
1.487500E+0	1.450353E-3	1.714393E+1	1.538151E-3	-1.611312E+2	-1.942493E+0	2.838199E-2
1.491016E+0	1.442664E-3	-6.863230E+0	1.524587E-3	-1.709110E+2	-1.909826E+0	2.600676E-1
1.494531E+0	1.499392E-3	-2.992263E+1	1.523410E-3	1.797661E+2	-1.855033E+0	4.874791E-1
1.498047E+0	1.597842E-3	-5.262943E+1	1.514681E-3	1.701089E+2	-1.774785E+0	7.159114E-1
1.501563E+0	1.762421E-3	-7.528887E+1	1.529652E-3	1.608399E+2	-1.642138E+0	9.566388E-1
1.505078E+0	1.959079E-3	-9.631890E+1	1.527332E-3	1.514333E+2	-1.485640E+0	1.187191E+0
1.508594E+0	2.167540E-3	-1.152858E+2	1.539872E-3	1.416210E+2	-1.318874E+0	1.371017E+0
1.512109E+0	2.428498E-3	-1.330710E+2	1.551320E-3	1.318352E+2	-1.138990E+0	1.559257E+0
1.515625E+0	2.694279E-3	-1.517931E+2	1.562852E-3	1.219697E+2	-8.868640E-1	1.720234E+0
1.519141E+0	2.952497E-3	-1.698140E+2	1.573261E-3	1.120015E+2	-6.157308E-1	1.836910E+0
1.522656E+0	3.218034E-3	1.716021E+2	1.585697E-3	1.019367E+2	-2.947750E-1	1.902938E+0
1.526172E+0	3.375031E-3	1.544978E+2	1.593153E-3	9.203624E+1	-2.054353E-2	1.878440E+0
1.529688E+0	3.588156E-3	1.378053E+2	1.590829E-3	8.164883E+1	2.561628E-1	1.873353E+0
1.533203E+0	3.798299E-3	1.212787E+2	1.593290E-3	7.164707E+1	5.440729E-1	1.816310E+0
1.536719E+0	3.946476E-3	1.046021E+2	1.595573E-3	6.144762E+1	8.043691E-1	1.691720E+0
1.540234E+0	4.016608E-3	8.896315E+1	1.594143E-3	5.168510E+1	1.004862E+0	1.526082E+0
1.543750E+0	4.096673E-3	7.415707E+1	1.592250E-3	4.181353E+1	1.173714E+0	1.376478E+0
1.547266E+0	4.175450E-3	5.946504E+1	1.588733E-3	3.213322E+1	1.334762E+0	1.206703E+0
1.550781E+0	4.330342E-3	4.348997E+1	1.589410E-3	2.240123E+1	1.542021E+0	9.803105E-1
1.554297E+0	4.382845E-3	2.718769E+1	1.596018E-3	1.262321E+1	1.657867E+0	6.905632E-1
1.557813E+0	4.381005E-3	1.219034E+1	1.602970E-3	3.034702E+0	1.698235E+0	4.348750E-1
1.561328E+0	4.381986E-3	-3.333294E+0	1.617051E-3	-6.529733E+0	1.705647E+0	1.511004E-1
1.564844E+0	4.329971E-3	-1.765037E+1	1.632866E-3	-1.623239E+1	1.650949E+0	-6.562020E-2
1.568359E+0	4.287357E-3	-3.272102E+1	1.652278E-3	-2.609448E+1	1.577481E+0	-2.994347E-1
1.571875E+0	4.229036E-3	-4.780208E+1	1.670423E-3	-3.602240E+1	1.478397E+0	-5.168469E-1
1.575391E+0	4.157365E-3	-6.242162E+1	1.692474E-3	-4.597321E+1	1.355856E+0	-6.955296E-1
1.578906E+0	4.062854E-3	-7.814965E+1	1.708752E-3	-5.633199E+1	1.207364E+0	-8.836718E-1
1.582422E+0	3.948673E-3	-9.319162E+1	1.730589E-3	-6.680804E+1	1.044030E+0	-1.013935E+0
1.585937E+0	3.826250E-3	-1.085967E+2	1.738797E-3	-7.753860E+1	8.850598E-1	-1.135261E+0
1.589453E+0	3.650329E-3	-1.232961E+2	1.749194E-3	-8.778754E+1	6.987668E-1	-1.212102E+0
1.592969E+0	3.457245E-3	-1.390463E+2	1.754047E-3	-9.877906E+1	5.039559E-1	-1.273970E+0
1.596484E+0	3.197038E-3	-1.549184E+2	1.747763E-3	-1.093693E+2	2.809967E-1	-1.305788E+0
1.600000E+0	2.931028E-3	-1.696033E+2	1.743182E-3	-1.197956E+2	8.511543E-2	-1.284411E+0
1.603516E+0	2.668574E-3	1.756565E+2	1.721291E-3	-1.302750E+2	-9.023737E-2	-1.255334E+0
1.607031E+0	2.380865E-3	1.611661E+2	1.709177E-3	-1.404540E+2	-2.696771E-1	-1.186190E+0
1.610547E+0	2.132985E-3	1.469777E+2	1.696317E-3	-1.505034E+2	-4.197554E-1	-1.115538E+0
1.614063E+0	1.853874E-3	1.317253E+2	1.681057E-3	-1.601859E+2	-5.884681E-1	-1.023140E+0
1.617578E+0	1.569492E-3	1.170328E+2	1.668715E-3	-1.697490E+2	-7.284403E-1	-9.004829E-1
1.621094E+0	1.278420E-3	1.020908E+2	1.657751E-3	-1.794848E+2	-8.452550E-1	-7.554922E-1
1.624609E+0	9.900044E-4	8.679362E+1	1.661300E-3	1.712488E+2	-9.424195E-1	-5.931331E-1
1.628125E+0	6.896627E-4	7.233682E+1	1.661096E-3	1.619764E+2	-9.973883E-1	-4.151771E-1
1.631641E+0	4.215780E-4	5.777951E+1	1.666986E-3	1.525279E+2	-1.020935E+0	-2.520304E-1
1.635156E+0	1.714712E-4	3.264799E+1	1.682382E-3	1.433135E+2	-1.035969E+0	-9.536370E-2
1.638672E+0	1.271864E-4	-1.117332E+2	1.697494E-3	1.335313E+2	-1.031351E+0	6.805145E-2
1.642188E+0	4.241279E-4	-1.462847E+2	1.718729E-3	1.238884E+2	-9.992545E-1	2.467672E-1
1.645703E+0	7.282842E-4	-1.663315E+2	1.744155E-3	1.137170E+2	-9.271439E-1	4.111519E-1
1.649219E+0	9.992172E-4	1.752033E+2	1.754002E-3	1.036007E+2	-8.202061E-1	5.405624E-1
1.652734E+0	1.244403E-3	1.600211E+2	1.771129E-3	9.318975E+1	-7.235681E-1	6.459399E-1
1.656250E+0	1.515835E-3	1.453692E+2	1.780715E-3	8.265039E+1	-6.098226E-1	7.565642E-1
1.659766E+0	1.782718E-3	1.299984E+2	1.791641E-3	7.243542E+1	-4.662991E-1	8.397782E-1
1.663281E+0	2.008623E-3	1.139665E+2	1.791172E-3	6.199690E+1	-3.091275E-1	8.833100E-1
1.666797E+0	2.181051E-3	9.862190E+1	1.783616E-3	5.158391E+1	-1.666282E-1	8.948707E-1
1.670313E+0	2.333161E-3	8.414102E+1	1.777381E-3	4.118722E+1	-3.923332E-2	8.944821E-1
1.673828E+0	2.489354E-3	7.003041E+1	1.760116E-3	3.071320E+1	9.418273E-2	8.961272E-1
1.677344E+0	2.625663E-3	5.551226E+1	1.749914E-3	2.119820E+1	2.393138E-1	8.458483E-1
1.680859E+0	2.719849E-3	4.152710E+1	1.735940E-3	1.136228E+1	3.546186E-1	7.872937E-1
1.684375E+0	2.802660E-3	2.803064E+1	1.730382E-3	1.824584E+0	4.531932E-1	7.152505E-1
1.687891E+0	2.885115E-3	1.466258E+1	1.730827E-3	-7.702392E+0	5.415136E-1	6.342638E-1
1.691406E+0	2.958150E-3	1.004457E+0	1.728065E-3	-1.698725E+1	6.281217E-1	5.287483E-1
1.694922E+0	2.997436E-3	-1.276380E+1	1.730931E-3	-2.647645E+1	6.823314E-1	4.105017E-1
1.698438E+0	3.024183E-3	-2.584542E+1	1.746080E-3	-3.569057E+1	7.064781E-1	2.961450E-1
1.701953E+0	3.050413E-3	-3.860334E+1	1.764397E-3	-4.519714E+1	7.174338E-1	1.985255E-1
1.705469E+0	3.091311E-3	-5.191366E+1	1.788044E-3	-5.476087E+1	7.267444E-1	8.587814E-2
1.708984E+0	3.109230E-3	-6.542448E+1	1.807697E-3	-6.429697E+1	7.196621E-1	-3.384519E-2
1.712500E+0	3.101488E-3	-7.904872E+1	1.846825E-3	-7.442096E+1	6.738873E-1	-1.354941E-1
1.716016E+0	3.063307E-3	-9.270193E+1	1.872626E-3	-8.472428E+1	6.200038E-1	-2.270323E-1
1.719531E+0	3.015437E-3	-1.059879E+2	1.904908E-3	-9.529881E+1	5.555153E-1	-2.936109E-1
1.723047E+0	2.956730E-3	-1.197544E+2	1.923921E-3	-1.060653E+2	4.931702E-1	-3.636947E-1
1.726562E+0	2.843735E-3	-1.336767E+2	1.932322E-3	-1.170092E+2	4.098357E-1	-4.220994E-1
1.730078E+0	2.704597E-3	-1.469543E+2	1.941569E-3	-1.279280E+2	3.168949E-1	-4.541195E-1
1.733594E+0	2.553754E-3	-1.597941E+2	1.936576E-3	-1.388954E+2	2.319419E-1	-4.704008E-1
1.737109E+0	2.380729E-3	-1.720883E+2	1.922511E-3	-1.495353E+2	1.436414E-1	-4.749516E-1
1.740625E+0	2.207726E-3	1.761545E+2	1.898977E-3	-1.600124E+2	6.344902E-2	-4.697710E-1
1.744141E+0	2.038254E-3	1.649625E+2	1.872888E-3	-1.706190E+2	-9.053054E-3	-4.498993E-1
1.747656E+0	1.866832E-3	1.548652E+2	1.847693E-3	1.794933E+2	-8.155212E-2	-4.210433E-1
1.751172E+0	1.701676E-3	1.450737E+2	1.818846E-3	1.697223E+2	-1.496675E-1	-3.901854E-1
1.754688E+0	1.547643E-3	1.369592E+2	1.799648E-3	1.600326E+2	-2.088247E-1	-3.370308E-1
1.758203E+0	1.405044E-3	1.301039E+2	1.784780E-3	1.503168E+2	-2.612452E-1	-2.719977E-1
1.761719E+0	1.306318E-3	1.244634E+2	1.772903E-3	1.412199E+2	-2.944623E-1	-2.124301E-1
1.765234E+0	1.230290E-3	1.203229E+2	1.761636E-3	1.319490E+2	-3.159490E-1	-1.407403E-1
1.768750E+0	1.193913E-3	1.164804E+2	1.756997E-3	1.226612E+2	-3.244309E-1	-7.316124E-2
1.772266E+0	1.192022E-3	1.126068E+2	1.763932E-3	1.135616E+2	-3.243183E-1	-1.126087E-2
1.775781E+0	1.225693E-3	1.090786E+2	1.774710E-3	1.040962E+2	-3.119655E-1	5.998225E-2
1.779297E+0	1.288999E-3	1.040717E+2	1.799001E-3	9.490063E+1	-2.926510E-1	1.141990E-1
1.782813E+0	1.386878E-3	9.807151E+1	1.812925E-3	8.530469E+1	-2.539179E-1	1.690514E-1
1.786328E+0	1.503485E-3	9.040653E+1	1.829900E-3	7.563588E+1	-2.055298E-1	2.094728E-1
1.789844E+0	1.620635E-3	8.222197E+1	1.858208E-3	6.577975E+1	-1.635166E-1	2.468604E-1
1.793359E+0	1.740074E-3	7.219782E+1	1.879078E-3	5.558461E+1	-1.126300E-1	2.647593E-1
1.796875E+0	1.853820E-3	6.183835E+1	1.895434E-3	4.532761E+1	-6.228311E-2	2.779556E-1
1.800391E+0	1.952026E-3	5.097450E+1	1.916492E-3	3.498632E+1	-2.085749E-2	2.805460E-1
1.803906E+0	2.048551E-3	3.980347E+1	1.930454E-3	2.487572E+1	2.536260E-2	2.733597E-1
1.807422E+0	2.127284E-3	2.831872E+1	1.933490E-3	1.422415E+1	6.710783E-2	2.679315E-1
1.810938E+0	2.201133E-3	1.667628E+1	1.932403E-3	4.006656E+0	1.113301E-1	2.498300E-1
1.814453E+0	2.254962E-3	5.096528E+0	1.939554E-3	-6.177893E+0	1.401827E-1	2.273017E-1
1.817969E+0	2.300252E-3	-6.876920E+0	1.931219E-3	-1.624493E+1	1.752028E-1	1.938795E-1
1.821484E+0	2.322790E-3	-1.857713E+1	1.930560E-3	-2.650202E+1	1.916784E-1	1.658867E-1
1.825000E+0	2.340018E-3	-2.988486E+1	1.928712E-3	-3.642368E+1	2.053619E-1	1.381610E-1
1.828516E+0	2.352419E-3	-4.107104E+1	1.935384E-3	-4.629578E+1	2.104291E-1	1.106847E-1
1.832031E+0	2.355227E-3	-5.269756E+1	1.928124E-3	-5.631149E+1	2.190831E-1	7.699578E-2
1.835547E+0	2.358430E-3	-6.384609E+1	1.938327E-3	-6.625646E+1	2.156583E-1	5.117159E-2
1.839063E+0	2.357863E-3	-7.515798E+1	1.941548E-3	-7.630472E+1	2.141810E-1	2.430434E-2
1.842578E+0	2.334572E-3	-8.662498E+1	1.947946E-3	-8.584418E+1	1.983675E-1	-1.633180E-2
1.846094E+0	2.321738E-3	-9.766224E+1	1.953480E-3	-9.610497E+1	1.880749E-1	-3.229922E-2
1.849609E+0	2.295402E-3	-1.084966E+2	1.964694E-3	-1.061721E+2	1.673641E-1	-4.738617E-2
1.853125E+0	2.278725E-3	-1.195054E+2	1.968299E-3	-1.161818E+2	1.557656E-1	-6.711868E-2
1.856641E+0	2.237660E-3	-1.301790E+2	1.978719E-3	-1.264601E+2	1.284817E-1	-7.334945E-2
1.860156E+0	2.204271E-3	-1.406348E+2	1.970720E-3	-1.365058E+2	1.156074E-1	-8.053531E-2
1.863672E+0	2.160946E-3	-1.510504E+2	1.978684E-3	-1.466714E+2	8.892465E-2	-8.338672E-2
1.867188E+0	2.122340E-3	-1.613726E+2	1.972039E-3	-1.567440E+2	7.270620E-2	-8.684684E-2
1.870703E+0	2.084562E-3	-1.713326E+2	1.972671E-3	-1.669620E+2	5.364760E-2	-8.052993E-2
1.874219E+0	2.055852E-3	1.789247E+2	1.963880E-3	-1.769962E+2	4.417994E-2	-7.446491E-2
1.877734E+0	2.013686E-3	1.695677E+2	1.955707E-3	1.731968E+2	2.758132E-2	-6.517392E-2
1.881250E+0	1.986299E-3	1.599615E+2	1.955719E-3	1.633052E+2	1.390720E-2	-5.923744E-2
1.884766E+0	1.966021E-3	1.509452E+2	1.954827E-3	1.534792E+2	4.742900E-3	-4.446540E-2
1.888281E+0	1.951351E-3	1.417647E+2	1.953608E-3	1.436407E+2	-1.690663E-3	-3.269871E-2
1.891797E+0	1.940881E-3	1.327964E+2	1.960815E-3	1.340489E+2	-1.040268E-2	-2.163629E-2
1.895313E+0	1.953525E-3	1.236523E+2	1.961000E-3	1.243357E+2	-3.882692E-3	-1.188183E-2
1.898828E+0	1.954865E-3	1.145457E+2	1.972833E-3	1.146091E+2	-9.108321E-3	-1.096460E-3
1.902344E+0	1.970995E-3	1.050391E+2	1.986853E-3	1.046765E+2	-8.001332E-3	6.278011E-3
1.905859E+0	1.989223E-3	9.592386E+1	1.992542E-3	9.482443E+1	-1.849502E-3	1.915554E-2
1.909375E+0	2.006183E-3	8.618916E+1	2.012685E-3	8.492326E+1	-3.473787E-3	2.202096E-2
1.912891E+0	2.034981E-3	7.639958E+1	2.023331E-3	7.485184E+1	5.390898E-3	2.716539E-2
1.916406E+0	2.051492E-3	6.653904E+1	2.035151E-3	6.451416E+1	7.399944E-3	3.561717E-2
1.919922E+0	2.067630E-3	5.664769E+1	2.039884E-3	5.443507E+1	1.284605E-2	3.913304E-2
1.923438E+0	2.085352E-3	4.667956E+1	2.042699E-3	4.409148E+1	1.983939E-2	4.609803E-2
1.926953E+0	2.088858E-3	3.631011E+1	2.041810E-3	3.396436E+1	2.218502E-2	4.187274E-2
1.930469E+0	2.097649E-3	2.618614E+1	2.034654E-3	2.383757E+1	3.009505E-2	4.224755E-2
1.933984E+0	2.103393E-3	1.626310E+1	2.033936E-3	1.375589E+1	3.315909E-2	4.523896E-2
1.937500E+0	2.103600E-3	6.305048E+0	2.024207E-3	3.671948E+0	3.812457E-2	4.774194E-2
1.941016E+0	2.093854E-3	-3.523739E+0	2.019184E-3	-5.987298E+0	3.602187E-2	4.457353E-2
1.944531E+0	2.098959E-3	-1.320306E+1	2.008513E-3	-1.574636E+1	4.400194E-2	4.637262E-2
1.948047E+0	2.102910E-3	-2.303479E+1	2.012712E-3	-2.537328E+1	4.394405E-2	4.263157E-2
1.951563E+0	2.108541E-3	-3.263815E+1	2.013305E-3	-3.475799E+1	4.658659E-2	3.873948E-2
1.955078E+0	2.118964E-3	-4.201903E+1	2.017437E-3	-4.445385E+1	4.937651E-2	4.462077E-2
1.958594E+0	2.141875E-3	-5.186825E+1	2.019853E-3	-5.403082E+1	5.965608E-2	4.001463E-2
1.962109E+0	2.164842E-3	-6.137220E+1	2.050936E-3	-6.324629E+1	5.497394E-2	3.451950E-2
1.965625E+0	2.191340E-3	-7.099503E+1	2.074161E-3	-7.271644E+1	5.601786E-2	3.173684E-2
1.969141E+0	2.227877E-3	-8.100949E+1	2.098509E-3	-8.272144E+1	6.117371E-2	3.171642E-2
1.972656E+0	2.261537E-3	-9.097946E+1	2.126034E-3	-9.262780E+1	6.329493E-2	3.059833E-2
1.976172E+0	2.295955E-3	-1.014024E+2	2.160961E-3	-1.029995E+2	6.205669E-2	2.961213E-2
1.979688E+0	2.335942E-3	-1.118251E+2	2.192535E-3	-1.133513E+2	6.502898E-2	2.837612E-2
1.983203E+0	2.367815E-3	-1.226514E+2	2.215615E-3	-1.237647E+2	6.849251E-2	2.076422E-2
1.986719E+0	2.398354E-3	-1.336976E+2	2.246748E-3	-1.347082E+2	6.731193E-2	1.882752E-2
1.990234E+0	2.405122E-3	-1.444106E+2	2.258832E-3	-1.457469E+2	6.447398E-2	2.483105E-2
1.993750E+0	2.413834E-3	-1.555816E+2	2.260231E-3	-1.563341E+2	6.786688E-2	1.402575E-2
1.997266E+0	2.397655E-3	-1.665893E+2	2.249022E-3	-1.671478E+2	6.603719E-2	1.039170E-2
2.000781E+0	2.383538E-3	-1.773846E+2	2.233419E-3	-1.780399E+2	6.714508E-2	1.220562E-2
2.004297E+0	2.349793E-3	1.719529E+2	2.211485E-3	1.713821E+2	6.248805E-2	1.058522E-2
2.007812E+0	2.318197E-3	1.614025E+2	2.177891E-3	1.609991E+2	6.439649E-2	7.494176E-3
2.011328E+0	2.287230E-3	1.509115E+2	2.147572E-3	1.508475E+2	6.502998E-2	1.189650E-3
2.014844E+0	2.250426E-3	1.407184E+2	2.121526E-3	1.407557E+2	6.075793E-2	-6.905618E-4
2.018359E+0	2.212282E-3	1.309462E+2	2.081764E-3	1.310406E+2	6.269443E-2	-1.750887E-3
2.021875E+0	2.182372E-3	1.212012E+2	2.069722E-3	1.216671E+2	5.439274E-2	-8.573972E-3
2.025391E+0	2.150034E-3	1.117581E+2	2.046513E-3	1.121937E+2	5.055373E-2	-7.987151E-3
2.028906E+0	2.130850E-3	1.022607E+2	2.036300E-3	1.029371E+2	4.635934E-2	-1.235327E-2
2.032422E+0	2.116841E-3	9.305015E+1	2.027349E-3	9.371708E+1	4.407164E-2	-1.215367E-2
2.035938E+0	2.118030E-3	8.365147E+1	2.032833E-3	8.438757E+1	4.182449E-2	-1.338544E-2
2.039453E+0	2.113116E-3	7.483260E+1	2.046028E-3	7.506405E+1	3.278096E-2	-4.172008E-3
2.042969E+0	2.111681E-3	6.528244E+1	2.064658E-3	6.577257E+1	2.273778E-2	-8.749103E-3
2.046484E+0	2.122423E-3	5.587938E+1	2.076701E-3	5.640670E+1	2.197337E-2	-9.405967E-3
2.050000E+0	2.131789E-3	4.659350E+1	2.096833E-3	4.675875E+1	1.666663E-2	-2.932234E-3
2.053516E+0	2.149954E-3	3.722980E+1	2.119116E-3	3.702389E+1	1.454574E-2	3.646098E-3
2.057031E+0	2.163801E-3	2.733052E+1	2.139702E-3	2.693274E+1	1.123841E-2	7.020707E-3
2.060547E+0	2.182616E-3	1.760895E+1	2.156108E-3	1.696399E+1	1.223024E-2	1.139483E-2
2.064062E+0	2.196854E-3	8.017097E+0	2.175605E-3	6.789037E+0	9.535002E-3	2.164137E-2
2.067578E+0	2.223892E-3	-1.813543E+0	2.189922E-3	-3.585021E+0	1.502663E-2	3.139272E-2
2.071094E+0	2.232630E-3	-1.162694E+1	2.207123E-3	-1.364321E+1	1.093040E-2	3.558989E-2
2.074609E+0	2.258493E-3	-2.162198E+1	2.221801E-3	-2.417257E+1	1.550749E-2	4.523641E-2
2.078125E+0	2.263078E-3	-3.151151E+1	2.214876E-3	-3.418557E+1	2.065025E-2	4.766954E-2
2.081641E+0	2.295768E-3	-4.139254E+1	2.226702E-3	-4.428299E+1	2.970549E-2	5.199056E-2
2.085156E+0	2.320750E-3	-5.137501E+1	2.234947E-3	-5.441644E+1	3.692887E-2	5.509502E-2
2.088672E+0	2.340602E-3	-6.162368E+1	2.236498E-3	-6.467315E+1	4.506583E-2	5.567442E-2
2.092188E+0	2.361523E-3	-7.201067E+1	2.233741E-3	-7.500686E+1	5.576019E-2	5.525965E-2
2.095703E+0	2.387758E-3	-8.252381E+1	2.239107E-3	-8.498062E+1	6.540832E-2	4.571211E-2
2.099219E+0	2.405577E-3	-9.268525E+1	2.244484E-3	-9.477705E+1	7.105864E-2	3.912045E-2
2.102734E+0	2.429113E-3	-1.032558E+2	2.264288E-3	-1.051662E+2	7.219702E-2	3.576327E-2
2.106250E+0	2.441635E-3	-1.137699E+2	2.245390E-3	-1.154560E+2	8.692826E-2	3.199536E-2
2.109766E+0	2.434568E-3	-1.244119E+2	2.253816E-3	-1.255118E+2	7.999917E-2	2.073516E-2
2.113281E+0	2.442061E-3	-1.353078E+2	2.252469E-3	-1.357831E+2	8.413344E-2	8.993689E-3
2.116797E+0	2.437361E-3	-1.461907E+2	2.261359E-3	-1.462738E+2	7.782906E-2	1.563251E-3
2.120313E+0	2.418896E-3	-1.567489E+2	2.250968E-3	-1.564080E+2	7.458355E-2	-6.393662E-3
2.123828E+0	2.388833E-3	-1.671409E+2	2.243579E-3	-1.664576E+2	6.466638E-2	-1.269764E-2
2.127344E+0	2.371077E-3	-1.776731E+2	2.235599E-3	-1.767872E+2	6.047354E-2	-1.639821E-2
2.130859E+0	2.340524E-3	1.721971E+2	2.222267E-3	1.734972E+2	5.294345E-2	-2.389647E-2
2.134375E+0	2.296509E-3	1.621415E+2	2.203554E-3	1.632360E+2	4.199398E-2	-1.990725E-2
2.137891E+0	2.271956E-3	1.523322E+2	2.181605E-3	1.537623E+2	4.109054E-2	-2.599097E-2
2.141406E+0	2.236800E-3	1.428336E+2	2.175512E-3	1.439014E+2	2.799321E-2	-1.916054E-2
2.144922E+0	2.212718E-3	1.336358E+2	2.174220E-3	1.343111E+2	1.763589E-2	-1.199462E-2
2.148437E+0	2.207058E-3	1.244387E+2	2.177724E-3	1.247156E+2	1.345819E-2	-4.897896E-3
2.151953E+0	2.197871E-3	1.152223E+2	2.179540E-3	1.154457E+2	8.402825E-3	-3.931849E-3
2.155469E+0	2.203273E-3	1.060748E+2	2.180257E-3	1.055737E+2	1.051791E-2	8.838058E-3
2.158984E+0	2.214816E-3	9.711668E+1	2.194453E-3	9.589653E+1	9.050458E-3	2.149162E-2
2.162500E+0	2.233636E-3	8.793611E+1	2.205621E-3	8.642973E+1	1.235165E-2	2.662217E-2
2.166016E+0	2.272708E-3	7.859020E+1	2.239255E-3	7.647888E+1	1.425034E-2	3.739153E-2
2.169531E+0	2.311835E-3	6.899950E+1	2.255570E-3	6.679002E+1	2.418292E-2	3.951485E-2
2.173047E+0	2.351130E-3	5.904779E+1	2.265512E-3	5.637679E+1	3.666443E-2	4.836200E-2
2.176563E+0	2.378334E-3	4.872636E+1	2.286336E-3	4.611525E+1	3.915816E-2	4.738981E-2
2.180078E+0	2.409326E-3	3.849564E+1	2.292648E-3	3.600361E+1	4.989839E-2	4.569323E-2
2.183594E+0	2.437336E-3	2.803166E+1	2.310027E-3	2.539390E+1	5.399354E-2	4.855764E-2
2.187109E+0	2.450024E-3	1.728342E+1	2.304486E-3	1.519059E+1	6.244506E-2	3.882496E-2
2.190625E+0	2.455303E-3	6.593013E+0	2.291341E-3	4.674949E+0	7.095684E-2	3.586532E-2
2.194141E+0	2.445662E-3	-4.292915E+0	2.281545E-3	-5.657766E+0	7.162828E-2	2.553224E-2
2.197656E+0	2.427642E-3	-1.481653E+1	2.266448E-3	-1.572559E+1	7.098705E-2	1.699380E-2
2.201172E+0	2.410423E-3	-2.508050E+1	2.232495E-3	-2.578416E+1	7.961775E-2	1.325965E-2
2.204688E+0	2.380905E-3	-3.524250E+1	2.229137E-3	-3.555058E+1	6.806831E-2	5.743070E-3
2.208203E+0	2.359986E-3	-4.519953E+1	2.207135E-3	-4.499638E+1	6.924641E-2	-3.791175E-3
2.211719E+0	2.336784E-3	-5.493380E+1	2.200018E-3	-5.450045E+1	6.213547E-2	-8.033492E-3
2.215234E+0	2.313866E-3	-6.437736E+1	2.195684E-3	-6.372167E+1	5.375568E-2	-1.205965E-2
2.218750E+0	2.304791E-3	-7.361805E+1	2.204864E-3	-7.301092E+1	4.526248E-2	-1.107645E-2
2.222266E+0	2.301071E-3	-8.296957E+1	2.218287E-3	-8.213539E+1	3.720895E-2	-1.510199E-2
2.225781E+0	2.313544E-3	-9.209911E+1	2.242568E-3	-9.142612E+1	3.157827E-2	-1.211736E-2
2.229297E+0	2.323588E-3	-1.011822E+2	2.280607E-3	-1.007987E+2	1.882348E-2	-6.819431E-3
2.232813E+0	2.351848E-3	-1.107221E+2	2.310716E-3	-1.105550E+2	1.779621E-2	-2.968355E-3
2.236328E+0	2.388602E-3	-1.201670E+2	2.353330E-3	-1.203021E+2	1.498530E-2	2.393279E-3
2.239844E+0	2.424583E-3	-1.298353E+2	2.398031E-3	-1.305399E+2	1.099597E-2	1.243344E-2
2.243359E+0	2.486964E-3	-1.401718E+2	2.444031E-3	-1.412904E+2	1.737255E-2	1.986495E-2
2.246875E+0	2.536303E-3	-1.504636E+2	2.482023E-3	-1.520624E+2	2.147144E-2	2.851087E-2
2.250391E+0	2.567758E-3	-1.613016E+2	2.504356E-3	-1.631396E+2	2.478917E-2	3.288565E-2
2.253906E+0	2.597256E-3	-1.719929E+2	2.514680E-3	-1.743159E+2	3.198880E-2	4.186389E-2
2.257422E+0	2.605849E-3	1.766557E+2	2.516476E-3	1.743353E+2	3.466606E-2	4.192547E-2
2.260938E+0	2.603581E-3	1.655330E+2	2.496401E-3	1.631854E+2	4.205848E-2	4.272054E-2
2.264453E+0	2.591968E-3	1.543117E+2	2.473850E-3	1.523151E+2	4.711054E-2	3.650369E-2
2.267969E+0	2.568183E-3	1.435870E+2	2.424490E-3	1.415110E+2	5.857207E-2	3.837207E-2
2.271484E+0	2.518279E-3	1.328959E+2	2.366876E-3	1.313864E+2	6.359821E-2	2.802777E-2
2.275000E+0	2.476135E-3	1.224680E+2	2.331794E-3	1.210802E+2	6.158978E-2	2.571852E-2
2.278516E+0	2.425410E-3	1.125583E+2	2.279582E-3	1.115011E+2	6.379026E-2	1.963088E-2
2.282031E+0	2.379063E-3	1.028308E+2	2.240838E-3	1.020618E+2	6.158889E-2	1.424906E-2
2.285547E+0	2.349429E-3	9.315816E+1	2.204415E-3	9.334846E+1	6.577756E-2	-3.539846E-3
2.289062E+0	2.314958E-3	8.379301E+1	2.176490E-3	8.433216E+1	6.357278E-2	-1.000845E-2
2.292578E+0	2.294978E-3	7.487286E+1	2.167002E-3	7.533445E+1	5.902234E-2	-8.531949E-3
2.296094E+0	2.273908E-3	6.570801E+1	2.177466E-3	6.649403E+1	4.419267E-2	-1.432580E-2
2.299609E+0	2.269492E-3	5.701208E+1	2.189919E-3	5.762116E+1	3.627749E-2	-1.101651E-2
2.303125E+0	2.278842E-3	4.813438E+1	2.211831E-3	4.871126E+1	3.024440E-2	-1.037332E-2
2.306641E+0	2.296521E-3	3.924611E+1	2.244140E-3	3.950953E+1	2.333042E-2	-4.704842E-3
2.310156E+0	2.335755E-3	3.012840E+1	2.289206E-3	3.009628E+1	2.033396E-2	5.719990E-4
2.313672E+0	2.371063E-3	2.081593E+1	2.329643E-3	2.055142E+1	1.776870E-2	4.698634E-3
2.317188E+0	2.412953E-3	1.123260E+1	2.389348E-3	1.039793E+1	9.772108E-3	1.471114E-2
2.320703E+0	2.462605E-3	1.469638E+0	2.418860E-3	1.413501E-1	1.781139E-2	2.360015E-2
2.324219E+0	2.509583E-3	-8.879848E+0	2.459277E-3	-1.036913E+1	2.011090E-2	2.652159E-2
2.327734E+0	2.554365E-3	-1.935520E+1	2.483601E-3	-2.091900E+1	2.810944E-2	2.806763E-2
2.331250E+0	2.588345E-3	-3.007554E+1	2.501055E-3	-3.206260E+1	3.427897E-2	3.588395E-2
2.334766E+0	2.612616E-3	-4.062341E+1	2.509621E-3	-4.289901E+1	4.021909E-2	4.133582E-2
2.338281E+0	2.622257E-3	-5.144689E+1	2.493386E-3	-5.337241E+1	5.109130E-2	3.533698E-2
2.341797E+0	2.611832E-3	-6.218773E+1	2.484884E-3	-6.394058E+1	5.059626E-2	3.215093E-2
2.345313E+0	2.613737E-3	-7.263320E+1	2.467515E-3	-7.407655E+1	5.892273E-2	2.668119E-2
2.348828E+0	2.604368E-3	-8.311546E+1	2.444791E-3	-8.457684E+1	6.492576E-2	2.716777E-2
2.352344E+0	2.580658E-3	-9.350521E+1	2.421097E-3	-9.430167E+1	6.580144E-2	1.481650E-2
2.355859E+0	2.566421E-3	-1.036337E+2	2.412423E-3	-1.041097E+2	6.379869E-2	8.837995E-3
2.359375E+0	2.534463E-3	-1.138960E+2	2.399226E-3	-1.139122E+2	5.636689E-2	2.986807E-4
2.362891E+0	2.519704E-3	-1.236139E+2	2.393509E-3	-1.235606E+2	5.272339E-2	-9.793073E-4
2.366406E+0	2.508037E-3	-1.332895E+2	2.381861E-3	-1.330695E+2	5.296594E-2	-4.043119E-3
2.369922E+0	2.504420E-3	-1.430048E+2	2.400568E-3	-1.426358E+2	4.323979E-2	-6.718834E-3
2.373438E+0	2.511923E-3	-1.525436E+2	2.412478E-3	-1.525232E+2	4.122104E-2	-3.707238E-4
2.376953E+0	2.515460E-3	-1.621077E+2	2.432366E-3	-1.623891E+2	3.414933E-2	5.079117E-3
2.380469E+0	2.516869E-3	-1.720214E+2	2.446272E-3	-1.722492E+2	2.885088E-2	4.090589E-3
2.383984E+0	2.541624E-3	1.779400E+2	2.464315E-3	1.777353E+2	3.136481E-2	3.684761E-3
2.387500E+0	2.548408E-3	1.678713E+2	2.471384E-3	1.673765E+2	3.112789E-2	8.904928E-3
2.391016E+0	2.555205E-3	1.578061E+2	2.483462E-3	1.568960E+2	2.875851E-2	1.634242E-2
2.394531E+0	2.550598E-3	1.476520E+2	2.476621E-3	1.466519E+2	2.971325E-2	1.797551E-2
2.398047E+0	2.553638E-3	1.373999E+2	2.476399E-3	1.363456E+2	3.101547E-2	1.897386E-2
2.401563E+0	2.556065E-3	1.271606E+2	2.459808E-3	1.260892E+2	3.895024E-2	1.943007E-2
2.405078E+0	2.535916E-3	1.170047E+2	2.440464E-3	1.158749E+2	3.891022E-2	2.048865E-2
2.408594E+0	2.517327E-3	1.070964E+2	2.424698E-3	1.056996E+2	3.789378E-2	2.530758E-2
2.412109E+0	2.510631E-3	9.731676E+1	2.396759E-3	9.603839E+1	4.725010E-2	2.336988E-2
2.415625E+0	2.496488E-3	8.752058E+1	2.387312E-3	8.627825E+1	4.548596E-2	2.267256E-2
2.419141E+0	2.488999E-3	7.783292E+1	2.375713E-3	7.685916E+1	4.753375E-2	1.780488E-2
2.422656E+0	2.482520E-3	6.850603E+1	2.375541E-3	6.737341E+1	4.482935E-2	2.065682E-2
2.426172E+0	2.483596E-3	5.894335E+1	2.373412E-3	5.823341E+1	4.634398E-2	1.296569E-2
2.429687E+0	2.489707E-3	4.941505E+1	2.382585E-3	4.861230E+1	4.485785E-2	1.464008E-2
2.433203E+0	2.516994E-3	3.983813E+1	2.385563E-3	3.924763E+1	5.503830E-2	1.087379E-2
2.436719E+0	2.523923E-3	3.021957E+1	2.416480E-3	2.961566E+1	4.440459E-2	1.100866E-2
2.440234E+0	2.559745E-3	2.024563E+1	2.443091E-3	1.990967E+1	4.773052E-2	6.143552E-3
2.443750E+0	2.588295E-3	1.042302E+1	2.462723E-3	1.013858E+1	5.097614E-2	5.217524E-3
2.447266E+0	2.606359E-3	3.933958E-1	2.488644E-3	2.487829E-2	4.727920E-2	6.736029E-3
2.450781E+0	2.619425E-3	-9.897631E+0	2.519081E-3	-1.015165E+1	3.982335E-2	4.610054E-3
2.454297E+0	2.646977E-3	-2.022491E+1	2.542972E-3	-2.055049E+1	4.088219E-2	5.914817E-3
2.457813E+0	2.648636E-3	-3.065723E+1	2.564621E-3	-3.096926E+1	3.274391E-2	5.624328E-3
2.461328E+0	2.652477E-3	-4.123291E+1	2.566862E-3	-4.163108E+1	3.332900E-2	7.181109E-3
2.464844E+0	2.656534E-3	-5.158501E+1	2.551344E-3	-5.190390E+1	4.121312E-2	5.795119E-3
2.468359E+0	2.627322E-3	-6.168080E+1	2.547539E-3	-6.230548E+1	3.125638E-2	1.124395E-2
2.471875E+0	2.616444E-3	-7.188632E+1	2.528336E-3	-7.261840E+1	3.476374E-2	1.322211E-2
2.475391E+0	2.590142E-3	-8.158224E+1	2.506118E-3	-8.269643E+1	3.333214E-2	2.009700E-2
2.478906E+0	2.575462E-3	-9.144384E+1	2.487142E-3	-9.250372E+1	3.533347E-2	1.915419E-2
2.482422E+0	2.573923E-3	-1.010606E+2	2.470281E-3	-1.021584E+2	4.176430E-2	1.996288E-2
2.485938E+0	2.559476E-3	-1.106133E+2	2.470390E-3	-1.117489E+2	3.585802E-2	2.053335E-2
2.489453E+0	2.562691E-3	-1.202173E+2	2.470825E-3	-1.212669E+2	3.700627E-2	1.899902E-2
2.492969E+0	2.571896E-3	-1.295134E+2	2.476136E-3	-1.307541E+2	3.842965E-2	2.248998E-2
2.496484E+0	2.612530E-3	-1.391799E+2	2.488634E-3	-1.402260E+2	4.960977E-2	1.916579E-2
2.500000E+0	2.632114E-3	-1.488900E+2	2.502155E-3	-1.496840E+2	5.183782E-2	1.457721E-2
