8.023438E-1	1.019028E-4	-2.104266E+1	1.076808E-4	-2.178447E+1	-5.373791E-2	1.225197E-2
8.046875E-1	1.065111E-4	-2.952615E+1	1.078323E-4	-2.662284E+1	-1.352020E-2	-5.003005E-2
8.070313E-1	1.055211E-4	-3.502560E+1	1.067445E-4	-3.509485E+1	-1.146173E-2	1.194788E-3
8.093750E-1	1.045109E-4	-4.262645E+1	1.058819E-4	-4.123906E+1	-1.323775E-2	-2.389865E-2
8.117188E-1	1.035846E-4	-4.945633E+1	1.044706E-4	-4.807074E+1	-8.770772E-3	-2.397568E-2
8.140625E-1	1.034612E-4	-5.575301E+1	1.075068E-4	-5.525179E+1	-3.766793E-2	-8.418637E-3
8.164062E-1	1.057009E-4	-5.936430E+1	1.073762E-4	-6.060273E+1	-1.583210E-2	2.127579E-2
8.187500E-1	1.030493E-4	-6.794353E+1	1.070648E-4	-6.879110E+1	-3.761063E-2	1.423756E-2
8.210938E-1	1.060058E-4	-7.445668E+1	1.065419E-4	-7.410248E+1	-5.050835E-3	-6.150811E-3
8.234375E-1	1.011945E-4	-8.117257E+1	1.069200E-4	-8.089017E+1	-5.356088E-2	-4.664856E-3
8.257813E-1	1.018981E-4	-8.822997E+1	1.035275E-4	-8.665640E+1	-1.610999E-2	-2.702833E-2
8.281250E-1	1.013741E-4	-9.537144E+1	1.054076E-4	-9.349071E+1	-3.878382E-2	-3.156319E-2
8.304688E-1	1.045278E-4	-9.965173E+1	1.092781E-4	-9.789542E+1	-4.391918E-2	-2.931630E-2
8.328125E-1	1.035900E-4	-1.070052E+2	1.071917E-4	-1.068879E+2	-3.360257E-2	-1.978480E-3
8.351563E-1	1.045239E-4	-1.134322E+2	1.039563E-4	-1.123866E+2	5.292566E-3	-1.834778E-2
8.375000E-1	1.055985E-4	-1.200878E+2	1.065890E-4	-1.201845E+2	-9.294115E-3	1.672049E-3
8.398437E-1	1.055646E-4	-1.253656E+2	1.079903E-4	-1.262269E+2	-2.257265E-2	1.469430E-2
8.421875E-1	1.073778E-4	-1.326965E+2	1.109274E-4	-1.333916E+2	-3.207054E-2	1.174329E-2
8.445313E-1	1.063483E-4	-1.408157E+2	1.090425E-4	-1.377602E+2	-2.609430E-2	-5.198626E-2
8.468750E-1	1.091059E-4	-1.463781E+2	1.101187E-4	-1.449207E+2	-9.517861E-3	-2.519976E-2
8.492188E-1	1.056371E-4	-1.535253E+2	1.096103E-4	-1.519869E+2	-3.659580E-2	-2.587376E-2
8.515625E-1	1.069491E-4	-1.598455E+2	1.118348E-4	-1.564910E+2	-4.532530E-2	-5.595736E-2
8.539063E-1	1.077025E-4	-1.664368E+2	1.093367E-4	-1.654243E+2	-1.510029E-2	-1.740643E-2
8.562500E-1	1.058984E-4	-1.727674E+2	1.144364E-4	-1.717428E+2	-7.475709E-2	-1.654755E-2
8.585938E-1	1.058105E-4	1.784093E+2	1.117928E-4	-1.790040E+2	-5.447679E-2	-4.271602E-2
8.609375E-1	1.095664E-4	1.729203E+2	1.119688E-4	1.751002E+2	-2.216413E-2	-3.722113E-2
8.632812E-1	1.073169E-4	1.665240E+2	1.142120E-4	1.674734E+2	-6.050006E-2	-1.556909E-2
8.656250E-1	1.092541E-4	1.606376E+2	1.123967E-4	1.591198E+2	-2.830094E-2	2.574692E-2
8.679688E-1	1.090639E-4	1.533976E+2	1.135576E-4	1.542706E+2	-3.968347E-2	-1.463321E-2
8.703125E-1	1.108298E-4	1.452731E+2	1.119302E-4	1.476423E+2	-1.067753E-2	-4.093215E-2
8.726563E-1	1.082180E-4	1.377049E+2	1.139080E-4	1.390848E+2	-5.022811E-2	-2.287854E-2
8.750000E-1	1.077675E-4	1.336804E+2	1.106310E-4	1.338074E+2	-2.588573E-2	-2.159194E-3
8.773438E-1	1.095876E-4	1.252909E+2	1.101478E-4	1.268168E+2	-5.438700E-3	-2.649340E-2
8.796875E-1	1.083444E-4	1.213438E+2	1.110089E-4	1.212962E+2	-2.400292E-2	8.108358E-4
8.820313E-1	1.113372E-4	1.130171E+2	1.122972E-4	1.127306E+2	-8.561139E-3	4.957601E-3
8.843750E-1	1.074213E-4	1.076088E+2	1.093566E-4	1.074360E+2	-1.770162E-2	2.962551E-3
8.867187E-1	1.078997E-4	1.009952E+2	1.123985E-4	1.004635E+2	-4.006678E-2	8.908355E-3
8.890625E-1	1.079771E-4	9.202326E+1	1.117940E-4	9.600990E+1	-3.647936E-2	-6.715016E-2
8.914063E-1	1.094929E-4	8.767266E+1	1.150062E-4	8.883638E+1	-4.813552E-2	-1.933574E-2
8.937500E-1	1.089620E-4	8.016644E+1	1.167638E-4	8.234632E+1	-6.749225E-2	-3.549540E-2
8.960938E-1	1.118544E-4	7.354510E+1	1.153553E-4	7.492947E+1	-3.063187E-2	-2.342625E-2
8.984375E-1	1.097101E-4	6.958569E+1	1.167520E-4	6.840351E+1	-6.051504E-2	1.938708E-2
9.007813E-1	1.097801E-4	6.365245E+1	1.166694E-4	6.319780E+1	-5.907938E-2	7.466493E-3
9.031250E-1	1.127400E-4	5.371988E+1	1.170312E-4	5.665836E+1	-3.793378E-2	-4.938398E-2
9.054688E-1	1.107388E-4	4.986272E+1	1.179004E-4	4.964281E+1	-6.074971E-2	3.605005E-3
9.078125E-1	1.147753E-4	4.189939E+1	1.198569E-4	4.287163E+1	-4.253509E-2	-1.624858E-2
9.101563E-1	1.139832E-4	3.495589E+1	1.210113E-4	3.739840E+1	-5.893380E-2	-4.014182E-2
9.125000E-1	1.131854E-4	2.963588E+1	1.200129E-4	2.947336E+1	-5.689351E-2	2.675137E-3
9.148438E-1	1.142000E-4	2.208943E+1	1.170852E-4	2.255768E+1	-2.467446E-2	-7.971030E-3
9.171875E-1	1.161622E-4	1.634859E+1	1.228423E-4	1.533692E+1	-5.452688E-2	1.669593E-2
9.195313E-1	1.166016E-4	8.049006E+0	1.247384E-4	9.093073E+0	-6.538611E-2	-1.703280E-2
9.218750E-1	1.169407E-4	1.711313E+0	1.254874E-4	1.271025E+0	-6.813555E-2	7.161030E-3
9.242188E-1	1.176402E-4	-4.865900E+0	1.224553E-4	-4.096118E+0	-3.940799E-2	-1.290655E-2
9.265625E-1	1.165807E-4	-1.279983E+1	1.213922E-4	-1.251400E+1	-3.964794E-2	-4.790924E-3
9.289063E-1	1.156778E-4	-1.988645E+1	1.258565E-4	-1.955936E+1	-8.089042E-2	-5.247067E-3
9.312500E-1	1.157340E-4	-2.567770E+1	1.221720E-4	-2.654470E+1	-5.280465E-2	1.433406E-2
9.335938E-1	1.156823E-4	-3.421246E+1	1.191786E-4	-3.240820E+1	-2.981788E-2	-3.056141E-2
9.359375E-1	1.157716E-4	-4.086055E+1	1.227402E-4	-3.984050E+1	-5.692468E-2	-1.679156E-2
9.382813E-1	1.165431E-4	-4.832100E+1	1.224944E-4	-4.772540E+1	-4.863567E-2	-9.889961E-3
9.406250E-1	1.147137E-4	-5.453616E+1	1.197471E-4	-5.338555E+1	-4.222675E-2	-1.923652E-2
9.429688E-1	1.116795E-4	-6.090297E+1	1.217037E-4	-6.055642E+1	-8.238240E-2	-5.550221E-3
9.453125E-1	1.129961E-4	-6.874699E+1	1.240080E-4	-6.703558E+1	-8.920637E-2	-2.721326E-2
9.476563E-1	1.123073E-4	-7.416795E+1	1.200429E-4	-7.399799E+1	-6.444441E-2	-2.775204E-3
9.500000E-1	1.113708E-4	-7.951819E+1	1.204244E-4	-7.995037E+1	-7.520709E-2	6.975812E-3
9.523438E-1	1.124903E-4	-8.840074E+1	1.189982E-4	-8.649833E+1	-5.521010E-2	-3.138169E-2
9.546875E-1	1.102376E-4	-9.394604E+1	1.175361E-4	-9.435078E+1	-6.211922E-2	6.625343E-3
9.570313E-1	1.113151E-4	-1.004674E+2	1.208392E-4	-9.977509E+1	-7.888356E-2	-1.113047E-2
9.593750E-1	1.095897E-4	-1.065017E+2	1.195050E-4	-1.065668E+2	-8.297034E-2	1.041938E-3
9.617188E-1	1.120302E-4	-1.129160E+2	1.210298E-4	-1.120556E+2	-7.446291E-2	-1.389966E-2
9.640625E-1	1.108449E-4	-1.189449E+2	1.197607E-4	-1.178578E+2	-7.461338E-2	-1.755991E-2
9.664063E-1	1.109888E-4	-1.251989E+2	1.193690E-4	-1.251239E+2	-7.020495E-2	-1.217100E-3
9.687500E-1	1.100104E-4	-1.335331E+2	1.220249E-4	-1.312616E+2	-9.916781E-2	-3.573235E-2
9.710938E-1	1.066578E-4	-1.396067E+2	1.211445E-4	-1.368771E+2	-1.205809E-1	-4.192770E-2
9.734375E-1	1.086670E-4	-1.443296E+2	1.216313E-4	-1.433540E+2	-1.067164E-1	-1.521180E-2
9.757813E-1	1.119925E-4	-1.499694E+2	1.253592E-4	-1.491138E+2	-1.067268E-1	-1.334027E-2
9.781250E-1	1.114316E-4	-1.589172E+2	1.230914E-4	-1.568738E+2	-9.530039E-2	-3.227895E-2
9.804688E-1	1.115227E-4	-1.647677E+2	1.262858E-4	-1.621348E+2	-1.178345E-1	-4.056651E-2
9.828125E-1	1.157556E-4	-1.728587E+2	1.284083E-4	-1.695361E+2	-1.000502E-1	-5.224695E-2
9.851563E-1	1.132879E-4	-1.782798E+2	1.251670E-4	-1.764341E+2	-9.537558E-2	-2.915124E-2
9.875000E-1	1.142972E-4	1.751083E+2	1.267804E-4	1.762100E+2	-9.862983E-2	-1.733395E-2
9.898438E-1	1.143748E-4	1.682322E+2	1.257430E-4	1.702542E+2	-9.097457E-2	-3.209334E-2
9.921875E-1	1.132294E-4	1.624539E+2	1.260233E-4	1.628480E+2	-1.015414E-1	-6.180004E-3
9.945313E-1	1.149099E-4	1.539739E+2	1.293399E-4	1.559547E+2	-1.120974E-1	-3.070834E-2
9.968750E-1	1.129328E-4	1.492400E+2	1.305797E-4	1.488454E+2	-1.351633E-1	5.956285E-3
9.992188E-1	1.098970E-4	1.389782E+2	1.287877E-4	1.427571E+2	-1.485362E-1	-5.623922E-2
1.001563E+0	1.114683E-4	1.335243E+2	1.299648E-4	1.350368E+2	-1.426181E-1	-2.263852E-2
1.003906E+0	1.084677E-4	1.269485E+2	1.313547E-4	1.287193E+2	-1.746325E-1	-2.551717E-2
1.006250E+0	1.094718E-4	1.192503E+2	1.301203E-4	1.219615E+2	-1.596295E-1	-3.979551E-2
1.008594E+0	1.036326E-4	1.127346E+2	1.306847E-4	1.153081E+2	-2.078026E-1	-3.560632E-2
1.010938E+0	1.046467E-4	1.062054E+2	1.283418E-4	1.081249E+2	-1.850825E-1	-2.731125E-2
1.013281E+0	9.845944E-5	1.008427E+2	1.316300E-4	1.010046E+2	-2.520015E-1	-2.113616E-3
1.015625E+0	9.632891E-5	9.430381E+1	1.315320E-4	9.497083E+1	-2.676886E-1	-8.525731E-3
1.017969E+0	9.546540E-5	8.868112E+1	1.251965E-4	8.837528E+1	-2.374864E-1	4.070272E-3
1.020312E+0	9.116395E-5	8.128355E+1	1.292861E-4	8.207169E+1	-2.949333E-1	-9.699254E-3
1.022656E+0	8.794216E-5	7.611237E+1	1.280686E-4	7.499704E+1	-3.134500E-1	1.336619E-2
1.025000E+0	8.795391E-5	7.211031E+1	1.288729E-4	6.767023E+1	-3.195626E-1	5.283564E-2
1.027344E+0	8.501999E-5	6.512459E+1	1.283504E-4	6.192686E+1	-3.386260E-1	3.695026E-2
1.029688E+0	8.149174E-5	5.732083E+1	1.277891E-4	5.586420E+1	-3.625011E-1	1.621062E-2
1.032031E+0	7.373215E-5	5.433374E+1	1.294794E-4	4.983976E+1	-4.322999E-1	4.461895E-2
1.034375E+0	7.224207E-5	4.836711E+1	1.315367E-4	4.310818E+1	-4.530958E-1	5.033940E-2
1.036719E+0	6.561521E-5	4.727017E+1	1.306805E-4	3.581055E+1	-5.079054E-1	9.975666E-2
1.039062E+0	5.537921E-5	4.669346E+1	1.294102E-4	3.053078E+1	-5.889786E-1	1.191225E-1
1.041406E+0	5.172133E-5	5.371872E+1	1.298677E-4	2.396076E+1	-6.542571E-1	1.976721E-1
1.043750E+0	5.409776E-5	6.579211E+1	1.331265E-4	1.735906E+1	-7.303799E-1	3.040335E-1
1.046094E+0	6.338999E-5	7.119620E+1	1.315488E-4	1.053337E+1	-7.639066E-1	4.200747E-1
1.048438E+0	8.439972E-5	7.604186E+1	1.314327E-4	4.282105E+0	-7.990052E-1	6.098851E-1
1.050781E+0	1.073701E-4	7.028374E+1	1.332274E-4	-2.827948E+0	-7.658757E-1	7.711592E-1
1.053125E+0	1.308840E-4	6.344480E+1	1.331650E-4	-9.601732E+0	-7.133998E-1	9.401572E-1
1.055469E+0	1.646135E-4	5.241656E+1	1.353535E-4	-1.666704E+1	-5.658191E-1	1.136032E+0
1.057813E+0	1.892367E-4	4.102162E+1	1.349096E-4	-2.327240E+1	-3.915777E-1	1.263871E+0
1.060156E+0	2.132165E-4	3.048440E+1	1.358873E-4	-2.968009E+1	-2.193700E-1	1.361100E+0
1.062500E+0	2.321210E-4	1.935733E+1	1.372360E-4	-3.616878E+1	-4.261569E-2	1.394364E+0
1.064844E+0	2.559456E-4	8.234653E+0	1.375027E-4	-4.299533E+1	1.655923E-1	1.451259E+0
1.067187E+0	2.822112E-4	-2.586425E+0	1.374831E-4	-5.087354E+1	3.658612E-1	1.532315E+0
1.069531E+0	3.054038E-4	-1.381968E+1	1.400957E-4	-5.677083E+1	5.955929E-1	1.485373E+0
1.071875E+0	3.358764E-4	-2.454638E+1	1.380110E-4	-6.446641E+1	8.664986E-1	1.561744E+0
1.074219E+0	3.718240E-4	-3.682187E+1	1.349019E-4	-7.003895E+1	1.305886E+0	1.509911E+0
1.076563E+0	3.996343E-4	-4.994854E+1	1.375285E-4	-7.817871E+1	1.560194E+0	1.374500E+0
1.078906E+0	4.292003E-4	-6.353688E+1	1.380294E-4	-8.345486E+1	1.923479E+0	1.059322E+0
1.081250E+0	4.572126E-4	-7.739231E+1	1.388709E-4	-9.068610E+1	2.204134E+0	7.570586E-1
1.083594E+0	4.802895E-4	-9.183546E+1	1.392554E-4	-9.678349E+1	2.436130E+0	2.974821E-1
1.085937E+0	5.054119E-4	-1.064142E+2	1.346158E-4	-1.040899E+2	2.751388E+0	-1.522649E-1
1.088281E+0	5.235666E-4	-1.223955E+2	1.378523E-4	-1.104283E+2	2.715481E+0	-7.875271E-1
1.090625E+0	5.377366E-4	-1.382310E+2	1.389416E-4	-1.172278E+2	2.613098E+0	-1.387170E+0
1.092969E+0	5.442844E-4	-1.538289E+2	1.391170E-4	-1.235746E+2	2.379541E+0	-1.971230E+0
1.095313E+0	5.478935E-4	-1.712482E+2	1.410815E-4	-1.296535E+2	1.904331E+0	-2.578105E+0
1.097656E+0	5.441448E-4	1.714319E+2	1.401695E-4	-1.370278E+2	1.414495E+0	-3.039822E+0
1.100000E+0	5.513105E-4	1.533564E+2	1.370117E-4	-1.432438E+2	8.017148E-1	-3.597910E+0
1.102344E+0	5.377101E-4	1.270381E+2	1.413999E-4	-1.493982E+2	-5.737161E-1	-3.778793E+0
1.104688E+0	5.302542E-4	1.023675E+2	1.389248E-4	-1.566929E+2	-1.724338E+0	-3.747483E+0
1.107031E+0	5.060824E-4	7.546433E+1	1.403770E-4	-1.628058E+2	-2.896011E+0	-3.066327E+0
1.109375E+0	4.851668E-4	4.893869E+1	1.404849E-4	-1.682800E+2	-3.750147E+0	-2.088890E+0
1.111719E+0	4.718479E-4	2.744493E+1	1.443491E-4	-1.757237E+2	-4.005171E+0	-1.286071E+0
1.114063E+0	4.825846E-4	6.736992E+0	1.403180E-4	1.772943E+2	-4.392620E+0	-5.642421E-1
1.116406E+0	5.202121E-4	-1.392079E+1	1.425179E-4	1.693688E+2	-4.644138E+0	2.094554E-1
1.118750E+0	5.797020E-4	-3.632043E+1	1.458793E-4	1.643676E+2	-4.717605E+0	1.403878E+0
1.121094E+0	6.464425E-4	-6.040362E+1	1.464119E-4	1.568266E+2	-4.515456E+0	2.671300E+0
1.123438E+0	6.991788E-4	-8.425665E+1	1.397160E-4	1.506794E+2	-3.874914E+0	4.096065E+0
1.125781E+0	7.336210E-4	-1.044058E+2	1.458298E-4	1.433408E+2	-2.905131E+0	4.655972E+0
1.128125E+0	7.981255E-4	-1.232013E+2	1.444028E-4	1.360782E+2	-2.028137E+0	5.430610E+0
1.130469E+0	8.999666E-4	-1.435949E+2	1.443187E-4	1.295056E+2	-6.627120E-1	6.226838E+0
1.132812E+0	1.011123E-3	-1.633313E+2	1.467132E-4	1.226799E+2	9.009418E-1	6.624484E+0
1.135156E+0	1.096230E-3	1.778391E+2	1.437204E-4	1.160454E+2	2.605129E+0	6.721762E+0
1.137500E+0	1.212892E-3	1.569928E+2	1.458606E-4	1.111362E+2	4.791328E+0	5.967136E+0
1.139844E+0	1.294374E-3	1.358611E+2	1.454685E-4	1.032645E+2	6.496399E+0	4.793520E+0
1.142188E+0	1.348285E-3	1.151318E+2	1.411798E-4	9.588670E+1	8.016439E+0	3.147816E+0
1.144531E+0	1.397488E-3	9.245094E+1	1.434073E-4	9.017438E+1	8.737196E+0	3.870963E-1
1.146875E+0	1.409088E-3	7.100700E+1	1.448791E-4	8.384853E+1	8.482697E+0	-2.161645E+0
1.149219E+0	1.400945E-3	4.896649E+1	1.414469E-4	7.614733E+1	7.810638E+0	-4.524329E+0
1.151563E+0	1.401863E-3	2.636237E+1	1.419113E-4	6.995174E+1	6.154956E+0	-6.811042E+0
1.153906E+0	1.389236E-3	3.996951E+0	1.417912E-4	6.356386E+1	3.962877E+0	-8.447836E+0
1.156250E+0	1.368198E-3	-1.940308E+1	1.483151E-4	5.840537E+1	9.481289E-1	-9.016891E+0
1.158594E+0	1.328118E-3	-4.456241E+1	1.456126E-4	5.071243E+1	-1.838515E+0	-9.082275E+0
1.160938E+0	1.278954E-3	-6.834146E+1	1.437126E-4	4.509165E+1	-4.539092E+0	-8.165410E+0
1.163281E+0	1.219237E-3	-9.479974E+1	1.431657E-4	3.743549E+1	-6.724428E+0	-6.305369E+0
1.165625E+0	1.168299E-3	-1.235849E+2	1.423580E-4	3.078363E+1	-8.399181E+0	-3.550092E+0
1.167969E+0	1.087139E-3	-1.546113E+2	1.443478E-4	2.606933E+1	-8.530855E+0	8.946500E-2
1.170313E+0	1.020099E-3	1.740854E+2	1.453354E-4	1.899198E+1	-7.366139E+0	2.955952E+0
1.172656E+0	9.721022E-4	1.442836E+2	1.473116E-4	1.219728E+1	-5.422944E+0	4.897319E+0
1.175000E+0	9.538161E-4	1.144557E+2	1.469502E-4	6.539468E+0	-2.996723E+0	6.175990E+0
1.177344E+0	9.646324E-4	9.259109E+1	1.477430E-4	5.720417E-1	-1.230032E+0	6.525071E+0
1.179687E+0	9.809751E-4	7.219839E+1	1.511541E-4	-7.434323E+0	1.679066E-1	6.383949E+0
1.182031E+0	1.008351E-3	5.083291E+1	1.494861E-4	-1.378454E+1	1.891505E+0	6.094284E+0
1.184375E+0	1.025905E-3	2.975286E+1	1.521514E-4	-2.029628E+1	3.329666E+0	5.168892E+0
1.186719E+0	1.069880E-3	1.025915E+1	1.537445E-4	-2.710688E+1	4.530692E+0	4.223340E+0
1.189063E+0	1.100613E-3	-1.100514E+1	1.557422E-4	-3.313358E+1	5.546355E+0	2.661985E+0
1.191406E+0	1.120586E-3	-3.207227E+1	1.551736E-4	-4.113062E+1	6.131436E+0	1.136955E+0
1.193750E+0	1.112987E-3	-5.270194E+1	1.531539E-4	-4.832594E+1	6.245930E+0	-5.544909E-1
1.196094E+0	1.103496E-3	-7.437261E+1	1.536931E-4	-5.466932E+1	5.759494E+0	-2.420687E+0
1.198438E+0	1.075770E-3	-9.576086E+1	1.531265E-4	-6.190494E+1	4.834155E+0	-3.913877E+0
1.200781E+0	1.009155E-3	-1.173600E+2	1.552841E-4	-6.785345E+1	3.220046E+0	-4.942183E+0
1.203125E+0	9.349720E-4	-1.389954E+2	1.554378E-4	-7.583610E+1	1.715881E+0	-5.367054E+0
1.205469E+0	8.649152E-4	-1.610094E+2	1.551983E-4	-8.198626E+1	6.116299E-2	-5.471006E+0
1.207813E+0	7.903206E-4	1.748855E+2	1.564528E-4	-8.893421E+1	-1.543831E+0	-5.022136E+0
1.210156E+0	7.127338E-4	1.496296E+2	1.533762E-4	-9.550768E+1	-2.953796E+0	-4.216274E+0
1.212500E+0	6.365461E-4	1.223050E+2	1.549987E-4	-1.021865E+2	-3.929592E+0	-2.878048E+0
1.214844E+0	5.800019E-4	9.152057E+1	1.539821E-4	-1.097339E+2	-4.510473E+0	-1.365463E+0
1.217188E+0	5.343012E-4	5.903417E+1	1.537290E-4	-1.153517E+2	-4.458933E+0	3.400126E-1
1.219531E+0	4.888221E-4	2.120752E+1	1.532098E-4	-1.213561E+2	-3.533381E+0	1.939466E+0
1.221875E+0	4.142492E-4	-3.831955E+1	1.513428E-4	-1.281716E+2	-9.929321E-1	2.737149E+0
1.224219E+0	4.200175E-4	-7.285192E+1	1.529106E-4	-1.357768E+2	2.502367E-1	2.445795E+0
1.226562E+0	4.298991E-4	-9.486076E+1	1.555018E-4	-1.419611E+2	8.819037E-1	2.025194E+0
1.228906E+0	4.230927E-4	-1.153636E+2	1.534808E-4	-1.472272E+2	1.341242E+0	1.455232E+0
1.231250E+0	4.135754E-4	-1.339897E+2	1.555333E-4	-1.554066E+2	1.475465E+0	9.709666E-1
1.233594E+0	4.033499E-4	-1.507192E+2	1.571017E-4	-1.611788E+2	1.524782E+0	4.660995E-1
1.235938E+0	3.923002E-4	-1.679254E+2	1.536642E-4	-1.686937E+2	1.552741E+0	3.423269E-2
1.238281E+0	3.647680E-4	1.752352E+2	1.559175E-4	-1.745104E+2	1.302125E+0	-4.164746E-1
1.240625E+0	3.316872E-4	1.586205E+2	1.546778E-4	1.797582E+2	1.000094E+0	-7.732843E-1
1.242969E+0	2.934895E-4	1.430834E+2	1.559075E-4	1.721741E+2	6.449891E-1	-9.152395E-1
1.245313E+0	2.509725E-4	1.299655E+2	1.577226E-4	1.665625E+2	2.775147E-1	-9.486624E-1
1.247656E+0	1.851297E-4	1.171742E+2	1.562082E-4	1.599638E+2	-1.302760E-1	-8.050801E-1
1.250000E+0	1.091424E-4	1.142395E+2	1.583347E-4	1.524524E+2	-4.583935E-1	-4.263998E-1
1.252344E+0	8.689832E-5	1.192290E+2	1.588625E-4	1.454330E+2	-5.092135E-1	-2.415394E-1
1.254688E+0	7.457265E-5	1.264710E+2	1.570784E-4	1.388440E+2	-5.362788E-1	-1.017266E-1
1.257031E+0	7.343042E-5	1.332694E+2	1.590792E-4	1.321433E+2	-5.384925E-1	9.071706E-3
1.259375E+0	8.237374E-5	1.398448E+2	1.605083E-4	1.255279E+2	-5.027332E-1	1.269079E-1
1.261719E+0	9.043801E-5	1.419072E+2	1.588035E-4	1.197426E+2	-4.725873E-1	2.148531E-1
1.264063E+0	1.065659E-4	1.418585E+2	1.575327E-4	1.131096E+2	-4.069158E-1	3.253623E-1
1.266406E+0	1.287851E-4	1.382190E+2	1.601502E-4	1.057439E+2	-3.215974E-1	4.317758E-1
1.268750E+0	1.526548E-4	1.317583E+2	1.583748E-4	9.880427E+1	-1.911986E-1	5.243196E-1
1.271094E+0	1.723453E-4	1.247036E+2	1.591545E-4	9.286877E+1	-8.001485E-2	5.711895E-1
1.273437E+0	1.982949E-4	1.146173E+2	1.588611E-4	8.614808E+1	9.728408E-2	5.950136E-1
1.275781E+0	2.119391E-4	1.036434E+2	1.570001E-4	7.934692E+1	2.303645E-1	5.554399E-1
1.278125E+0	2.264709E-4	9.108437E+1	1.608239E-4	7.158068E+1	3.273898E-1	4.701496E-1
1.280469E+0	2.362467E-4	7.930589E+1	1.570376E-4	6.708038E+1	4.702786E-1	3.185708E-1
1.282813E+0	2.412150E-4	6.744411E+1	1.579006E-4	5.960588E+1	5.133656E-1	2.083341E-1
1.285156E+0	2.478845E-4	5.665836E+1	1.594031E-4	5.275690E+1	5.514757E-1	1.058087E-1
1.287500E+0	2.484508E-4	4.395820E+1	1.608591E-4	4.682360E+1	5.425933E-1	-7.721050E-2
1.289844E+0	2.387880E-4	3.152211E+1	1.602604E-4	4.033105E+1	4.724247E-1	-2.281786E-1
1.292188E+0	2.274345E-4	1.999175E+1	1.567093E-4	3.530290E+1	3.998017E-1	-3.832352E-1
1.294531E+0	2.121800E-4	8.126708E+0	1.627610E-4	2.718479E+1	2.321748E-1	-4.256695E-1
1.296875E+0	1.950309E-4	-2.482462E+0	1.623381E-4	2.084697E+1	1.031654E-1	-4.757700E-1
1.299219E+0	1.699677E-4	-1.166557E+1	1.612827E-4	1.464644E+1	-5.533608E-2	-4.671284E-1
1.301563E+0	1.466889E-4	-2.010123E+1	1.653226E-4	9.071314E+0	-2.252586E-1	-4.325012E-1
1.303906E+0	1.219756E-4	-2.406215E+1	1.646722E-4	2.124355E+0	-3.353079E-1	-3.268746E-1
1.306250E+0	9.935063E-5	-2.231405E+1	1.687286E-4	-5.190166E+0	-4.372830E-1	-1.733712E-1
1.308594E+0	9.221124E-5	-1.049060E+1	1.662820E-4	-1.236117E+1	-4.457482E-1	1.810143E-2
1.310938E+0	1.041026E-4	-6.592841E+0	1.689472E-4	-1.810348E+1	-3.962087E-1	1.229595E-1
1.313281E+0	1.117551E-4	-9.735361E+0	1.682697E-4	-2.557317E+1	-3.610694E-1	1.812546E-1
1.315625E+0	1.184334E-4	-9.728367E+0	1.698053E-4	-3.236521E+1	-3.562649E-1	2.684469E-1
1.317969E+0	1.346620E-4	-1.038533E+1	1.703392E-4	-3.982257E+1	-3.115125E-1	3.885325E-1
1.320312E+0	1.509946E-4	-1.195384E+1	1.741865E-4	-4.693296E+1	-2.897320E-1	4.969493E-1
1.322656E+0	1.820802E-4	-1.600655E+1	1.699925E-4	-5.265551E+1	-1.406424E-1	6.393554E-1
1.325000E+0	2.192696E-4	-2.266936E+1	1.708733E-4	-6.005966E+1	1.954794E-2	7.792298E-1
1.327344E+0	2.697874E-4	-3.217269E+1	1.754742E-4	-6.704411E+1	2.614026E-1	8.790315E-1
1.329688E+0	3.229603E-4	-4.680164E+1	1.715610E-4	-7.374659E+1	6.781231E-1	8.530165E-1
1.332031E+0	3.716507E-4	-6.255118E+1	1.714398E-4	-8.068590E+1	1.060139E+0	6.747392E-1
1.334375E+0	4.132999E-4	-8.053671E+1	1.749330E-4	-8.793078E+1	1.342972E+0	3.040523E-1
1.336719E+0	4.391756E-4	-1.007871E+2	1.728297E-4	-9.327855E+1	1.519300E+0	-3.320546E-1
1.339063E+0	4.580216E-4	-1.227419E+2	1.734552E-4	-1.014274E+2	1.459958E+0	-9.598150E-1
1.341406E+0	4.521381E-4	-1.483562E+2	1.720131E-4	-1.078072E+2	9.972738E-1	-1.708789E+0
1.343750E+0	4.204774E-4	-1.763592E+2	1.704266E-4	-1.140666E+2	1.471429E-1	-2.184300E+0
1.346094E+0	3.771664E-4	1.494128E+2	1.732948E-4	-1.208029E+2	-9.918064E-1	-2.176428E+0
1.348438E+0	3.308230E-4	1.078370E+2	1.703462E-4	-1.272513E+2	-2.111468E+0	-1.592559E+0
1.350781E+0	2.974652E-4	5.592665E+1	1.688178E-4	-1.336144E+2	-2.737675E+0	-2.920670E-1
1.353125E+0	3.384907E-4	2.465490E+0	1.717443E-4	-1.411881E+2	-2.587458E+0	1.168085E+0
1.355469E+0	4.180802E-4	-4.242034E+1	1.708223E-4	-1.468128E+2	-1.608346E+0	2.370646E+0
1.357813E+0	4.872696E-4	-7.953531E+1	1.709394E-4	-1.538796E+2	-2.307641E-1	2.744787E+0
1.360156E+0	5.383712E-4	-1.104945E+2	1.715848E-4	-1.591234E+2	1.073771E+0	2.354624E+0
1.362500E+0	5.586257E-4	-1.391313E+2	1.731828E-4	-1.663767E+2	1.867770E+0	1.476707E+0
1.364844E+0	5.580315E-4	-1.648190E+2	1.697270E-4	-1.736862E+2	2.248523E+0	5.068000E-1
1.367187E+0	5.378507E-4	1.707330E+2	1.736137E-4	-1.790131E+2	2.048495E+0	-5.514720E-1
1.369531E+0	4.939339E-4	1.466348E+2	1.726480E-4	1.744471E+2	1.530438E+0	-1.334843E+0
1.371875E+0	4.242380E-4	1.215154E+2	1.717980E-4	1.685623E+2	6.826479E-1	-1.807383E+0
1.374219E+0	3.347776E-4	9.740020E+1	1.724552E-4	1.612593E+2	-1.447266E-1	-1.742680E+0
1.376563E+0	2.347313E-4	6.903956E+1	1.714935E-4	1.550780E+2	-9.054371E-1	-1.365477E+0
1.378906E+0	1.204866E-4	3.265117E+1	1.761196E-4	1.484199E+2	-1.297413E+0	-6.160867E-1
1.381250E+0	3.969646E-5	-5.447709E+1	1.767290E-4	1.411027E+2	-1.216365E+0	6.032783E-2
1.383594E+0	8.973505E-5	-1.483719E+2	1.762315E-4	1.343376E+2	-8.879745E-1	4.967124E-1
1.385938E+0	1.440255E-4	-1.769367E+2	1.754302E-4	1.271354E+2	-5.400551E-1	6.800489E-1
1.388281E+0	1.850625E-4	1.621160E+2	1.795389E-4	1.201881E+2	-2.331246E-1	6.887523E-1
1.390625E+0	2.107252E-4	1.448295E+2	1.763572E-4	1.142467E+2	2.866358E-2	6.079332E-1
1.392969E+0	2.242872E-4	1.298135E+2	1.771396E-4	1.057411E+2	1.560437E-1	5.164552E-1
1.395313E+0	2.291558E-4	1.181956E+2	1.785591E-4	1.001546E+2	2.202648E-1	3.974537E-1
1.397656E+0	2.315680E-4	1.075105E+2	1.795810E-4	9.343009E+1	2.507481E-1	3.137116E-1
1.400000E+0	2.343391E-4	9.664730E+1	1.735741E-4	8.769931E+1	3.336505E-1	2.099887E-1
1.402344E+0	2.343845E-4	8.634541E+1	1.754584E-4	7.994279E+1	3.275090E-1	1.489655E-1
1.404688E+0	2.348345E-4	7.678839E+1	1.735471E-4	7.342658E+1	3.508171E-1	7.934980E-2
1.407031E+0	2.344655E-4	6.616729E+1	1.780988E-4	6.729199E+1	3.162376E-1	-2.584069E-2
1.409375E+0	2.319473E-4	5.715297E+1	1.745591E-4	6.037675E+1	3.266581E-1	-7.472405E-2
1.411719E+0	2.245537E-4	4.759052E+1	1.736654E-4	5.418063E+1	2.844814E-1	-1.483949E-1
1.414062E+0	2.186255E-4	3.917843E+1	1.757870E-4	4.768467E+1	2.300145E-1	-1.839639E-1
1.416406E+0	2.067588E-4	2.922807E+1	1.740826E-4	4.075787E+1	1.637383E-1	-2.373956E-1
1.418750E+0	1.916170E-4	2.088753E+1	1.727145E-4	3.534005E+1	7.433505E-2	-2.768923E-1
1.421094E+0	1.758155E-4	1.381807E+1	1.717828E-4	2.984282E+1	-1.629409E-2	-2.825331E-1
1.423438E+0	1.620921E-4	9.260906E+0	1.776681E-4	2.368787E+1	-1.164385E-1	-2.273033E-1
1.425781E+0	1.496819E-4	5.741179E+0	1.717574E-4	1.681526E+1	-1.447543E-1	-1.673908E-1
1.428125E+0	1.457948E-4	2.751641E+0	1.757574E-4	9.965819E+0	-1.770438E-1	-1.041704E-1
1.430469E+0	1.457435E-4	2.602704E+0	1.777639E-4	5.005661E+0	-1.808498E-1	-3.437492E-2
1.432813E+0	1.484742E-4	-1.386976E-1	1.782440E-4	-2.451013E+0	-1.676954E-1	3.360800E-2
1.435156E+0	1.594585E-4	-2.271465E+0	1.812103E-4	-8.407806E+0	-1.250781E-1	9.406349E-2
1.437500E+0	1.714156E-4	-7.267604E+0	1.809640E-4	-1.527816E+1	-6.200682E-2	1.320026E-1
1.439844E+0	1.778351E-4	-1.476831E+1	1.822751E-4	-2.239124E+1	-3.298098E-2	1.294218E-1
1.442188E+0	1.838098E-4	-2.173929E+1	1.890268E-4	-2.877156E+1	-3.491429E-2	1.190494E-1
1.444531E+0	1.913116E-4	-2.872534E+1	1.856591E-4	-3.531037E+1	2.364749E-2	1.181690E-1
1.446875E+0	2.024873E-4	-3.624811E+1	1.900244E-4	-4.172430E+1	6.072239E-2	1.016911E-1
1.449219E+0	2.087827E-4	-4.340910E+1	1.903091E-4	-4.918649E+1	9.149899E-2	1.104353E-1
1.451563E+0	2.130073E-4	-5.170780E+1	1.908559E-4	-5.663313E+1	1.119423E-1	9.582230E-2
1.453906E+0	2.230551E-4	-5.987920E+1	1.930952E-4	-6.325597E+1	1.531505E-1	6.804059E-2
1.456250E+0	2.336390E-4	-6.866383E+1	1.943588E-4	-7.149274E+1	2.006365E-1	5.932820E-2
1.458594E+0	2.345415E-4	-8.034252E+1	1.943758E-4	-7.803883E+1	2.056642E-1	-4.850225E-2
1.460937E+0	2.349368E-4	-9.019907E+1	1.947685E-4	-8.519809E+1	2.016442E-1	-1.051510E-1
1.463281E+0	2.282439E-4	-1.004183E+2	1.973048E-4	-9.281913E+1	1.466489E-1	-1.529787E-1
1.465625E+0	2.236074E-4	-1.116982E+2	1.925404E-4	-9.991720E+1	1.368894E-1	-2.371151E-1
1.467969E+0	1.998932E-4	-1.223641E+2	1.917514E-4	-1.061962E+2	1.230718E-3	-2.902762E-1
1.470313E+0	1.789761E-4	-1.340753E+2	1.930481E-4	-1.135826E+2	-1.315640E-1	-3.245688E-1
1.472656E+0	1.499035E-4	-1.443836E+2	1.913887E-4	-1.199533E+2	-2.868863E-1	-3.239375E-1
1.475000E+0	1.170094E-4	-1.484136E+2	1.886317E-4	-1.261164E+2	-4.260752E-1	-2.353509E-1
1.477344E+0	7.474667E-5	-1.402050E+2	1.872042E-4	-1.328972E+2	-6.039645E-1	-5.078812E-2
1.479688E+0	7.208347E-5	-1.009817E+2	1.863358E-4	-1.404526E+2	-7.013743E-1	2.459134E-1
1.482031E+0	1.354041E-4	-8.774610E+1	1.840068E-4	-1.465177E+2	-6.184903E-1	6.292433E-1
1.484375E+0	2.203205E-4	-9.638992E+1	1.850195E-4	-1.531931E+2	-3.480191E-1	9.964519E-1
1.486719E+0	3.137041E-4	-1.129168E+2	1.843793E-4	-1.599577E+2	1.594677E-1	1.245158E+0
1.489063E+0	4.029633E-4	-1.334371E+2	1.832141E-4	-1.665657E+2	8.418889E-1	1.202023E+0
1.491406E+0	4.721365E-4	-1.570903E+2	1.844895E-4	-1.715245E+2	1.478370E+0	6.379144E-1
1.493750E+0	5.253808E-4	1.777855E+2	1.859746E-4	-1.782440E+2	1.818233E+0	-1.956120E-1
1.496094E+0	5.339101E-4	1.496903E+2	1.832192E-4	1.749843E+2	1.634673E+0	-1.245067E+0
1.498438E+0	4.960894E-4	1.178598E+2	1.829884E-4	1.692260E+2	6.926139E-1	-2.117737E+0
1.500781E+0	4.171624E-4	8.122752E+1	1.828857E-4	1.626322E+2	-6.590940E-1	-2.255382E+0
1.503125E+0	3.158478E-4	3.623476E+1	1.811045E-4	1.565319E+2	-1.879825E+0	-1.505813E+0
1.505469E+0	2.548008E-4	-2.259334E+1	1.864780E-4	1.499209E+2	-2.354740E+0	-1.780124E-1
1.507812E+0	2.817784E-4	-8.685594E+1	1.874044E-4	1.429531E+2	-1.970319E+0	1.148585E+0
1.510156E+0	3.662018E-4	-1.336637E+2	1.863854E-4	1.368097E+2	-9.837666E-1	1.964689E+0
1.512500E+0	4.508713E-4	-1.698027E+2	1.861758E-4	1.298422E+2	1.978536E-1	2.104762E+0
1.514844E+0	5.030524E-4	1.586456E+2	1.902342E-4	1.236329E+2	1.165817E+0	1.517237E+0
1.517188E+0	5.216728E-4	1.292544E+2	1.896202E-4	1.170071E+2	1.688533E+0	5.836050E-1
1.519531E+0	4.925316E-4	1.006105E+2	1.921160E-4	1.103761E+2	1.526571E+0	-4.348526E-1
1.521875E+0	4.156985E-4	7.248557E+1	1.901500E-4	1.033434E+2	8.766938E-1	-1.121303E+0
1.524219E+0	2.905381E-4	4.593457E+1	1.902897E-4	9.714488E+1	-4.350297E-2	-1.190081E+0
1.526563E+0	1.734907E-4	2.976858E+1	1.931927E-4	9.066395E+1	-5.631982E-1	-7.846287E-1
1.528906E+0	7.329775E-5	3.986772E+1	1.904836E-4	8.335249E+1	-7.208068E-1	-2.648034E-1
1.531250E+0	8.190607E-5	9.629546E+1	1.915004E-4	7.686780E+1	-5.966457E-1	1.422624E-1
1.533594E+0	1.302897E-4	9.776929E+1	1.922559E-4	6.943109E+1	-4.035246E-1	3.216821E-1
1.535938E+0	1.712527E-4	8.787642E+1	1.907614E-4	6.331515E+1	-1.834968E-1	3.731569E-1
1.538281E+0	1.974563E-4	7.675977E+1	1.941399E-4	5.627315E+1	-4.724393E-2	3.559673E-1
1.540625E+0	2.129522E-4	6.673116E+1	1.918195E-4	5.010085E+1	6.373277E-2	3.177253E-1
1.542969E+0	2.245351E-4	5.561488E+1	1.922094E-4	4.309991E+1	1.404230E-1	2.531383E-1
1.545313E+0	2.338593E-4	4.529575E+1	1.935428E-4	3.683557E+1	1.951595E-1	1.777687E-1
1.547656E+0	2.351822E-4	3.490775E+1	1.967543E-4	2.942431E+1	1.898392E-1	1.142214E-1
1.550000E+0	2.373602E-4	2.547767E+1	1.929998E-4	2.451846E+1	2.296745E-1	2.058836E-2
1.552344E+0	2.324323E-4	1.605111E+1	1.926950E-4	1.703759E+1	2.060399E-1	-2.076683E-2
1.554687E+0	2.263059E-4	6.742098E+0	1.924316E-4	1.085211E+1	1.730085E-1	-8.428833E-2
1.557031E+0	2.218400E-4	-2.414666E+0	1.918913E-4	4.073235E+0	1.486674E-1	-1.306284E-1
1.559375E+0	2.064429E-4	-1.138743E+1	1.941765E-4	-7.722307E-1	4.497683E-2	-1.958490E-1
1.561719E+0	1.974200E-4	-1.675113E+1	1.931486E-4	-7.782325E+0	9.617558E-3	-1.593443E-1
1.564063E+0	1.840098E-4	-2.161405E+1	1.979345E-4	-1.466241E+1	-7.718421E-2	-1.125170E-1
1.566406E+0	1.751154E-4	-2.534406E+1	1.990546E-4	-2.132238E+1	-1.224308E-1	-6.169931E-2
1.568750E+0	1.762080E-4	-2.646911E+1	1.981091E-4	-2.812753E+1	-1.109233E-1	2.574142E-2
1.571094E+0	1.808110E-4	-2.944332E+1	1.984200E-4	-3.495707E+1	-9.296231E-2	8.755749E-2
1.573438E+0	1.978140E-4	-3.487121E+1	2.029027E-4	-4.116397E+1	-3.095359E-2	1.068598E-1
1.575781E+0	2.081816E-4	-4.235626E+1	2.043533E-4	-4.839085E+1	1.308853E-2	1.070983E-1
1.578125E+0	2.176430E-4	-4.993074E+1	2.043037E-4	-5.422515E+1	6.230066E-2	7.977056E-2
1.580469E+0	2.216102E-4	-5.945653E+1	2.061047E-4	-6.211134E+1	7.407715E-2	4.980320E-2
1.582813E+0	2.236000E-4	-6.687306E+1	2.094909E-4	-6.897942E+1	6.662828E-2	3.923004E-2
1.585156E+0	2.226578E-4	-7.544631E+1	2.077090E-4	-7.523611E+1	7.196271E-2	-3.932708E-3
1.587500E+0	2.176305E-4	-8.207735E+1	2.100684E-4	-8.268491E+1	3.594003E-2	1.098544E-2
1.589844E+0	2.207837E-4	-9.048758E+1	2.094674E-4	-9.001342E+1	5.398807E-2	-8.722639E-3
1.592188E+0	2.178808E-4	-9.688772E+1	2.155656E-4	-9.720352E+1	1.072477E-2	5.570918E-3
1.594531E+0	2.163166E-4	-1.049811E+2	2.103353E-4	-1.037975E+2	2.821755E-2	-2.124365E-2
1.596875E+0	2.199329E-4	-1.119990E+2	2.119394E-4	-1.116870E+2	3.770058E-2	-5.650779E-3
1.599219E+0	2.160607E-4	-1.194542E+2	2.086458E-4	-1.174756E+2	3.492082E-2	-3.575322E-2
1.601562E+0	2.120143E-4	-1.279194E+2	2.072694E-4	-1.255041E+2	2.198370E-2	-4.310720E-2
1.603906E+0	2.031113E-4	-1.355328E+2	2.075552E-4	-1.320343E+2	-2.323439E-2	-5.971588E-2
1.606250E+0	1.956986E-4	-1.414853E+2	2.048108E-4	-1.379909E+2	-4.626734E-2	-5.823922E-2
1.608594E+0	1.846279E-4	-1.474745E+2	2.063217E-4	-1.452754E+2	-1.058046E-1	-3.433746E-2
1.610938E+0	1.793665E-4	-1.491879E+2	2.020402E-4	-1.506920E+2	-1.125296E-1	2.330278E-2
1.613281E+0	1.806501E-4	-1.509824E+2	2.041213E-4	-1.583963E+2	-1.223853E-1	1.141988E-1
1.615625E+0	1.917585E-4	-1.531571E+2	2.034967E-4	-1.644298E+2	-7.586178E-2	1.842032E-1
1.617969E+0	2.158053E-4	-1.570365E+2	1.998323E-4	-1.718415E+2	4.407946E-2	2.759552E-1
1.620313E+0	2.508772E-4	-1.655587E+2	2.008477E-4	-1.777236E+2	2.210436E-1	2.632161E-1
1.622656E+0	2.735039E-4	-1.794246E+2	1.996879E-4	1.757439E+2	3.647901E-1	1.153603E-1
1.625000E+0	2.808483E-4	1.631134E+2	2.003065E-4	1.701597E+2	3.915033E-1	-1.719966E-1
1.627344E+0	2.579710E-4	1.459451E+2	2.006414E-4	1.645852E+2	2.182885E-1	-4.109488E-1
1.629688E+0	2.014028E-4	1.326920E+2	1.992907E-4	1.574993E+2	-8.265583E-2	-4.240144E-1
1.632031E+0	1.443179E-4	1.294771E+2	2.001523E-4	1.518268E+2	-3.331240E-1	-2.741818E-1
1.634375E+0	1.197007E-4	1.437640E+2	2.023906E-4	1.451002E+2	-4.087267E-1	-1.379164E-2
1.636719E+0	1.481732E-4	1.553733E+2	2.029994E-4	1.389935E+2	-2.997055E-1	2.058396E-1
1.639063E+0	1.933486E-4	1.527445E+2	2.075901E-4	1.317201E+2	-1.306091E-1	3.341528E-1
1.641406E+0	2.380796E-4	1.429254E+2	2.055068E-4	1.249811E+2	1.021464E-1	3.569249E-1
1.643750E+0	2.643722E-4	1.293826E+2	2.106653E-4	1.181922E+2	2.310802E-1	2.435461E-1
1.646094E+0	2.731062E-4	1.142375E+2	2.068303E-4	1.125919E+2	3.198915E-1	3.791921E-2
1.648437E+0	2.609278E-4	9.992031E+1	2.096508E-4	1.062776E+2	2.369296E-1	-1.378103E-1
1.650781E+0	2.356904E-4	8.926620E+1	2.129055E-4	9.873150E+1	9.194720E-2	-1.820495E-1
1.653125E+0	2.092335E-4	8.319931E+1	2.141606E-4	9.108517E+1	-3.224565E-2	-1.340436E-1
1.655469E+0	2.009236E-4	8.003552E+1	2.176315E-4	8.496349E+1	-8.018425E-2	-7.930837E-2
1.657813E+0	1.941688E-4	7.505301E+1	2.159300E-4	7.788459E+1	-1.018769E-1	-4.442177E-2
1.660156E+0	2.001383E-4	7.235814E+1	2.161029E-4	7.142373E+1	-7.399815E-2	1.510307E-2
1.662500E+0	2.033536E-4	6.793330E+1	2.161694E-4	6.371929E+1	-6.182910E-2	6.912561E-2
1.664844E+0	2.116703E-4	6.215844E+1	2.169595E-4	5.651840E+1	-2.910176E-2	9.588247E-2
1.667188E+0	2.161024E-4	5.553164E+1	2.140644E-4	5.014544E+1	5.063065E-3	9.476220E-2
1.669531E+0	2.257751E-4	4.788028E+1	2.106463E-4	4.354650E+1	6.875627E-2	8.099389E-2
1.671875E+0	2.246265E-4	4.018793E+1	2.125040E-4	3.623466E+1	5.453086E-2	7.287576E-2
1.674219E+0	2.311386E-4	3.242613E+1	2.117400E-4	2.994726E+1	9.059370E-2	4.721339E-2
1.676563E+0	2.303617E-4	2.435008E+1	2.110687E-4	2.327465E+1	9.121401E-2	2.048427E-2
1.678906E+0	2.296333E-4	1.599457E+1	2.098221E-4	1.695331E+1	9.426582E-2	-1.831224E-2
1.681250E+0	2.225292E-4	9.025237E+0	2.080043E-4	9.973259E+0	6.968336E-2	-1.770071E-2
1.683594E+0	2.169339E-4	1.395451E+0	2.074892E-4	3.933266E+0	4.449357E-2	-4.629427E-2
1.685938E+0	2.138870E-4	-4.934991E+0	2.070743E-4	-1.895347E+0	3.144658E-2	-5.477149E-2
1.688281E+0	2.054136E-4	-1.112563E+1	2.085644E-4	-8.369925E+0	-1.624601E-2	-4.735127E-2
1.690625E+0	2.015244E-4	-1.685127E+1	2.065626E-4	-1.532472E+1	-2.473692E-2	-2.599040E-2
1.692969E+0	2.038049E-4	-2.178493E+1	2.072134E-4	-2.099170E+1	-1.654348E-2	-1.361631E-2
1.695312E+0	2.025961E-4	-2.638156E+1	2.089846E-4	-2.694102E+1	-3.061545E-2	9.465778E-3
1.697656E+0	2.053248E-4	-3.168060E+1	2.058257E-4	-3.389919E+1	-3.181380E-3	3.861781E-2
1.700000E+0	2.088621E-4	-3.664022E+1	2.115454E-4	-3.937780E+1	-1.381104E-2	4.715579E-2
1.702344E+0	2.139076E-4	-4.371539E+1	2.130223E-4	-4.567270E+1	3.570031E-3	3.429680E-2
1.704688E+0	2.211566E-4	-4.906319E+1	2.156307E-4	-5.236886E+1	2.392016E-2	5.914053E-2
1.707031E+0	2.243221E-4	-5.615639E+1	2.128750E-4	-5.818605E+1	5.311270E-2	3.732134E-2
1.709375E+0	2.286654E-4	-6.383524E+1	2.179538E-4	-6.575342E+1	4.855830E-2	3.511734E-2
1.711719E+0	2.324312E-4	-7.083003E+1	2.213842E-4	-7.207705E+1	4.965102E-2	2.284885E-2
1.714063E+0	2.393410E-4	-7.782198E+1	2.243677E-4	-7.937570E+1	6.634335E-2	2.892369E-2
1.716406E+0	2.437047E-4	-8.595178E+1	2.223224E-4	-8.605450E+1	9.617523E-2	1.965227E-3
1.718750E+0	2.447942E-4	-9.552051E+1	2.275128E-4	-9.310102E+1	7.499874E-2	-4.542212E-2
1.721094E+0	2.464783E-4	-1.036576E+2	2.278248E-4	-1.002950E+2	8.001388E-2	-6.345720E-2
1.723438E+0	2.351527E-4	-1.119958E+2	2.336165E-4	-1.075519E+2	3.549643E-3	-7.799245E-2
1.725781E+0	2.225335E-4	-1.197650E+2	2.328668E-4	-1.142367E+2	-4.881916E-2	-9.206249E-2
1.728125E+0	2.047341E-4	-1.247000E+2	2.312105E-4	-1.219317E+2	-1.155455E-1	-4.276655E-2
1.730469E+0	2.017561E-4	-1.263407E+2	2.322014E-4	-1.291297E+2	-1.321451E-1	4.227817E-2
1.732813E+0	2.178091E-4	-1.264150E+2	2.345849E-4	-1.364644E+2	-8.575786E-2	1.620184E-1
1.735156E+0	2.470471E-4	-1.325373E+2	2.338976E-4	-1.441675E+2	3.453395E-2	2.129277E-1
1.737500E+0	2.761065E-4	-1.432371E+2	2.319316E-4	-1.506125E+2	1.806157E-1	1.528198E-1
1.739844E+0	2.803638E-4	-1.584216E+2	2.257404E-4	-1.585167E+2	2.419727E-1	2.061438E-3
1.742187E+0	2.678297E-4	-1.731541E+2	2.284337E-4	-1.642846E+2	1.584412E-1	-1.807753E-1
1.744531E+0	2.286060E-4	1.757231E+2	2.235912E-4	-1.717517E+2	-1.904631E-3	-2.217330E-1
1.746875E+0	1.918767E-4	1.722134E+2	2.180157E-4	-1.783228E+2	-1.318735E-1	-1.447108E-1
1.749219E+0	1.761515E-4	1.753281E+2	2.194391E-4	1.756265E+2	-1.972756E-1	-4.180676E-3
1.751563E+0	1.827249E-4	1.788541E+2	2.174415E-4	1.682116E+2	-1.741145E-1	1.551944E-1
1.753906E+0	2.184263E-4	1.750349E+2	2.155321E-4	1.619765E+2	-1.277881E-2	2.289781E-1
1.756250E+0	2.434702E-4	1.651981E+2	2.126001E-4	1.559580E+2	1.303427E-1	1.838875E-1
1.758594E+0	2.520908E-4	1.515724E+2	2.129792E-4	1.494548E+2	1.828321E-1	4.373632E-2
1.760938E+0	2.426524E-4	1.408494E+2	2.118151E-4	1.432291E+2	1.445980E-1	-4.756663E-2
1.763281E+0	2.231002E-4	1.327702E+2	2.097516E-4	1.381526E+2	5.895026E-2	-9.977209E-2
1.765625E+0	2.127145E-4	1.288520E+2	2.084515E-4	1.317444E+2	1.915081E-2	-5.149242E-2
1.767969E+0	2.048745E-4	1.229628E+2	2.096832E-4	1.253071E+2	-2.375091E-2	-3.996627E-2
1.770313E+0	2.041565E-4	1.205526E+2	2.096186E-4	1.190863E+2	-2.637624E-2	2.492219E-2
1.772656E+0	2.054978E-4	1.141940E+2	2.126865E-4	1.125856E+2	-3.418019E-2	2.711950E-2
1.775000E+0	2.142960E-4	1.097801E+2	2.107803E-4	1.070235E+2	1.550301E-2	4.889536E-2
1.777344E+0	2.157772E-4	1.037181E+2	2.140992E-4	1.005785E+2	6.324780E-3	5.519819E-2
1.779688E+0	2.252014E-4	9.654269E+1	2.163002E-4	9.410206E+1	4.020762E-2	4.433657E-2
1.782031E+0	2.250159E-4	9.004855E+1	2.173148E-4	8.826701E+1	3.493703E-2	3.219044E-2
1.784375E+0	2.299636E-4	8.244981E+1	2.175686E-4	8.129923E+1	5.675743E-2	2.122403E-2
1.786719E+0	2.301974E-4	7.473133E+1	2.197611E-4	7.498679E+1	4.747888E-2	-4.670339E-3
1.789063E+0	2.289288E-4	6.778632E+1	2.241481E-4	6.960090E+1	2.081615E-2	-3.234046E-2
1.791406E+0	2.312336E-4	6.120585E+1	2.230490E-4	6.164983E+1	3.666305E-2	-8.033172E-3
1.793750E+0	2.291990E-4	5.560939E+1	2.225367E-4	5.561143E+1	2.993798E-2	-3.667065E-5
1.796094E+0	2.338619E-4	4.825230E+1	2.245356E-4	4.809047E+1	4.153180E-2	2.941779E-3
1.798438E+0	2.328765E-4	4.134698E+1	2.270548E-4	4.064997E+1	2.556417E-2	1.247673E-2
1.800781E+0	2.339331E-4	3.574137E+1	2.284029E-4	3.402491E+1	2.375291E-2	3.067864E-2
1.803125E+0	2.316527E-4	2.789997E+1	2.287848E-4	2.747505E+1	1.250752E-2	7.509150E-3
1.805469E+0	2.353700E-4	2.203029E+1	2.317178E-4	1.975431E+1	1.496011E-2	4.033883E-2
1.807813E+0	2.370872E-4	1.518002E+1	2.308773E-4	1.361228E+1	2.651258E-2	2.809468E-2
1.810156E+0	2.369328E-4	8.418522E+0	2.282016E-4	6.654111E+0	3.776864E-2	3.196796E-2
1.812500E+0	2.396557E-4	7.310825E-1	2.350261E-4	1.540111E-1	1.964652E-2	1.027002E-2
1.814844E+0	2.391652E-4	-6.475348E+0	2.294741E-4	-6.823597E+0	4.221253E-2	6.334741E-3
1.817188E+0	2.364497E-4	-1.282474E+1	2.296269E-4	-1.276777E+1	2.971204E-2	-1.023858E-3
1.819531E+0	2.350605E-4	-1.990696E+1	2.306943E-4	-2.083501E+1	1.879269E-2	1.650337E-2
1.821875E+0	2.382601E-4	-2.629183E+1	2.286862E-4	-2.659843E+1	4.184987E-2	5.575179E-3
1.824219E+0	2.376277E-4	-3.386493E+1	2.288414E-4	-3.385510E+1	3.839470E-2	-1.781531E-4
1.826563E+0	2.353380E-4	-4.086407E+1	2.319485E-4	-4.066320E+1	1.460692E-2	-3.557067E-3
1.828906E+0	2.364041E-4	-4.707345E+1	2.279007E-4	-4.652502E+1	3.726434E-2	-9.928903E-3
1.831250E+0	2.311171E-4	-5.302055E+1	2.291900E-4	-5.305618E+1	8.408113E-3	6.270896E-4
1.833594E+0	2.318451E-4	-5.881634E+1	2.309523E-4	-5.962378E+1	3.766052E-3	1.414650E-2
1.835938E+0	2.315147E-4	-6.518056E+1	2.302283E-4	-6.685786E+1	5.156638E-3	2.943377E-2
1.838281E+0	2.355451E-4	-7.116213E+1	2.330968E-4	-7.227254E+1	1.031360E-2	1.958264E-2
1.840625E+0	2.411976E-4	-7.875289E+1	2.302648E-4	-7.965046E+1	4.735072E-2	1.640867E-2
1.842969E+0	2.430258E-4	-8.596095E+1	2.301967E-4	-8.604646E+1	5.572986E-2	1.575605E-3
1.845313E+0	2.411205E-4	-9.393509E+1	2.364068E-4	-9.266039E+1	1.968653E-2	-2.268944E-2
1.847656E+0	2.353035E-4	-1.004152E+2	2.335795E-4	-9.862059E+1	6.886675E-3	-3.154787E-2
1.850000E+0	2.337701E-4	-1.077415E+2	2.323674E-4	-1.064272E+2	5.771889E-3	-2.307531E-2
1.852344E+0	2.344421E-4	-1.125219E+2	2.350810E-4	-1.124327E+2	-2.718995E-3	-1.552602E-3
1.854688E+0	2.338638E-4	-1.185424E+2	2.367078E-4	-1.192913E+2	-1.209921E-2	1.291336E-2
1.857031E+0	2.385424E-4	-1.246253E+2	2.319898E-4	-1.266681E+2	2.759174E-2	3.665286E-2
1.859375E+0	2.433563E-4	-1.326042E+2	2.341813E-4	-1.330467E+2	3.914806E-2	8.025585E-3
1.861719E+0	2.479862E-4	-1.386745E+2	2.357889E-4	-1.398841E+2	5.149538E-2	2.220195E-2
1.864063E+0	2.440047E-4	-1.468204E+2	2.366636E-4	-1.457486E+2	3.083875E-2	-1.928557E-2
1.866406E+0	2.392973E-4	-1.530088E+2	2.343238E-4	-1.535860E+2	2.117308E-2	1.028769E-2
1.868750E+0	2.400703E-4	-1.606139E+2	2.378604E-4	-1.597696E+2	9.181165E-3	-1.487218E-2
1.871094E+0	2.392272E-4	-1.670062E+2	2.343228E-4	-1.670913E+2	2.092898E-2	1.516362E-3
1.873438E+0	2.360874E-4	-1.733441E+2	2.341886E-4	-1.734655E+2	8.105732E-3	2.136008E-3
1.875781E+0	2.370137E-4	1.797535E+2	2.305168E-4	-1.796014E+2	2.811889E-2	-1.157620E-2
1.878125E+0	2.417858E-4	1.739455E+2	2.310574E-4	1.733145E+2	4.636829E-2	1.152415E-2
1.880469E+0	2.382715E-4	1.670949E+2	2.304998E-4	1.666389E+2	3.368399E-2	8.226956E-3
1.882813E+0	2.358537E-4	1.612219E+2	2.301836E-4	1.607287E+2	2.459498E-2	8.819894E-3
1.885156E+0	2.353007E-4	1.542728E+2	2.324996E-4	1.541294E+2	1.204459E-2	2.532953E-3
1.887500E+0	2.372531E-4	1.477604E+2	2.323135E-4	1.478314E+2	2.126186E-2	-1.265532E-3
1.889844E+0	2.370446E-4	1.413840E+2	2.310707E-4	1.412549E+2	2.585052E-2	2.311471E-3
1.892188E+0	2.371697E-4	1.353877E+2	2.328756E-4	1.345653E+2	1.833455E-2	1.461776E-2
1.894531E+0	2.378006E-4	1.286765E+2	2.356844E-4	1.278203E+2	8.866302E-3	1.507713E-2
1.896875E+0	2.376537E-4	1.219031E+2	2.368451E-4	1.227177E+2	3.312634E-3	-1.426551E-2
1.899219E+0	2.410929E-4	1.155229E+2	2.357056E-4	1.156131E+2	2.285479E-2	-1.610268E-3
1.901563E+0	2.402640E-4	1.103092E+2	2.368591E-4	1.089243E+2	1.407891E-2	2.451614E-2
1.903906E+0	2.424762E-4	1.032744E+2	2.368444E-4	1.024489E+2	2.367222E-2	1.474978E-2
1.906250E+0	2.443819E-4	9.624458E+1	2.379450E-4	9.593408E+1	2.703697E-2	5.565822E-3
1.908594E+0	2.422811E-4	9.051946E+1	2.379216E-4	8.900260E+1	1.796642E-2	2.695615E-2
1.910938E+0	2.449132E-4	8.352926E+1	2.369757E-4	8.280408E+1	3.341222E-2	1.308037E-2
1.913281E+0	2.463034E-4	7.646716E+1	2.390520E-4	7.564405E+1	3.022767E-2	1.480125E-2
1.915625E+0	2.459366E-4	6.857450E+1	2.401259E-4	6.987314E+1	2.393549E-2	-2.321203E-2
1.917969E+0	2.476521E-4	6.326107E+1	2.468587E-4	6.307733E+1	3.208826E-3	3.217169E-3
1.920313E+0	2.485619E-4	5.603209E+1	2.450587E-4	5.534467E+1	1.422235E-2	1.216896E-2
1.922656E+0	2.489569E-4	4.912799E+1	2.431052E-4	4.888391E+1	2.406136E-2	4.362527E-3
1.925000E+0	2.452776E-4	4.280034E+1	2.433477E-4	4.251327E+1	7.917977E-3	5.050031E-3
1.927344E+0	2.465649E-4	3.592288E+1	2.408502E-4	3.607138E+1	2.372376E-2	-2.653307E-3
1.929688E+0	2.438184E-4	2.939348E+1	2.427288E-4	2.871458E+1	4.418446E-3	1.190195E-2
1.932031E+0	2.468684E-4	2.310925E+1	2.440061E-4	2.207225E+1	1.156474E-2	1.831037E-2
1.934375E+0	2.438629E-4	1.710372E+1	2.430844E-4	1.543530E+1	2.777293E-3	2.920855E-2
1.936719E+0	2.464435E-4	9.621631E+0	2.393054E-4	9.065030E+0	2.977982E-2	1.000413E-2
1.939063E+0	2.455210E-4	2.923940E+0	2.376539E-4	2.978842E+0	3.310271E-2	-9.899407E-4
1.941406E+0	2.486399E-4	-3.784840E+0	2.415440E-4	-3.707456E+0	2.937632E-2	-1.390282E-3
1.943750E+0	2.439390E-4	-9.180313E+0	2.387768E-4	-1.048347E+1	2.135512E-2	2.323410E-2
1.946094E+0	2.451576E-4	-1.589413E+1	2.425181E-4	-1.550738E+1	1.086069E-2	-6.823475E-3
1.948438E+0	2.458784E-4	-2.209655E+1	2.418832E-4	-2.281729E+1	1.643664E-2	1.278672E-2
1.950781E+0	2.458845E-4	-2.855110E+1	2.416407E-4	-2.810411E+1	1.753147E-2	-7.938379E-3
1.953125E+0	2.451056E-4	-3.489907E+1	2.440705E-4	-3.498778E+1	4.239784E-3	1.554847E-3
1.955469E+0	2.456582E-4	-4.077417E+1	2.440931E-4	-4.163966E+1	6.297078E-3	1.520193E-2
1.957813E+0	2.493817E-4	-4.698038E+1	2.472187E-4	-4.782979E+1	8.638488E-3	1.495416E-2
1.960156E+0	2.506201E-4	-5.313815E+1	2.485417E-4	-5.421535E+1	8.184174E-3	1.895679E-2
1.962500E+0	2.549331E-4	-5.923159E+1	2.508231E-4	-6.004552E+1	1.628350E-2	1.443805E-2
1.964844E+0	2.569155E-4	-6.584555E+1	2.498002E-4	-6.609679E+1	2.847408E-2	4.509852E-3
1.967188E+0	2.597823E-4	-7.317020E+1	2.595412E-4	-7.303541E+1	9.261772E-4	-2.354713E-3
1.969531E+0	2.659958E-4	-7.863101E+1	2.621976E-4	-7.877029E+1	1.448302E-2	2.466106E-3
1.971875E+0	2.678627E-4	-8.626201E+1	2.681843E-4	-8.587166E+1	-1.222355E-3	-6.804670E-3
1.974219E+0	2.703752E-4	-9.246400E+1	2.674653E-4	-9.317748E+1	1.080117E-2	1.258773E-2
1.976563E+0	2.740241E-4	-9.965901E+1	2.695862E-4	-9.925632E+1	1.643679E-2	-7.143906E-3
1.978906E+0	2.777829E-4	-1.067315E+2	2.749087E-4	-1.066496E+2	1.045408E-2	-1.444369E-3
1.981250E+0	2.806404E-4	-1.139462E+2	2.773477E-4	-1.140976E+2	1.186857E-2	2.673797E-3
1.983594E+0	2.825669E-4	-1.202901E+2	2.820403E-4	-1.205851E+2	1.853830E-3	5.158312E-3
1.985938E+0	2.883815E-4	-1.277673E+2	2.827414E-4	-1.282089E+2	1.991762E-2	7.861042E-3
1.988281E+0	2.867038E-4	-1.348075E+2	2.861151E-4	-1.354642E+2	1.991745E-3	1.148491E-2
1.990625E+0	2.921302E-4	-1.423966E+2	2.877053E-4	-1.427331E+2	1.536246E-2	5.963326E-3
1.992969E+0	2.914259E-4	-1.500357E+2	2.872501E-4	-1.501153E+2	1.453618E-2	1.409478E-3
1.995313E+0	2.941965E-4	-1.573918E+2	2.892654E-4	-1.569147E+2	1.701171E-2	-8.468818E-3
1.997656E+0	2.901565E-4	-1.641784E+2	2.880379E-4	-1.647842E+2	7.298975E-3	1.065078E-2
2.000000E+0	2.921532E-4	-1.719522E+2	2.891427E-4	-1.719382E+2	1.041178E-2	-2.468902E-4
