7.021484E-1	2.295339E-5	-1.083187E+2	2.011550E-5	-9.249373E+1	9.783197E-2	-3.111720E-1
7.042969E-1	3.157012E-5	-1.066487E+2	2.537310E-5	-1.024838E+2	2.409500E-1	-9.036539E-2
7.064453E-1	2.262943E-5	-1.068092E+2	2.751836E-5	-1.151478E+2	-1.863542E-1	1.192580E-1
7.085937E-1	2.145376E-5	-1.297053E+2	2.623138E-5	-1.259205E+2	-1.839175E-1	-5.398669E-2
7.107422E-1	2.258003E-5	-1.186641E+2	3.055037E-5	-1.287246E+2	-2.722564E-1	1.291133E-1
7.128906E-1	3.288910E-5	-1.212668E+2	2.423736E-5	-1.318236E+2	3.339906E-1	2.486087E-1
7.150391E-1	3.199890E-5	-1.320460E+2	2.933639E-5	-1.341597E+2	9.001578E-2	4.023005E-2
7.171875E-1	2.515393E-5	-1.538470E+2	2.621364E-5	-1.307944E+2	-1.170520E-1	-3.757462E-1
7.193359E-1	2.388576E-5	-1.492974E+2	2.729247E-5	-1.496821E+2	-1.248421E-1	5.876145E-3
7.214844E-1	1.676531E-5	-1.690980E+2	2.740739E-5	-1.413550E+2	-4.586115E-1	-2.847538E-1
7.236328E-1	3.286904E-5	-1.548185E+2	3.208116E-5	-1.594234E+2	2.125170E-2	8.225587E-2
7.257812E-1	2.226292E-5	-1.632431E+2	2.567759E-5	-1.738723E+2	-1.478592E-1	1.599233E-1
7.279297E-1	2.499572E-5	1.714373E+2	2.764436E-5	-1.786754E+2	-1.092408E-1	-1.552589E-1
7.300781E-1	2.973607E-5	1.722371E+2	2.084308E-5	-1.739220E+2	3.852390E-1	-3.412960E-1
7.322266E-1	1.962278E-5	1.653451E+2	2.810311E-5	1.698251E+2	-3.038911E-1	-5.454047E-2
7.343750E-1	2.827672E-5	1.626664E+2	2.146944E-5	1.741500E+2	2.907029E-1	-2.622118E-1
7.365234E-1	2.339502E-5	1.721298E+2	3.255026E-5	1.653867E+2	-2.862365E-1	8.439232E-2
7.386719E-1	2.610990E-5	1.570852E+2	2.312458E-5	1.558909E+2	1.288520E-1	2.353373E-2
7.408203E-1	2.614630E-5	1.478000E+2	2.337178E-5	1.576579E+2	1.021950E-1	-1.915294E-1
7.429687E-1	2.852494E-5	1.489533E+2	2.544107E-5	1.480352E+2	1.210723E-1	1.796545E-2
7.451172E-1	3.334270E-5	1.327578E+2	3.355424E-5	1.430098E+2	-2.216928E-2	-1.768558E-1
7.472656E-1	2.392450E-5	1.400321E+2	2.116779E-5	1.368264E+2	1.284628E-1	6.320348E-2
7.494141E-1	2.377716E-5	1.270518E+2	2.486766E-5	1.175181E+2	-5.705811E-2	1.583646E-1
7.515625E-1	1.981052E-5	1.185298E+2	2.378034E-5	1.172222E+2	-1.671540E-1	1.901045E-2
7.537109E-1	2.525553E-5	1.106636E+2	2.648238E-5	1.111435E+2	-4.636048E-2	-7.987714E-3
7.558594E-1	2.531751E-5	1.113219E+2	2.072355E-5	1.130331E+2	2.211334E-1	-3.648131E-2
7.580078E-1	2.777712E-5	1.132164E+2	2.882374E-5	1.072310E+2	-4.156459E-2	1.004887E-1
7.601562E-1	2.400302E-5	8.801437E+1	2.814341E-5	9.299921E+1	-1.503434E-1	-7.410879E-2
7.623047E-1	2.762581E-5	8.087122E+1	2.901533E-5	8.869736E+1	-5.675730E-2	-1.296466E-1
7.644531E-1	2.526469E-5	8.426854E+1	2.857686E-5	8.593973E+1	-1.162800E-1	-2.578345E-2
7.666015E-1	2.586078E-5	8.622798E+1	2.075468E-5	8.045518E+1	2.397025E-1	1.253298E-1
7.687500E-1	2.670878E-5	7.750806E+1	2.658493E-5	8.171072E+1	1.957204E-3	-7.362591E-2
7.708984E-1	2.452518E-5	7.372616E+1	3.417478E-5	7.027539E+1	-2.836614E-1	4.319538E-2
7.730469E-1	2.014318E-5	5.600909E+1	2.824762E-5	6.330783E+1	-2.926850E-1	-9.059333E-2
7.751953E-1	1.643733E-5	5.548972E+1	2.870643E-5	6.112265E+1	-4.301640E-1	-5.620358E-2
7.773437E-1	2.900583E-5	5.401612E+1	3.433273E-5	5.754951E+1	-1.567612E-1	-5.206796E-2
7.794922E-1	2.762010E-5	4.968987E+1	2.943486E-5	5.437211E+1	-6.478494E-2	-7.659683E-2
7.816406E-1	2.241283E-5	3.171796E+1	2.237759E-5	4.912016E+1	-4.426844E-2	-2.995484E-1
7.837890E-1	2.161850E-5	2.924626E+1	2.821259E-5	3.037564E+1	-2.338775E-1	-1.510330E-2
7.859375E-1	2.012640E-5	3.107606E+1	3.424786E-5	1.822752E+1	-4.270456E-1	1.306826E-1
7.880859E-1	2.343693E-5	2.709253E+1	2.244359E-5	2.595154E+1	4.405235E-2	2.079404E-2
7.902344E-1	2.554255E-5	2.273372E+1	3.400525E-5	8.104994E+0	-2.732143E-1	1.897026E-1
7.923828E-1	2.077452E-5	2.254016E+1	2.733824E-5	2.563568E+0	-2.858149E-1	2.596117E-1
7.945312E-1	1.965302E-5	-2.630746E+0	2.971913E-5	5.773670E+0	-3.458097E-1	-9.665394E-2
7.966797E-1	1.554613E-5	-1.347024E+1	2.799291E-5	-2.220637E+0	-4.553108E-1	-1.083415E-1
7.988281E-1	1.867163E-5	2.168964E+0	3.287777E-5	-6.362008E+0	-4.383730E-1	8.424612E-2
8.009765E-1	2.001025E-5	3.602109E+0	2.712261E-5	-2.660686E+1	-3.624220E-1	3.712129E-1
8.031250E-1	1.756644E-5	-3.833306E-1	3.018994E-5	-1.489604E+1	-4.367020E-1	1.458121E-1
8.052734E-1	2.678698E-5	-3.198756E+0	3.134879E-5	-2.983505E+1	-2.362037E-1	3.830860E-1
8.074218E-1	2.123198E-5	-4.653427E+0	3.320939E-5	-3.485873E+1	-4.474672E-1	3.216502E-1
8.095703E-1	2.986186E-5	-9.781402E+0	2.837911E-5	-4.845221E+1	-1.784586E-1	6.574918E-1
8.117187E-1	2.085320E-5	-1.324372E+1	3.005485E-5	-5.125163E+1	-4.533071E-1	4.272449E-1
8.138672E-1	2.035893E-5	-9.752706E+0	2.694725E-5	-5.133769E+1	-4.348993E-1	5.014551E-1
8.160156E-1	2.977773E-5	-3.281172E+1	3.138575E-5	-6.954909E+1	-2.396726E-1	5.675024E-1
8.181640E-1	3.010186E-5	-2.287822E+1	2.796714E-5	-7.695023E+1	-3.684442E-1	8.715634E-1
8.203125E-1	3.182552E-5	-3.332262E+1	2.821677E-5	-7.388307E+1	-1.431161E-1	7.334129E-1
8.224609E-1	2.895442E-5	-4.071204E+1	3.094387E-5	-7.251791E+1	-2.047993E-1	4.931581E-1
8.246093E-1	3.001634E-5	-5.073363E+1	3.142421E-5	-8.284918E+1	-1.909687E-1	5.078104E-1
8.267578E-1	3.199148E-5	-6.490429E+1	3.167227E-5	-8.930807E+1	-8.016551E-2	4.173286E-1
8.289062E-1	3.117124E-5	-4.572746E+1	3.600822E-5	-9.985719E+1	-4.927589E-1	7.014921E-1
8.310547E-1	2.977466E-5	-6.563526E+1	2.524040E-5	-1.125815E+2	-1.946763E-1	8.619810E-1
8.332031E-1	3.824945E-5	-6.032325E+1	2.870377E-5	-1.103179E+2	-1.433527E-1	1.020719E+0
8.353515E-1	4.069175E-5	-6.880203E+1	3.637027E-5	-1.148040E+2	-2.228307E-1	8.048378E-1
8.375000E-1	4.461459E-5	-7.052264E+1	3.375292E-5	-1.205719E+2	-1.512346E-1	1.013287E+0
8.396484E-1	5.905195E-5	-7.373752E+1	2.495175E-5	-1.275553E+2	3.971616E-1	1.910223E+0
8.417968E-1	7.255340E-5	-8.243126E+1	2.846226E-5	-1.298065E+2	7.262413E-1	1.875646E+0
8.439453E-1	8.673858E-5	-9.486788E+1	3.313008E-5	-1.395809E+2	8.605410E-1	1.841996E+0
8.460937E-1	1.043746E-4	-1.092234E+2	2.774609E-5	-1.555584E+2	1.597284E+0	2.721228E+0
8.482422E-1	1.240612E-4	-1.207312E+2	2.455927E-5	-1.457376E+2	3.577977E+0	2.135368E+0
8.503906E-1	1.423415E-4	-1.374424E+2	3.857845E-5	-1.603783E+2	2.397964E+0	1.437866E+0
8.525390E-1	1.764970E-4	-1.630719E+2	3.458202E-5	-1.650535E+2	4.100669E+0	1.764793E-1
8.546875E-1	1.772999E-4	1.766498E+2	2.903929E-5	-1.642079E+2	4.767926E+0	-2.002094E+0
8.568359E-1	1.679285E-4	1.530476E+2	2.915873E-5	-1.752782E+2	3.901282E+0	-3.024045E+0
8.589843E-1	1.604484E-4	1.282410E+2	3.404892E-5	1.777294E+2	2.061113E+0	-3.582634E+0
8.611328E-1	1.410167E-4	1.052981E+2	2.127865E-5	1.661733E+2	2.225521E+0	-5.789220E+0
8.632812E-1	1.117154E-4	8.501044E+1	2.823642E-5	1.606253E+2	-1.706996E-2	-3.832386E+0
8.654296E-1	9.692481E-5	6.907845E+1	3.281175E-5	1.630743E+2	-1.205845E+0	-2.946786E+0
8.675781E-1	8.101774E-5	4.882554E+1	3.076771E-5	1.508387E+2	-1.548066E+0	-2.575539E+0
8.697265E-1	6.936086E-5	2.936889E+1	2.873864E-5	1.403848E+2	-1.865549E+0	-2.252961E+0
8.718750E-1	5.996972E-5	1.301381E+0	2.528997E-5	1.354175E+2	-2.650686E+0	-1.702418E+0
8.740234E-1	5.321749E-5	-1.993442E+1	3.433923E-5	1.328249E+2	-2.377877E+0	-7.093696E-1
8.761718E-1	4.559315E-5	-5.074389E+1	2.927825E-5	1.251738E+2	-2.553285E+0	-1.108588E-1
8.783203E-1	4.513188E-5	-8.578794E+1	3.309195E-5	1.239260E+2	-2.184504E+0	6.760109E-1
8.804687E-1	4.622588E-5	-1.082081E+2	2.849785E-5	1.053010E+2	-2.352490E+0	8.955025E-1
8.826171E-1	5.209509E-5	-1.441508E+2	2.908797E-5	1.151703E+2	-1.331871E+0	1.759932E+0
8.847656E-1	5.343650E-5	-1.661018E+2	2.871482E-5	1.077245E+2	-8.758161E-1	1.856790E+0
8.869140E-1	7.182504E-5	1.717921E+2	3.350706E-5	1.036047E+2	-2.035059E-1	1.990108E+0
8.890625E-1	7.751985E-5	1.590347E+2	3.742164E-5	9.725162E+1	-2.056035E-2	1.825353E+0
8.912109E-1	8.698536E-5	1.393092E+2	2.706407E-5	9.059958E+1	1.120875E+0	2.414959E+0
8.933593E-1	9.905885E-5	1.194555E+2	2.845818E-5	8.031598E+1	1.699792E+0	2.197155E+0
8.955078E-1	1.092615E-4	1.009464E+2	3.555746E-5	7.706271E+1	1.809688E+0	1.244125E+0
8.976562E-1	1.168577E-4	7.873360E+1	3.383245E-5	6.003561E+1	2.271715E+0	1.107286E+0
8.998046E-1	1.251325E-4	6.190858E+1	2.783292E-5	5.713562E+1	3.480255E+0	3.740883E-1
9.019531E-1	1.345593E-4	4.308825E+1	3.160229E-5	5.922543E+1	3.090132E+0	-1.183432E+0
9.041015E-1	1.435123E-4	1.984501E+1	3.372743E-5	5.724429E+1	2.380316E+0	-2.584379E+0
9.062500E-1	1.325929E-4	-3.729840E+0	2.875024E-5	2.794403E+1	2.924951E+0	-2.421627E+0
9.083984E-1	1.370358E-4	-2.355879E+1	3.372855E-5	3.659692E+1	1.021881E+0	-3.524084E+0
9.105468E-1	1.459304E-4	-5.507072E+1	3.824053E-5	3.940922E+1	-1.298077E+0	-3.804459E+0
9.126953E-1	1.352564E-4	-8.807684E+1	3.187833E-5	2.986929E+1	-2.988395E+0	-3.748125E+0
9.148437E-1	1.158319E-4	-1.244091E+2	3.146467E-5	1.882345E+1	-3.949010E+0	-2.203530E+0
9.169921E-1	1.161537E-4	-1.630846E+2	2.958693E-5	5.247127E+0	-4.844717E+0	-7.939826E-1
9.191406E-1	1.136445E-4	1.515752E+2	3.526908E-5	-5.421778E-1	-3.848139E+0	1.506906E+0
9.212890E-1	1.198944E-4	1.167044E+2	3.196861E-5	-2.178955E-1	-2.698103E+0	3.343918E+0
9.234374E-1	1.204741E-4	8.372288E+1	3.118187E-5	-9.983665E+0	-1.249767E+0	3.855513E+0
9.255859E-1	1.197942E-4	5.380714E+1	3.363549E-5	-3.346646E+0	9.317304E-1	2.992156E+0
9.277343E-1	1.249618E-4	2.565560E+1	2.963798E-5	-7.733855E+0	2.520373E+0	2.320329E+0
9.298828E-1	1.267136E-4	1.952115E+0	3.039844E-5	-3.028340E+1	2.525915E+0	2.223440E+0
9.320312E-1	1.232478E-4	-2.279939E+1	2.755871E-5	-2.755514E+1	3.456794E+0	3.707813E-1
9.341796E-1	1.107750E-4	-4.363010E+1	3.565892E-5	-4.003202E+1	2.100392E+0	-1.949558E-1
9.363281E-1	1.098518E-4	-6.232070E+1	3.686189E-5	-4.990759E+1	1.910426E+0	-6.405969E-1
9.384765E-1	9.770331E-5	-8.096761E+1	3.599764E-5	-4.688261E+1	1.247886E+0	-1.521075E+0
9.406249E-1	9.352168E-5	-1.042602E+2	3.189303E-5	-6.166423E+1	1.158637E+0	-1.984689E+0
9.427734E-1	8.787351E-5	-1.267434E+2	2.920170E-5	-7.231312E+1	7.504262E-1	-2.447701E+0
9.449218E-1	7.528759E-5	-1.509735E+2	3.065865E-5	-6.546825E+1	-8.075545E-1	-2.448120E+0
9.470703E-1	7.049346E-5	1.752537E+2	3.175721E-5	-7.505096E+1	-1.748101E+0	-2.089902E+0
9.492187E-1	6.450411E-5	1.349191E+2	3.463077E-5	-7.516515E+1	-2.611709E+0	-9.336830E-1
9.513671E-1	6.715433E-5	9.070860E+1	3.895353E-5	-8.238998E+1	-2.711469E+0	2.071535E-1
9.535156E-1	7.289360E-5	4.958753E+1	2.871308E-5	-9.333052E+1	-3.025300E+0	1.530720E+0
9.556640E-1	1.027749E-4	1.385685E+1	3.124197E-5	-1.009022E+2	-2.377713E+0	2.987248E+0
9.578124E-1	1.195340E-4	-2.025604E+1	3.186366E-5	-1.001939E+2	-3.445662E-1	3.693720E+0
9.599609E-1	1.386957E-4	-5.412280E+1	3.248739E-5	-1.108221E+2	1.343941E+0	3.568214E+0
9.621093E-1	1.558190E-4	-8.507702E+1	3.418943E-5	-1.201620E+2	2.729420E+0	2.619620E+0
9.642578E-1	1.520554E-4	-1.150116E+2	3.812521E-5	-1.214235E+2	2.963368E+0	4.453965E-1
9.664062E-1	1.441928E-4	-1.408635E+2	3.244778E-5	-1.279140E+2	3.330826E+0	-9.958301E-1
9.685546E-1	1.362241E-4	-1.666675E+2	2.915724E-5	-1.355761E+2	3.000885E+0	-2.412669E+0
9.707031E-1	1.196769E-4	1.640416E+2	3.472753E-5	-1.421121E+2	1.033078E+0	-2.782565E+0
9.728515E-1	9.405686E-5	1.343161E+2	3.159647E-5	-1.409921E+2	-7.246056E-1	-2.964049E+0
9.749999E-1	7.469644E-5	9.821140E+1	3.440710E-5	-1.509641E+2	-1.771791E+0	-2.029139E+0
9.771484E-1	5.430982E-5	5.077167E+1	4.332116E-5	-1.575540E+2	-2.103549E+0	-5.948379E-1
9.792968E-1	3.533631E-5	-9.474147E+0	3.339262E-5	-1.647084E+2	-1.960882E+0	4.432928E-1
9.814452E-1	4.227645E-5	-6.854109E+1	2.828314E-5	-1.748209E+2	-1.419023E+0	1.434824E+0
9.835937E-1	4.979275E-5	-1.047065E+2	3.685930E-5	1.785679E+2	-6.898162E-1	1.314793E+0
9.857421E-1	4.711128E-5	-1.270493E+2	3.685239E-5	-1.787897E+2	-2.083958E-1	1.003799E+0
9.878906E-1	5.915617E-5	-1.537435E+2	3.977510E-5	1.716334E+2	2.238825E-1	8.450284E-1
9.900390E-1	5.010020E-5	-1.786614E+2	3.464787E-5	1.589459E+2	3.369472E-1	5.508506E-1
9.921874E-1	5.664515E-5	1.707056E+2	3.434118E-5	1.646048E+2	6.401399E-1	1.753035E-1
9.943359E-1	5.578468E-5	1.521535E+2	3.079671E-5	1.592763E+2	7.974054E-1	-2.246051E-1
9.964843E-1	4.823338E-5	1.444978E+2	4.072758E-5	1.455842E+2	1.840799E-1	-2.245433E-2
9.986327E-1	4.341598E-5	1.372956E+2	3.669044E-5	1.379828E+2	1.832199E-1	-1.419210E-2
1.000781E+0	4.316375E-5	1.301362E+2	3.542740E-5	1.332661E+2	2.165545E-1	-6.652298E-2
1.002930E+0	3.533418E-5	1.148717E+2	3.236677E-5	1.363569E+2	1.582227E-2	-3.998400E-1
1.005078E+0	4.124282E-5	1.111429E+2	3.255419E-5	1.202218E+2	2.510257E-1	-1.999094E-1
1.007226E+0	3.403215E-5	1.079978E+2	3.906769E-5	1.200689E+2	-1.481539E-1	-1.821706E-1
1.009375E+0	3.875170E-5	9.979797E+1	3.117376E-5	1.148512E+2	2.004305E-1	-3.228500E-1
1.011523E+0	3.233025E-5	1.003863E+2	3.647460E-5	9.927606E+1	-1.137893E-1	1.717456E-2
1.013672E+0	3.141475E-5	9.590964E+1	3.693786E-5	1.024401E+2	-1.550426E-1	-9.672579E-2
1.015820E+0	3.818313E-5	9.647593E+1	3.527540E-5	9.978085E+1	8.062918E-2	-6.240179E-2
1.017969E+0	3.440576E-5	1.006865E+2	3.461321E-5	8.669300E+1	-3.549235E-2	2.403625E-1
1.020117E+0	3.335947E-5	9.793438E+1	3.875444E-5	8.849856E+1	-1.508557E-1	1.411204E-1
1.022266E+0	3.174969E-5	8.256070E+1	3.393156E-5	7.089284E+1	-8.363696E-2	1.892336E-1
1.024414E+0	3.889950E-5	8.383290E+1	3.261914E-5	6.302787E+1	1.147761E-1	4.235757E-1
1.026562E+0	4.238417E-5	7.652178E+1	3.458083E-5	6.228049E+1	1.879886E-1	3.015184E-1
1.028711E+0	4.100790E-5	6.576768E+1	3.945412E-5	4.806852E+1	-9.816224E-3	3.159920E-1
1.030859E+0	4.600911E-5	5.827628E+1	3.338957E-5	4.763316E+1	3.542432E-1	2.544948E-1
1.033008E+0	4.749431E-5	4.371362E+1	3.756204E-5	3.872308E+1	2.596297E-1	1.099938E-1
1.035156E+0	3.678123E-5	2.720235E+1	3.332459E-5	4.080013E+1	7.278908E-2	-2.594910E-1
1.037305E+0	4.218001E-5	2.072993E+1	3.335395E-5	3.839199E+1	2.050073E-1	-3.836879E-1
1.039453E+0	3.950187E-5	2.621847E+1	3.415536E-5	2.359301E+1	1.553210E-1	5.297727E-2
1.041601E+0	4.065067E-5	4.795985E+0	4.091059E-5	2.550408E+1	-7.054882E-2	-3.513604E-1
1.043750E+0	3.731569E-5	-1.688743E+0	3.374050E-5	7.528452E+0	9.168147E-2	-1.771501E-1
1.045898E+0	2.950311E-5	-1.746549E+0	3.462762E-5	9.936418E+0	-1.656402E-1	-1.725290E-1
1.048047E+0	3.242278E-5	-3.506641E+0	4.114776E-5	5.438204E+0	-2.216230E-1	-1.225148E-1
1.050195E+0	3.310752E-5	-2.962386E+0	3.609656E-5	-7.715940E+0	-8.596159E-2	7.600782E-2
1.052344E+0	3.728827E-5	-1.163325E+1	3.795287E-5	-8.774785E+0	-1.873363E-2	-4.899567E-2
1.054492E+0	3.276865E-5	-1.675789E+1	3.737828E-5	-1.612149E+1	-1.233778E-1	-9.737284E-3
1.056641E+0	3.488423E-5	-2.203486E+1	3.683975E-5	-1.217719E+1	-6.706202E-2	-1.621136E-1
1.058789E+0	4.194336E-5	-3.476558E+1	3.690777E-5	-2.316910E+1	1.132397E-1	-2.284440E-1
1.060937E+0	4.192084E-5	-2.548182E+1	3.820584E-5	-3.724901E+1	7.417729E-2	2.237654E-1
1.063086E+0	4.019550E-5	-3.334788E+1	3.481100E-5	-3.568980E+1	1.537137E-1	4.718342E-2
1.065234E+0	4.198400E-5	-4.394547E+1	3.671450E-5	-4.817393E+1	1.404137E-1	8.431629E-2
1.067383E+0	3.687828E-5	-4.948469E+1	3.862458E-5	-5.582453E+1	-5.105123E-2	1.054329E-1
1.069531E+0	4.201473E-5	-6.052121E+1	3.677633E-5	-5.976625E+1	1.423403E-1	-1.505296E-2
1.071680E+0	4.453785E-5	-6.884768E+1	3.741054E-5	-6.839431E+1	1.904788E-1	-9.420217E-3
1.073828E+0	4.145181E-5	-7.452563E+1	3.947991E-5	-7.486953E+1	4.992801E-2	6.301940E-3
1.075976E+0	3.883988E-5	-7.420367E+1	3.241001E-5	-8.640619E+1	1.713157E-1	2.533014E-1
1.078125E+0	4.785675E-5	-9.393952E+1	3.671961E-5	-7.932762E+1	2.611493E-1	-3.287845E-1
1.080273E+0	3.723461E-5	-1.003910E+2	4.045840E-5	-8.920954E+1	-9.715112E-2	-1.784653E-1
1.082422E+0	3.065210E-5	-1.089322E+2	3.922066E-5	-9.622353E+1	-2.376171E-1	-1.719316E-1
1.084570E+0	3.602102E-5	-1.092855E+2	4.135738E-5	-1.052957E+2	-1.311413E-1	-6.060109E-2
1.086719E+0	2.224989E-5	-1.193694E+2	3.403880E-5	-1.081736E+2	-3.587770E-1	-1.269167E-1
1.088867E+0	2.487893E-5	-1.137602E+2	3.480871E-5	-1.156193E+2	-2.856433E-1	2.318717E-2
1.091016E+0	3.073345E-5	-1.128946E+2	3.907349E-5	-1.222094E+2	-2.238165E-1	1.273108E-1
1.093164E+0	4.159527E-5	-1.180481E+2	3.751600E-5	-1.343057E+2	6.439889E-2	3.103972E-1
1.095312E+0	2.781858E-5	-1.276002E+2	4.024457E-5	-1.311553E+2	-3.100921E-1	4.286256E-2
1.097461E+0	3.199911E-5	-1.074963E+2	4.153417E-5	-1.432769E+2	-3.749807E-1	4.504565E-1
1.099609E+0	5.333162E-5	-9.974777E+1	3.509797E-5	-1.466441E+2	3.831052E-2	1.109420E+0
1.101758E+0	8.399141E-5	-1.265252E+2	3.721246E-5	-1.472166E+2	1.111489E+0	7.975032E-1
1.103906E+0	9.778458E-5	-1.508015E+2	4.066436E-5	-1.466527E+2	1.398374E+0	-1.739709E-1
1.106055E+0	1.082843E-4	1.742684E+2	3.614025E-5	-1.601709E+2	1.702980E+0	-1.292772E+0
1.108203E+0	1.031298E-4	1.286334E+2	3.729010E-5	-1.665064E+2	1.749087E-1	-2.503633E+0
1.110351E+0	8.368585E-5	8.038445E+1	4.076110E-5	-1.667867E+2	-1.796554E+0	-1.892259E+0
1.112500E+0	7.532204E-5	1.400189E+1	4.198052E-5	1.758248E+2	-2.704677E+0	-5.597141E-1
1.114648E+0	9.049880E-5	-5.887212E+1	4.026004E-5	-1.770540E+2	-2.061600E+0	1.981380E+0
1.116797E+0	1.135896E-4	-1.112448E+2	3.798875E-5	1.679179E+2	-5.238633E-1	2.951932E+0
1.118945E+0	1.295474E-4	-1.538360E+2	3.983366E-5	1.604216E+2	1.269670E+0	2.329263E+0
1.121094E+0	1.324907E-4	1.677160E+2	3.950832E-5	1.593242E+2	2.317584E+0	4.894130E-1
1.123242E+0	1.287397E-4	1.346960E+2	3.607307E-5	1.495868E+2	2.449007E+0	-9.171169E-1
1.125391E+0	1.086509E-4	1.013091E+2	3.731853E-5	1.449313E+2	1.107609E+0	-2.008607E+0
1.127539E+0	7.865752E-5	7.288906E+1	3.650830E-5	1.293096E+2	1.916446E-1	-1.794965E+0
1.129687E+0	5.565500E-5	2.958818E+1	3.843322E-5	1.324061E+2	-1.321265E+0	-1.412010E+0
1.131836E+0	3.681480E-5	-4.063921E+1	3.993092E-5	1.229612E+2	-1.884453E+0	-2.603018E-1
1.133984E+0	4.836503E-5	-1.317932E+2	3.684613E-5	1.215640E+2	-1.375940E+0	1.257635E+0
1.136133E+0	7.246519E-5	1.771826E+2	3.530682E-5	1.194308E+2	9.515816E-2	1.735841E+0
1.138281E+0	8.188404E-5	1.336688E+2	3.683727E-5	1.142226E+2	1.096054E+0	7.400376E-1
1.140430E+0	8.116215E-5	1.027726E+2	3.440533E-5	1.045077E+2	1.357918E+0	-7.142715E-2
1.142578E+0	6.134785E-5	7.758667E+1	3.968712E-5	9.858263E+1	4.431559E-1	-5.538589E-1
1.144726E+0	4.859882E-5	6.641336E+1	3.491846E-5	8.734400E+1	2.999416E-1	-4.971961E-1
1.146875E+0	3.279768E-5	6.185587E+1	4.109958E-5	8.104554E+1	-2.463354E-1	-2.623014E-1
1.149023E+0	2.970129E-5	7.331358E+1	4.029343E-5	7.456919E+1	-2.630521E-1	-1.615245E-2
1.151172E+0	3.252890E-5	7.471577E+1	4.053379E-5	6.468807E+1	-2.097463E-1	1.397370E-1
1.153320E+0	3.653270E-5	6.731138E+1	4.003031E-5	7.213623E+1	-9.060796E-2	-7.676100E-2
1.155469E+0	3.470835E-5	6.541611E+1	4.015001E-5	5.294028E+1	-1.559457E-1	1.867488E-1
1.157617E+0	3.771929E-5	5.015165E+1	3.742360E-5	5.242934E+1	7.104868E-3	-4.005673E-2
1.159766E+0	3.869393E-5	4.225134E+1	4.472171E-5	5.064061E+1	-1.440423E-1	-1.262330E-1
1.161914E+0	4.189700E-5	4.693295E+1	4.205807E-5	3.785275E+1	-1.631331E-2	1.572124E-1
1.164062E+0	3.984746E-5	4.206773E+1	4.037841E-5	4.180695E+1	-1.315958E-2	4.491605E-3
1.166211E+0	4.032542E-5	3.374584E+1	3.988606E-5	2.762478E+1	5.251394E-3	1.078041E-1
1.168359E+0	4.266820E-5	2.630243E+1	3.519058E-5	2.084064E+1	2.069844E-1	1.154070E-1
1.170508E+0	4.359600E-5	1.678464E+1	4.302157E-5	1.904769E+1	1.256179E-2	-4.001465E-2
1.172656E+0	4.566674E-5	1.581069E+1	4.387123E-5	1.198185E+1	3.860345E-2	6.950907E-2
1.174805E+0	4.435674E-5	7.869501E+0	3.064915E-5	7.470960E+0	4.472071E-1	1.006672E-2
1.176953E+0	4.286758E-5	-4.398263E+0	3.215137E-5	-6.959219E+0	3.319733E-1	5.957504E-2
1.179101E+0	3.920260E-5	-1.094120E+1	3.574164E-5	-1.249849E+1	9.642760E-2	2.980806E-2
1.181250E+0	4.622840E-5	-1.856322E+1	4.430108E-5	-1.468217E+1	4.111198E-2	-7.062996E-2
1.183398E+0	4.136587E-5	-2.009065E+1	4.231447E-5	-1.838169E+1	-2.285268E-2	-2.915400E-2
1.185547E+0	4.487989E-5	-2.781497E+1	4.162277E-5	-2.914219E+1	7.796405E-2	2.497481E-2
1.187695E+0	3.939738E-5	-3.599758E+1	3.877832E-5	-2.958037E+1	9.598442E-3	-1.135517E-1
1.189844E+0	4.381710E-5	-3.507415E+1	3.967345E-5	-3.882191E+1	1.020820E-1	7.219100E-2
1.191992E+0	4.037834E-5	-4.047143E+1	4.563079E-5	-4.641720E+1	-1.198680E-1	9.166345E-2
1.194141E+0	4.269722E-5	-5.272987E+1	4.323630E-5	-5.114714E+1	-1.284498E-2	-2.727596E-2
1.196289E+0	4.416425E-5	-6.244767E+1	4.220113E-5	-5.865783E+1	4.422966E-2	-6.917167E-2
1.198437E+0	4.742516E-5	-6.483862E+1	3.803456E-5	-6.493920E+1	2.468946E-1	2.188866E-3
1.200586E+0	5.023012E-5	-7.190581E+1	4.290288E-5	-7.346829E+1	1.703514E-1	3.192389E-2
1.202734E+0	4.884138E-5	-8.052340E+1	4.613679E-5	-7.904839E+1	5.827034E-2	-2.724990E-2
1.204883E+0	3.917852E-5	-8.543179E+1	4.022964E-5	-8.228619E+1	-2.759532E-2	-5.343977E-2
1.207031E+0	4.389365E-5	-9.645713E+1	4.246770E-5	-8.697681E+1	1.946093E-2	-1.702393E-1
1.209180E+0	4.407253E-5	-1.016773E+2	4.004578E-5	-9.358537E+1	8.959600E-2	-1.549159E-1
1.211328E+0	4.014222E-5	-1.020361E+2	4.345482E-5	-1.000774E+2	-7.677064E-2	-3.157360E-2
1.213476E+0	3.964188E-5	-1.107763E+2	4.631602E-5	-1.102306E+2	-1.441389E-1	-8.151692E-3
1.215625E+0	4.528295E-5	-1.113378E+2	4.064939E-5	-1.117835E+2	1.139547E-1	8.665553E-3
1.217773E+0	4.180375E-5	-1.158962E+2	3.954026E-5	-1.199259E+2	5.463143E-2	7.429639E-2
1.219922E+0	4.615586E-5	-1.313052E+2	4.319240E-5	-1.245333E+2	6.115547E-2	-1.260073E-1
1.222070E+0	4.898906E-5	-1.255036E+2	4.148287E-5	-1.307165E+2	1.760623E-1	1.072970E-1
1.224219E+0	4.645922E-5	-1.381912E+2	3.989209E-5	-1.391136E+2	1.644714E-1	1.874835E-2
1.226367E+0	3.713600E-5	-1.417425E+2	3.866279E-5	-1.456889E+2	-4.176740E-2	6.610540E-2
1.228516E+0	3.739626E-5	-1.470797E+2	3.566037E-5	-1.506818E+2	4.660667E-2	6.588542E-2
1.230664E+0	3.798650E-5	-1.590087E+2	4.069195E-5	-1.587895E+2	-6.649295E-2	-3.571393E-3
1.232812E+0	4.739505E-5	-1.568475E+2	3.895975E-5	-1.505208E+2	2.091043E-1	-1.340567E-1
1.234961E+0	4.105870E-5	-1.644716E+2	4.177420E-5	-1.646039E+2	-1.713042E-2	2.269519E-3
1.237109E+0	4.868122E-5	-1.720606E+2	4.216302E-5	-1.715855E+2	1.545555E-1	-9.573862E-3
1.239258E+0	4.852355E-5	1.734611E+2	3.932608E-5	-1.732197E+2	2.006879E-1	-2.842555E-1
1.241406E+0	4.077848E-5	1.615873E+2	4.330214E-5	1.704985E+2	-6.964719E-2	-1.458757E-1
1.243555E+0	3.796111E-5	1.473537E+2	4.738137E-5	1.712254E+2	-2.673558E-1	-3.242304E-1
1.245703E+0	2.261758E-5	1.765517E+2	4.500515E-5	1.652852E+2	-5.071293E-1	9.818563E-2
1.247851E+0	3.112191E-5	-1.637912E+2	4.029469E-5	1.619898E+2	-3.613420E-1	4.343412E-1
1.250000E+0	6.309601E-5	-1.745082E+2	4.306177E-5	1.509172E+2	2.064645E-1	8.314950E-1
1.252148E+0	6.642677E-5	1.573290E+2	4.207346E-5	1.441361E+2	5.371586E-1	3.603363E-1
1.254297E+0	6.739140E-5	1.271440E+2	4.136769E-5	1.380471E+2	5.996756E-1	-3.081387E-1
1.256445E+0	6.200203E-5	1.138654E+2	4.418286E-5	1.317997E+2	3.351188E-1	-4.321144E-1
1.258594E+0	4.272636E-5	9.698403E+1	4.621043E-5	1.259296E+2	-1.908974E-1	-4.474886E-1
1.260742E+0	2.322009E-5	9.631108E+1	4.228896E-5	1.183946E+2	-4.912008E-1	-2.064315E-1
1.262890E+0	2.928938E-5	1.332355E+2	4.418367E-5	1.148685E+2	-3.708691E-1	2.088816E-1
1.265039E+0	4.533204E-5	1.272728E+2	4.484623E-5	1.064744E+2	-5.503753E-2	3.589274E-1
1.267187E+0	5.229862E-5	1.150780E+2	4.742781E-5	9.992036E+1	6.433662E-2	2.883291E-1
1.269336E+0	5.203025E-5	9.882619E+1	4.031053E-5	9.041499E+1	2.768525E-1	1.888042E-1
1.271484E+0	5.111534E-5	8.101447E+1	4.381740E-5	8.844457E+1	1.567583E-1	-1.508547E-1
1.273633E+0	4.444064E-5	8.059079E+1	3.800676E-5	8.439534E+1	1.667057E-1	-7.758556E-2
1.275781E+0	4.939903E-5	6.966380E+1	4.769054E-5	7.435709E+1	3.235136E-2	-8.475302E-2
1.277930E+0	3.785508E-5	6.303394E+1	4.617959E-5	6.986412E+1	-1.860815E-1	-9.748875E-2
1.280078E+0	4.035693E-5	6.434041E+1	4.565353E-5	7.378545E+1	-1.280011E-1	-1.450628E-1
1.282226E+0	4.450779E-5	5.678054E+1	3.673665E-5	6.314081E+1	2.040794E-1	-1.342138E-1
1.284375E+0	4.112950E-5	5.839050E+1	3.971771E-5	4.543637E+1	9.190807E-3	2.321392E-1
1.286523E+0	4.600826E-5	5.345280E+1	4.232676E-5	4.794448E+1	8.195870E-2	1.043393E-1
1.288672E+0	4.474845E-5	4.765501E+1	4.793049E-5	4.106467E+1	-7.255782E-2	1.071503E-1
1.290820E+0	4.527119E-5	3.614486E+1	4.007378E-5	3.612825E+1	1.296960E-1	3.274980E-4
1.292969E+0	4.923164E-5	3.320924E+1	4.516321E-5	2.299402E+1	7.280342E-2	1.933220E-1
1.295117E+0	4.725924E-5	2.213350E+1	4.742089E-5	2.095536E+1	-3.619514E-3	2.049088E-2
1.297265E+0	3.968985E-5	2.022178E+1	4.563445E-5	2.101173E+1	-1.303483E-1	-1.199085E-2
1.299414E+0	4.798204E-5	1.418475E+1	4.337290E-5	9.964827E+0	1.032686E-1	8.140469E-2
1.301562E+0	4.637453E-5	5.763554E+0	4.316532E-5	1.011685E+1	7.124742E-2	-8.154967E-2
1.303711E+0	4.228649E-5	-1.230043E+0	4.125726E-5	1.073738E+0	2.411822E-2	-4.120053E-2
1.305859E+0	4.322447E-5	-3.176827E+0	4.560862E-5	2.667300E+0	-5.719984E-2	-9.649981E-2
1.308008E+0	4.698250E-5	-1.677659E+1	4.956107E-5	-1.774657E+1	-5.216398E-2	1.604778E-2
1.310156E+0	4.715236E-5	-1.389536E+1	4.489641E-5	-2.293666E+1	3.719890E-2	1.650426E-1
1.312305E+0	4.587645E-5	-2.556102E+1	4.192903E-5	-2.512757E+1	9.411396E-2	-8.277272E-3
1.314453E+0	3.986875E-5	-3.135975E+1	4.762345E-5	-2.880437E+1	-1.636661E-1	-3.732507E-2
1.316601E+0	4.462532E-5	-3.756849E+1	4.900163E-5	-3.791467E+1	-8.932610E-2	5.502341E-3
1.318750E+0	4.535193E-5	-4.095672E+1	4.858383E-5	-3.797940E+1	-6.778217E-2	-4.848545E-2
1.320898E+0	4.966554E-5	-4.544720E+1	4.519538E-5	-4.866421E+1	9.717574E-2	6.166840E-2
1.323047E+0	4.552586E-5	-5.020818E+1	4.294602E-5	-5.425876E+1	5.742372E-2	7.488037E-2
1.325195E+0	4.602730E-5	-6.598221E+1	3.906452E-5	-6.152011E+1	1.746667E-1	-9.166649E-2
1.327344E+0	4.546934E-5	-7.194537E+1	4.510581E-5	-6.974983E+1	7.319479E-3	-3.861878E-2
1.329492E+0	4.705931E-5	-7.772852E+1	5.032003E-5	-7.636458E+1	-6.506462E-2	-2.226057E-2
1.331640E+0	4.975582E-5	-7.826670E+1	5.059717E-5	-7.271987E+1	-2.123301E-2	-9.505201E-2
1.333789E+0	4.722711E-5	-8.466854E+1	4.559695E-5	-8.936837E+1	3.226893E-2	8.486487E-2
1.335937E+0	5.187111E-5	-9.141358E+1	4.384441E-5	-9.224472E+1	1.829479E-1	1.716120E-2
1.338086E+0	4.317241E-5	-1.059681E+2	4.650040E-5	-1.008132E+2	-7.532416E-2	-8.341826E-2
1.340234E+0	4.697432E-5	-1.109132E+2	4.750308E-5	-1.056287E+2	-1.533411E-2	-9.107603E-2
1.342383E+0	5.217146E-5	-1.154601E+2	4.630696E-5	-1.100810E+2	1.216825E-1	-1.056174E-1
1.344531E+0	4.724200E-5	-1.175368E+2	4.166564E-5	-1.158225E+2	1.333285E-1	-3.391951E-2
1.346680E+0	4.733558E-5	-1.211660E+2	4.516793E-5	-1.228645E+2	4.753046E-2	3.106253E-2
1.348828E+0	4.312398E-5	-1.242513E+2	4.340000E-5	-1.276674E+2	-8.125484E-3	5.920791E-2
1.350976E+0	4.417631E-5	-1.337095E+2	4.210198E-5	-1.276112E+2	4.333147E-2	-1.114687E-1
1.353125E+0	4.737054E-5	-1.437114E+2	4.568424E-5	-1.374127E+2	3.065270E-2	-1.137614E-1
1.355273E+0	4.584332E-5	-1.460887E+2	4.625932E-5	-1.447429E+2	-9.266147E-3	-2.327527E-2
1.357422E+0	4.102381E-5	-1.588664E+2	5.082064E-5	-1.577319E+2	-1.929309E-1	-1.598267E-2
1.359570E+0	3.967460E-5	-1.694548E+2	4.951680E-5	-1.583134E+2	-2.138655E-1	-1.548234E-1
1.361719E+0	3.887813E-5	-1.625736E+2	4.638935E-5	-1.638060E+2	-1.621108E-1	1.802531E-2
1.363867E+0	4.336996E-5	-1.621109E+2	4.257399E-5	-1.709791E+2	6.518235E-3	1.570443E-1
1.366015E+0	5.458004E-5	-1.630219E+2	4.683297E-5	-1.792253E+2	1.191254E-1	3.252080E-1
1.368164E+0	6.377076E-5	1.795902E+2	4.957275E-5	1.742493E+2	2.808226E-1	1.197406E-1
1.370312E+0	6.125135E-5	1.590357E+2	5.463658E-5	1.752933E+2	7.624005E-2	-3.138503E-1
1.372461E+0	4.819382E-5	1.487102E+2	4.594586E-5	1.632870E+2	1.516256E-2	-2.639911E-1
1.374609E+0	3.506772E-5	1.438526E+2	4.499369E-5	1.615050E+2	-2.573067E-1	-2.363440E-1
1.376758E+0	3.285290E-5	1.564963E+2	4.624857E-5	1.491629E+2	-2.954556E-1	9.067169E-2
1.378906E+0	4.757395E-5	1.710942E+2	4.277801E-5	1.468581E+2	1.409254E-2	4.565195E-1
1.381055E+0	6.298758E-5	1.486759E+2	4.603934E-5	1.344890E+2	3.263993E-1	3.353080E-1
1.383203E+0	6.564049E-5	1.270097E+2	4.609782E-5	1.348853E+2	4.105084E-1	-1.951120E-1
1.385351E+0	5.530016E-5	1.113835E+2	4.971385E-5	1.203656E+2	9.872849E-2	-1.736696E-1
1.387500E+0	4.342436E-5	1.094706E+2	4.872592E-5	1.250371E+2	-1.414931E-1	-2.391584E-1
1.389648E+0	4.260712E-5	1.108152E+2	4.476866E-5	1.118825E+2	-4.844755E-2	-1.772747E-2
1.391797E+0	4.908186E-5	1.137015E+2	4.113715E-5	1.100859E+2	1.907526E-1	7.524130E-2
1.393945E+0	4.986826E-5	1.055188E+2	5.229454E-5	9.978252E+1	-5.117162E-2	9.531249E-2
1.396094E+0	4.753720E-5	1.030815E+2	5.175018E-5	9.810310E+1	-8.487535E-2	7.971541E-2
1.398242E+0	5.366225E-5	9.184824E+1	4.997011E-5	9.455407E+1	7.268967E-2	-5.069615E-2
1.400390E+0	5.130593E-5	8.408651E+1	4.657396E-5	8.576939E+1	1.011261E-1	-3.235135E-2
1.402539E+0	5.068185E-5	7.485873E+1	4.576347E-5	6.936374E+1	1.023846E-1	1.060503E-1
1.404687E+0	4.216852E-5	7.121567E+1	4.989664E-5	7.442828E+1	-1.562107E-1	-4.736143E-2
1.406836E+0	5.330384E-5	7.129247E+1	4.992325E-5	6.627441E+1	6.362338E-2	9.339282E-2
1.408984E+0	4.725526E-5	6.140488E+1	4.352973E-5	6.160317E+1	8.557937E-2	-3.757003E-3
1.411133E+0	4.829502E-5	6.057208E+1	4.715379E-5	5.268756E+1	1.452006E-2	1.404969E-1
1.413281E+0	4.906191E-5	4.799695E+1	4.521688E-5	5.054030E+1	8.396645E-2	-4.814872E-2
1.415430E+0	4.379881E-5	4.758577E+1	5.075196E-5	4.022954E+1	-1.441057E-1	1.104965E-1
1.417578E+0	4.853780E-5	3.303135E+1	4.818544E-5	3.650494E+1	5.461980E-3	-6.103151E-2
1.419726E+0	4.457949E-5	3.101041E+1	4.284553E-5	3.356673E+1	3.943462E-2	-4.640642E-2
1.421875E+0	4.810949E-5	2.645104E+1	4.827634E-5	2.119520E+1	-7.646017E-3	9.128652E-2
1.424023E+0	4.720847E-5	2.161133E+1	4.358595E-5	2.111760E+1	8.307189E-2	9.333293E-3
1.426172E+0	5.078421E-5	1.551609E+1	5.037061E-5	1.779875E+1	7.411117E-3	-4.015644E-2
1.428320E+0	4.475046E-5	6.815539E+0	4.991468E-5	1.365016E+1	-1.098319E-1	-1.066917E-1
1.430469E+0	4.792810E-5	1.781090E+0	5.439008E-5	9.152294E+0	-1.260904E-1	-1.130544E-1
1.432617E+0	5.485171E-5	-2.647382E+0	4.766099E-5	1.084221E+0	1.484322E-1	-7.490190E-2
1.434765E+0	4.880349E-5	-1.245133E+1	4.954848E-5	-1.778839E+1	-1.930565E-2	9.161609E-2
1.436914E+0	4.681353E-5	-1.557246E+1	4.945757E-5	-1.904929E+1	-5.520297E-2	5.740277E-2
1.439062E+0	5.452753E-5	-2.463290E+1	5.175177E-5	-1.843882E+1	4.748504E-2	-1.136838E-1
1.441211E+0	4.797214E-5	-2.561382E+1	4.946815E-5	-2.945972E+1	-3.242572E-2	6.504480E-2
1.443359E+0	5.447770E-5	-2.815626E+1	5.730961E-5	-3.694596E+1	-6.057803E-2	1.452573E-1
1.445508E+0	5.093686E-5	-3.998140E+1	5.719917E-5	-3.886577E+1	-1.096513E-1	-1.733854E-2
1.447656E+0	5.327750E-5	-5.025031E+1	5.161567E-5	-4.553476E+1	2.870236E-2	-8.485581E-2
1.449805E+0	5.223045E-5	-5.573479E+1	5.240556E-5	-5.365365E+1	-3.998834E-3	-3.619342E-2
1.451953E+0	4.935640E-5	-6.306955E+1	5.083144E-5	-6.144994E+1	-2.940617E-2	-2.744360E-2
1.454101E+0	5.494070E-5	-5.921075E+1	5.424143E-5	-6.863462E+1	-7.781485E-4	1.658478E-1
1.456250E+0	5.093115E-5	-6.515465E+1	5.031155E-5	-7.118517E+1	6.713186E-3	1.063520E-1
1.458398E+0	5.481311E-5	-7.625381E+1	5.731684E-5	-7.411455E+1	-4.434878E-2	-3.569786E-2
1.460547E+0	5.437921E-5	-7.163023E+1	5.428155E-5	-8.353010E+1	-1.973007E-2	2.065730E-1
1.462695E+0	5.037272E-5	-9.621053E+1	5.087056E-5	-9.369646E+1	-1.073951E-2	-4.343544E-2
1.464844E+0	6.271799E-5	-9.892960E+1	5.340187E-5	-1.010952E+2	1.736143E-1	4.438006E-2
1.466992E+0	5.593090E-5	-1.048194E+2	4.940943E-5	-1.031225E+2	1.314919E-1	-3.352062E-2
1.469140E+0	5.099992E-5	-1.141534E+2	5.704475E-5	-1.119440E+2	-1.066311E-1	-3.446656E-2
1.471289E+0	5.386456E-5	-1.208621E+2	5.214150E-5	-1.105763E+2	1.644410E-2	-1.844590E-1
1.473437E+0	4.644142E-5	-1.303606E+2	4.319048E-5	-1.276411E+2	7.405884E-2	-5.101769E-2
1.475586E+0	4.951021E-5	-1.248858E+2	5.488973E-5	-1.284666E+2	-9.976690E-2	5.633501E-2
1.477734E+0	5.628314E-5	-1.290548E+2	4.892089E-5	-1.356276E+2	1.429310E-1	1.316918E-1
1.479883E+0	5.630984E-5	-1.428499E+2	5.333459E-5	-1.419875E+2	5.566503E-2	-1.589077E-2
1.482031E+0	5.245310E-5	-1.470234E+2	4.678683E-5	-1.449203E+2	1.203531E-1	-4.114218E-2
1.484180E+0	5.233425E-5	-1.588026E+2	5.357208E-5	-1.531886E+2	-2.779153E-2	-9.556572E-2
1.486328E+0	4.912212E-5	-1.554181E+2	4.838359E-5	-1.658384E+2	-1.480233E-3	1.836284E-1
1.488476E+0	4.845567E-5	-1.632264E+2	4.832300E-5	-1.662708E+2	1.330287E-3	5.325562E-2
1.490625E+0	5.153331E-5	-1.750753E+2	4.926783E-5	-1.764908E+2	4.566376E-2	2.583852E-2
1.492773E+0	4.635706E-5	1.798513E+2	4.977775E-5	-1.775875E+2	-6.964955E-2	-4.161566E-2
1.494922E+0	5.162778E-5	1.731579E+2	4.953814E-5	1.770018E+2	3.983795E-2	-6.986624E-2
1.497070E+0	5.190100E-5	1.730132E+2	5.147482E-5	1.691645E+2	6.005493E-3	6.767771E-2
1.499219E+0	5.137605E-5	1.591354E+2	5.090061E-5	1.638806E+2	5.880977E-3	-8.349741E-2
1.501367E+0	5.101650E-5	1.551624E+2	5.411189E-5	1.558654E+2	-5.727447E-2	-1.156751E-2
1.503515E+0	5.150047E-5	1.567742E+2	5.356157E-5	1.566453E+2	-3.848338E-2	2.163156E-3
1.505664E+0	4.360614E-5	1.507947E+2	4.901058E-5	1.514797E+2	-1.103345E-1	-1.063691E-2
1.507812E+0	5.076575E-5	1.385875E+2	5.350847E-5	1.402709E+2	-5.166714E-2	-2.787087E-2
1.509961E+0	5.419125E-5	1.359440E+2	4.546208E-5	1.365338E+2	1.919468E-1	-1.227028E-2
1.512109E+0	5.218796E-5	1.252233E+2	5.229380E-5	1.294578E+2	-4.748227E-3	-7.368926E-2
1.514258E+0	5.682885E-5	1.181992E+2	5.303562E-5	1.237368E+2	6.652161E-2	-1.034008E-1
1.516406E+0	4.760512E-5	1.214146E+2	4.757934E-5	1.148844E+2	-5.949634E-3	1.137885E-1
1.518554E+0	4.813289E-5	1.099412E+2	5.583433E-5	1.148294E+2	-1.410692E-1	-7.345815E-2
1.520703E+0	5.477087E-5	1.048327E+2	4.568952E-5	1.082412E+2	1.966416E-1	-7.127177E-2
1.522851E+0	5.353148E-5	9.778850E+1	5.031307E-5	1.068210E+2	5.077389E-2	-1.670373E-1
1.525000E+0	5.409971E-5	9.000703E+1	5.124989E-5	9.110909E+1	5.541110E-2	-2.030289E-2
1.527148E+0	5.305715E-5	8.942421E+1	5.174244E-5	8.472170E+1	2.195700E-2	8.406523E-2
1.529297E+0	5.352845E-5	8.290063E+1	5.451474E-5	7.780027E+1	-2.198003E-2	8.729215E-2
1.531445E+0	5.084685E-5	7.687949E+1	4.610603E-5	7.297559E+1	1.002654E-1	7.508381E-2
1.533594E+0	5.542213E-5	7.103127E+1	5.480681E-5	6.276735E+1	7.269917E-4	1.453468E-1
1.535742E+0	4.496862E-5	6.711779E+1	4.929968E-5	6.465724E+1	-8.869267E-2	3.915990E-2
1.537890E+0	5.080098E-5	5.381345E+1	5.564063E-5	6.070256E+1	-9.357236E-2	-1.095150E-1
1.540039E+0	5.221277E-5	5.180053E+1	4.881732E-5	5.773295E+1	6.382620E-2	-1.105442E-1
1.542187E+0	5.387775E-5	4.332410E+1	5.416752E-5	4.497162E+1	-5.760691E-3	-2.859688E-2
1.544336E+0	5.180814E-5	4.239775E+1	5.706828E-5	3.623296E+1	-9.742258E-2	9.749012E-2
1.546484E+0	4.892038E-5	2.843610E+1	5.056688E-5	2.749097E+1	-3.269246E-2	1.595780E-2
1.548633E+0	5.500998E-5	2.714240E+1	4.771220E-5	2.661322E+1	1.529050E-1	1.064846E-2
1.550781E+0	5.362867E-5	1.818788E+1	4.693700E-5	1.878117E+1	1.425058E-1	-1.183091E-2
1.552929E+0	5.666140E-5	2.070875E+1	5.233164E-5	1.305867E+1	7.310011E-2	1.441369E-1
1.555078E+0	5.049888E-5	7.288187E+0	5.772643E-5	9.439315E+0	-1.258200E-1	-3.283588E-2
1.557226E+0	5.539463E-5	5.397215E+0	5.203839E-5	6.540064E+0	6.428371E-2	-2.123153E-2
1.559375E+0	5.809567E-5	7.943752E+0	5.217520E-5	-6.079958E+0	8.028641E-2	2.698205E-1
1.561523E+0	5.418773E-5	-6.466151E+0	5.258055E-5	-8.375501E+0	2.999388E-2	3.433668E-2
1.563672E+0	5.601686E-5	-1.246359E+1	4.978742E-5	-1.872319E+1	1.184129E-1	1.226758E-1
1.565820E+0	5.462646E-5	-1.716938E+1	5.215238E-5	-1.754552E+1	4.741687E-2	6.876266E-3
1.567969E+0	5.825135E-5	-2.812701E+1	5.439254E-5	-2.403464E+1	6.821315E-2	-7.642749E-2
1.570117E+0	5.773429E-5	-2.702239E+1	5.125130E-5	-3.423807E+1	1.175727E-1	1.414930E-1
1.572265E+0	5.932087E-5	-3.983011E+1	5.318653E-5	-3.687171E+1	1.138499E-1	-5.756349E-2
1.574414E+0	5.357196E-5	-4.577144E+1	5.785220E-5	-4.539063E+1	-7.400623E-2	-6.154605E-3
1.576562E+0	5.560569E-5	-4.975470E+1	5.515065E-5	-4.811748E+1	7.839252E-3	-2.880673E-2
1.578711E+0	5.482609E-5	-5.596902E+1	5.126382E-5	-5.909957E+1	6.789296E-2	5.840610E-2
1.580859E+0	5.812614E-5	-6.266971E+1	5.457481E-5	-6.864604E+1	5.928402E-2	1.108928E-1
1.583008E+0	5.697588E-5	-7.235043E+1	5.839077E-5	-7.563157E+1	-2.583097E-2	5.584851E-2
1.585156E+0	5.758841E-5	-7.648427E+1	6.079362E-5	-7.779760E+1	-5.297165E-2	2.171152E-2
1.587304E+0	5.622817E-5	-8.578761E+1	5.564055E-5	-8.302058E+1	9.382771E-3	-4.878485E-2
1.589453E+0	5.427325E-5	-8.484739E+1	5.918178E-5	-8.804594E+1	-8.436850E-2	5.116850E-2
1.591601E+0	6.122653E-5	-1.009289E+2	5.329353E-5	-9.760694E+1	1.469244E-1	-6.657230E-2
1.593750E+0	5.505895E-5	-9.985307E+1	5.310128E-5	-1.064127E+2	3.007887E-2	1.184488E-1
1.595898E+0	5.562112E-5	-1.118301E+2	5.584783E-5	-1.089579E+2	-5.310537E-3	-4.990494E-2
1.598047E+0	5.533487E-5	-1.220235E+2	5.499531E-5	-1.168896E+2	2.137870E-3	-9.003611E-2
1.600195E+0	5.967981E-5	-1.176334E+2	5.748495E-5	-1.235361E+2	3.267700E-2	1.067660E-1
1.602344E+0	5.799899E-5	-1.306109E+2	6.127555E-5	-1.328876E+2	-5.421971E-2	3.760123E-2
1.604492E+0	5.220517E-5	-1.303380E+2	6.088697E-5	-1.316862E+2	-1.428262E-1	2.017348E-2
1.606640E+0	5.707717E-5	-1.363125E+2	5.570904E-5	-1.420565E+2	1.941419E-2	1.025418E-1
1.608789E+0	5.730327E-5	-1.509857E+2	4.988504E-5	-1.460678E+2	1.444776E-1	-9.847653E-2
1.610937E+0	5.478839E-5	-1.568386E+2	5.450549E-5	-1.519770E+2	1.573949E-3	-8.518902E-2
1.613086E+0	5.572778E-5	-1.602140E+2	5.257009E-5	-1.533556E+2	5.248078E-2	-1.265889E-1
1.615234E+0	5.316001E-5	-1.635271E+2	5.356041E-5	-1.705863E+2	-1.499930E-2	1.219761E-1
1.617383E+0	5.556803E-5	-1.697519E+2	5.824673E-5	-1.706196E+2	-4.609825E-2	1.444720E-2
1.619531E+0	5.806219E-5	-1.786783E+2	5.377427E-5	-1.783365E+2	7.972004E-2	-6.441185E-3
1.621679E+0	5.641170E-5	1.769655E+2	5.080832E-5	-1.783285E+2	1.065417E-1	-9.109095E-2
1.623828E+0	5.365396E-5	1.760516E+2	6.105383E-5	1.764037E+2	-1.212190E-1	-5.400445E-3
1.625976E+0	5.245537E-5	1.681959E+2	5.431188E-5	1.723820E+2	-3.675899E-2	-7.050106E-2
1.628125E+0	5.777947E-5	1.616755E+2	4.564730E-5	1.602344E+2	2.653803E-1	3.183348E-2
1.630273E+0	6.015131E-5	1.492260E+2	5.005705E-5	1.494829E+2	2.016430E-1	-5.387904E-3
1.632422E+0	5.974656E-5	1.483858E+2	5.042765E-5	1.486192E+2	1.847878E-1	-4.826376E-3
1.634570E+0	5.634094E-5	1.416921E+2	5.559206E-5	1.447503E+2	1.202766E-2	-5.406900E-2
1.636719E+0	5.812759E-5	1.391166E+2	4.995034E-5	1.305240E+2	1.506458E-1	1.738668E-1
1.638867E+0	5.822667E-5	1.327715E+2	5.566870E-5	1.272139E+2	4.103322E-2	1.012965E-1
1.641015E+0	5.362053E-5	1.217513E+2	4.922639E-5	1.280047E+2	8.278265E-2	-1.186490E-1
1.643164E+0	5.344337E-5	1.184806E+2	5.996651E-5	1.174685E+2	-1.089188E-1	1.574212E-2
1.645312E+0	5.610900E-5	1.129056E+2	5.588968E-5	1.123319E+2	3.873833E-3	1.005208E-2
1.647461E+0	5.908925E-5	1.031236E+2	5.784263E-5	1.083901E+2	1.723948E-2	-9.376660E-2
1.649609E+0	5.552097E-5	1.050083E+2	6.002121E-5	9.844283E+1	-8.104393E-2	1.057656E-1
1.651758E+0	5.736665E-5	9.861448E+1	5.999614E-5	9.637089E+1	-4.456063E-2	3.743226E-2
1.653906E+0	5.869694E-5	8.441693E+1	5.999202E-5	8.429575E+1	-2.158973E-2	2.069331E-3
1.656054E+0	6.316871E-5	8.658517E+1	5.806653E-5	7.905145E+1	7.847722E-2	1.426300E-1
1.658203E+0	6.483324E-5	7.604636E+1	5.764692E-5	6.721281E+1	1.113209E-1	1.727080E-1
1.660351E+0	5.706098E-5	6.780204E+1	5.460440E-5	7.323863E+1	4.028797E-2	-9.900649E-2
1.662500E+0	5.713791E-5	6.130333E+1	5.731405E-5	6.697000E+1	-7.945047E-3	-9.843744E-2
1.664648E+0	5.570802E-5	6.040371E+1	5.768796E-5	4.977549E+1	-5.088812E-2	1.781053E-1
1.666797E+0	5.568508E-5	4.936702E+1	5.479932E-5	4.648236E+1	1.487609E-2	5.113899E-2
1.668945E+0	6.314219E-5	3.888755E+1	5.723448E-5	4.668837E+1	9.301012E-2	-1.497397E-1
1.671094E+0	5.535622E-5	3.203209E+1	5.988189E-5	3.623572E+1	-7.806346E-2	-6.776151E-2
1.673242E+0	6.376518E-5	2.718065E+1	5.943779E-5	3.344047E+1	6.640894E-2	-1.169757E-1
1.675390E+0	6.270572E-5	2.592839E+1	5.039622E-5	2.142122E+1	2.404066E-1	9.777830E-2
1.677539E+0	5.407023E-5	1.640392E+1	5.571574E-5	1.553492E+1	-2.964564E-2	1.471841E-2
1.679687E+0	5.574029E-5	1.285751E+1	5.831051E-5	1.346548E+1	-4.413198E-2	-1.014317E-2
1.681836E+0	5.474751E-5	4.927288E+0	5.645409E-5	1.293526E+1	-3.968605E-2	-1.350996E-1
1.683984E+0	5.668373E-5	3.597588E+0	5.840922E-5	6.776969E+0	-3.103514E-2	-5.382376E-2
1.686133E+0	5.014908E-5	-4.327574E+0	5.857562E-5	-5.459636E+0	-1.440246E-1	1.691474E-2
1.688281E+0	5.693525E-5	-1.401378E+1	5.190062E-5	-1.192350E+1	9.627525E-2	-4.001236E-2
1.690429E+0	5.577310E-5	-2.124109E+1	5.303173E-5	-1.678428E+1	4.851290E-2	-8.172453E-2
1.692578E+0	6.016397E-5	-2.251586E+1	5.275253E-5	-1.452719E+1	1.294266E-1	-1.585028E-1
1.694726E+0	5.380530E-5	-2.742911E+1	5.952085E-5	-2.665635E+1	-9.610823E-2	-1.219171E-2
1.696875E+0	5.627293E-5	-3.583312E+1	5.852011E-5	-3.495721E+1	-3.851250E-2	-1.469990E-2
1.699023E+0	5.358224E-5	-3.796257E+1	5.190641E-5	-4.131276E+1	3.052144E-2	6.032526E-2
1.701172E+0	5.615751E-5	-4.338692E+1	5.682181E-5	-4.253055E+1	-1.180132E-2	-1.477119E-2
1.703320E+0	6.153345E-5	-4.615568E+1	5.909547E-5	-5.305981E+1	3.370447E-2	1.251676E-1
1.705469E+0	6.051934E-5	-5.135124E+1	5.644975E-5	-6.356332E+1	4.783222E-2	2.267806E-1
1.707617E+0	5.948712E-5	-6.021409E+1	5.524899E-5	-6.511704E+1	7.276985E-2	9.202446E-2
1.709765E+0	6.297373E-5	-6.705170E+1	5.941108E-5	-6.533866E+1	5.949237E-2	-3.168634E-2
1.711914E+0	5.950694E-5	-7.206814E+1	6.040744E-5	-7.257924E+1	-1.494630E-2	8.787284E-3
1.714062E+0	5.750033E-5	-8.149551E+1	5.976240E-5	-8.301292E+1	-3.818846E-2	2.547838E-2
1.716211E+0	6.816006E-5	-8.773309E+1	6.306208E-5	-8.744550E+1	8.082704E-2	-5.425141E-3
1.718359E+0	5.577338E-5	-9.268417E+1	6.056431E-5	-9.189654E+1	-7.919185E-2	-1.265890E-2
1.720508E+0	6.092016E-5	-9.640830E+1	6.248391E-5	-1.043060E+2	-3.427409E-2	1.339660E-1
1.722656E+0	6.670302E-5	-1.054593E+2	6.068550E-5	-1.049635E+2	9.911795E-2	-9.511281E-3
1.724804E+0	6.638324E-5	-1.072110E+2	6.516596E-5	-1.125254E+2	1.430085E-2	9.435097E-2
1.726953E+0	5.685597E-5	-1.193423E+2	5.957652E-5	-1.203590E+2	-4.581505E-2	1.693356E-2
1.729101E+0	6.180305E-5	-1.285395E+2	6.352026E-5	-1.284368E+2	-2.703561E-2	-1.743995E-3
1.731250E+0	6.719714E-5	-1.310830E+2	5.907333E-5	-1.333199E+2	1.366540E-1	4.439897E-2
1.733398E+0	6.091705E-5	-1.364695E+2	6.403642E-5	-1.432674E+2	-5.540013E-2	1.126016E-1
1.735547E+0	6.167372E-5	-1.445628E+2	5.796603E-5	-1.461655E+2	6.354693E-2	2.975771E-2
1.737695E+0	6.143948E-5	-1.563818E+2	5.525024E-5	-1.505548E+2	1.062761E-1	-1.128982E-1
1.739844E+0	5.767750E-5	-1.581742E+2	5.793227E-5	-1.575037E+2	-4.465893E-3	-1.165070E-2
1.741992E+0	5.874153E-5	-1.640332E+2	5.684870E-5	-1.631141E+2	3.316298E-2	-1.657472E-2
1.744140E+0	6.223538E-5	-1.711120E+2	6.542499E-5	-1.707475E+2	-4.877142E-2	-6.051536E-3
1.746289E+0	6.461791E-5	-1.778005E+2	5.898576E-5	-1.748709E+2	9.405151E-2	-5.598893E-2
1.748437E+0	5.944880E-5	1.796754E+2	5.428417E-5	1.793784E+2	9.512591E-2	5.676776E-3
1.750586E+0	6.586947E-5	1.694703E+2	5.690828E-5	1.675310E+2	1.568043E-1	3.916951E-2
1.752734E+0	6.431460E-5	1.640833E+2	5.354525E-5	1.648508E+2	2.010184E-1	-1.608909E-2
1.754883E+0	6.151369E-5	1.625607E+2	5.520035E-5	1.580114E+2	1.108605E-1	8.838844E-2
1.757031E+0	5.029004E-5	1.454358E+2	5.021165E-5	1.488668E+2	-2.340128E-4	-5.993990E-2
1.759179E+0	5.352996E-5	1.437465E+2	5.064213E-5	1.467760E+2	5.554702E-2	-5.586385E-2
1.761328E+0	5.468109E-5	1.381340E+2	5.980163E-5	1.394852E+2	-8.587968E-2	-2.156160E-2
1.763476E+0	5.490613E-5	1.299037E+2	4.755263E-5	1.389245E+2	1.403580E-1	-1.810394E-1
1.765625E+0	5.116094E-5	1.382798E+2	4.765291E-5	1.320745E+2	6.732593E-2	1.160486E-1
1.767773E+0	5.401337E-5	1.285944E+2	5.383844E-5	1.264285E+2	2.532430E-3	3.791588E-2
1.769922E+0	5.675621E-5	1.178848E+2	5.723242E-5	1.195005E+2	-8.714899E-3	-2.796094E-2
1.772070E+0	5.697437E-5	1.148048E+2	5.601744E-5	1.139823E+2	1.697792E-2	1.460006E-2
1.774219E+0	5.770987E-5	1.046627E+2	5.478251E-5	1.132797E+2	4.154481E-2	-1.578350E-1
1.776367E+0	5.861167E-5	1.041549E+2	6.038608E-5	1.039550E+2	-2.939033E-2	3.386387E-3
1.778515E+0	5.671895E-5	9.596897E+1	5.910105E-5	8.620495E+1	-5.420711E-2	1.627552E-1
1.780664E+0	5.431679E-5	8.516364E+1	5.300062E-5	8.775986E+1	2.378118E-2	-4.642195E-2
1.782812E+0	5.662434E-5	8.092501E+1	5.671369E-5	8.757636E+1	-8.295497E-3	-1.156449E-1
1.784961E+0	5.878917E-5	7.922980E+1	5.873185E-5	8.080176E+1	5.992537E-4	-2.745921E-2
1.787109E+0	5.792247E-5	7.365378E+1	5.565853E-5	7.610368E+1	3.972433E-2	-4.448450E-2
1.789258E+0	6.252489E-5	6.675555E+1	5.560016E-5	6.181335E+1	1.203642E-1	9.688039E-2
1.791406E+0	6.091385E-5	6.030453E+1	5.614705E-5	5.908477E+1	8.465266E-2	2.309447E-2
1.793554E+0	6.110856E-5	5.224160E+1	6.321105E-5	5.846478E+1	-3.895824E-2	-1.047960E-1
1.795703E+0	5.777126E-5	5.050930E+1	5.884259E-5	4.347523E+1	-2.559617E-2	1.202299E-1
1.797851E+0	6.090203E-5	4.420198E+1	5.312935E-5	4.043235E+1	1.438172E-1	7.536332E-2
1.800000E+0	5.959361E-5	3.881583E+1	6.186871E-5	4.170602E+1	-3.799825E-2	-4.856777E-2
