7.021484E-1	2.092702E-5	-1.199413E+2	2.011550E-5	-9.249373E+1	-7.676528E-2	-4.795323E-1
7.042969E-1	2.963288E-5	-1.153445E+2	2.537310E-5	-1.024838E+2	1.385882E-1	-2.599497E-1
7.064453E-1	2.537422E-5	-1.119621E+2	2.751836E-5	-1.151478E+2	-7.934163E-2	5.124230E-2
7.085937E-1	2.664792E-5	-1.179238E+2	2.623138E-5	-1.259205E+2	6.001127E-3	1.413252E-1
7.107422E-1	2.206323E-5	-1.185347E+2	3.055037E-5	-1.287246E+2	-2.891994E-1	1.277639E-1
7.128906E-1	2.613577E-5	-1.276542E+2	2.423736E-5	-1.318236E+2	7.547193E-2	7.840027E-2
7.150391E-1	2.786001E-5	-1.481070E+2	2.933639E-5	-1.341597E+2	-7.832434E-2	-2.288993E-1
7.171875E-1	2.928812E-5	-1.429779E+2	2.621364E-5	-1.307944E+2	9.212056E-2	-2.357956E-1
7.193359E-1	2.360893E-5	-1.506043E+2	2.729247E-5	-1.496821E+2	-1.350775E-1	-1.392250E-2
7.214844E-1	2.845520E-5	-1.470284E+2	2.740739E-5	-1.413550E+2	3.314523E-2	-1.026372E-1
7.236328E-1	2.334370E-5	-1.672374E+2	3.208116E-5	-1.594234E+2	-2.791113E-1	-9.892893E-2
7.257812E-1	2.650524E-5	-1.713710E+2	2.567759E-5	-1.738723E+2	3.124891E-2	4.504874E-2
7.279297E-1	3.003229E-5	-1.755609E+2	2.764436E-5	-1.786754E+2	8.477573E-2	5.902469E-2
7.300781E-1	2.198892E-5	-1.728130E+2	2.084308E-5	-1.739220E+2	5.477699E-2	2.041850E-2
7.322266E-1	2.679817E-5	1.704817E+2	2.810311E-5	1.698251E+2	-4.649662E-2	1.092747E-2
7.343750E-1	2.660792E-5	1.655140E+2	2.146944E-5	1.741500E+2	2.252879E-1	-1.860949E-1
7.365234E-1	2.736418E-5	1.648409E+2	3.255026E-5	1.653867E+2	-1.593634E-1	-8.008152E-3
7.386719E-1	2.932421E-5	1.677348E+2	2.312458E-5	1.558909E+2	2.410997E-1	2.602718E-1
7.408203E-1	2.667892E-5	1.441866E+2	2.337178E-5	1.576579E+2	1.100950E-1	-2.659222E-1
7.429687E-1	2.780422E-5	1.280171E+2	2.544107E-5	1.480352E+2	2.685991E-2	-3.741138E-1
7.451172E-1	2.336163E-5	1.292527E+2	3.355424E-5	1.430098E+2	-3.237383E-1	-1.655690E-1
7.472656E-1	2.894924E-5	1.296494E+2	2.116779E-5	1.368264E+2	3.568927E-1	-1.708621E-1
7.494141E-1	2.582162E-5	1.260808E+2	2.486766E-5	1.175181E+2	2.678740E-2	1.546033E-1
7.515625E-1	2.665539E-5	1.014633E+2	2.378034E-5	1.172222E+2	7.876908E-2	-3.044253E-1
7.537109E-1	2.523936E-5	1.191870E+2	2.648238E-5	1.111435E+2	-5.631374E-2	1.333571E-1
7.558594E-1	2.806726E-5	1.124359E+2	2.072355E-5	1.130331E+2	3.542919E-1	-1.411644E-2
7.580078E-1	2.716328E-5	1.105490E+2	2.882374E-5	1.072310E+2	-5.918712E-2	5.454348E-2
7.601562E-1	3.419113E-5	9.118958E+1	2.814341E-5	9.299921E+1	2.142835E-1	-3.836469E-2
7.623047E-1	2.858528E-5	8.881902E+1	2.901533E-5	8.869736E+1	-1.482370E-2	2.091895E-3
7.644531E-1	2.988205E-5	8.726468E+1	2.857686E-5	8.593973E+1	4.539339E-2	2.417876E-2
7.666015E-1	3.280812E-5	7.738358E+1	2.075468E-5	8.045518E+1	5.784867E-1	-8.470310E-2
7.687500E-1	2.835959E-5	8.014039E+1	2.658493E-5	8.171072E+1	6.635373E-2	-2.923333E-2
7.708984E-1	2.420831E-5	7.418696E+1	3.417478E-5	7.027539E+1	-2.932824E-1	4.832255E-2
7.730469E-1	2.961095E-5	6.788526E+1	2.824762E-5	6.330783E+1	4.491999E-2	8.365800E-2
7.751953E-1	2.180960E-5	5.244245E+1	2.870643E-5	6.112265E+1	-2.489559E-1	-1.146603E-1
7.773437E-1	2.662119E-5	5.897834E+1	3.433273E-5	5.754951E+1	-2.248530E-1	1.933446E-2
7.794922E-1	3.035638E-5	4.114720E+1	2.943486E-5	5.437211E+1	3.956350E-3	-2.359364E-1
7.816406E-1	3.484764E-5	3.254803E+1	2.237759E-5	4.912016E+1	4.925700E-1	-4.441640E-1
7.837890E-1	3.335874E-5	3.543587E+1	2.821259E-5	3.037564E+1	1.777978E-1	1.042917E-1
7.859375E-1	2.515558E-5	1.739028E+1	3.424786E-5	1.822752E+1	-2.655630E-1	-1.073279E-2
7.880859E-1	3.131876E-5	1.672339E+1	2.244359E-5	2.595154E+1	3.773830E-1	-2.237819E-1
7.902344E-1	2.969651E-5	1.508811E+1	3.400525E-5	8.104994E+0	-1.331861E-1	1.061721E-1
7.923828E-1	3.186733E-5	7.028901E+0	2.733824E-5	2.563568E+0	1.621304E-1	9.075418E-2
7.945312E-1	2.537406E-5	4.741081E-1	2.971913E-5	5.773670E+0	-1.498541E-1	-7.885909E-2
7.966797E-1	2.979255E-5	-8.708388E+0	2.799291E-5	-2.220637E+0	5.747346E-2	-1.202549E-1
7.988281E-1	2.603913E-5	-8.424254E+0	3.287777E-5	-6.362008E+0	-2.085149E-1	-2.850022E-2
8.009765E-1	2.998548E-5	-1.654533E+1	2.712261E-5	-2.660686E+1	8.855027E-2	1.931464E-1
8.031250E-1	2.601807E-5	-3.070614E+1	3.018994E-5	-1.489604E+1	-1.707898E-1	-2.348007E-1
8.052734E-1	3.140860E-5	-2.388059E+1	3.134879E-5	-2.983505E+1	-3.497742E-3	1.039359E-1
8.074218E-1	2.999455E-5	-4.448392E+1	3.320939E-5	-3.485873E+1	-1.095198E-1	-1.510162E-1
8.095703E-1	2.232413E-5	-4.185476E+1	2.837911E-5	-4.845221E+1	-2.185697E-1	9.037933E-2
8.117187E-1	2.450389E-5	-5.793695E+1	3.005485E-5	-5.125163E+1	-1.902380E-1	-9.491485E-2
8.138672E-1	2.840014E-5	-6.574140E+1	2.694725E-5	-5.133769E+1	2.078839E-2	-2.621644E-1
8.160156E-1	2.498311E-5	-6.323111E+1	3.138575E-5	-6.954909E+1	-2.088329E-1	8.759698E-2
8.181640E-1	2.986779E-5	-7.385773E+1	2.796714E-5	-7.695023E+1	6.640489E-2	5.761442E-2
8.203125E-1	2.935849E-5	-7.527509E+1	2.821677E-5	-7.388307E+1	4.015540E-2	-2.527589E-2
8.224609E-1	3.166400E-5	-8.274895E+1	3.094387E-5	-7.251791E+1	7.001627E-3	-1.817515E-1
8.246093E-1	2.637541E-5	-9.310902E+1	3.142421E-5	-8.284918E+1	-1.740868E-1	-1.494959E-1
8.267578E-1	2.893568E-5	-8.904087E+1	3.167227E-5	-8.930807E+1	-8.641328E-2	4.260561E-3
8.289062E-1	3.013403E-5	-1.040185E+2	3.600822E-5	-9.985719E+1	-1.653409E-1	-6.072690E-2
8.310547E-1	2.650372E-5	-9.969513E+1	2.524040E-5	-1.125815E+2	2.360520E-2	2.341806E-1
8.332031E-1	2.374373E-5	-1.093858E+2	2.870377E-5	-1.103179E+2	-1.729105E-1	1.345646E-2
8.353515E-1	2.652146E-5	-1.153370E+2	3.637027E-5	-1.148040E+2	-2.708244E-1	-6.783428E-3
8.375000E-1	2.774329E-5	-1.235952E+2	3.375292E-5	-1.205719E+2	-1.791917E-1	-4.335145E-2
8.396484E-1	2.259726E-5	-1.389894E+2	2.495175E-5	-1.275553E+2	-1.123356E-1	-1.795344E-1
8.417968E-1	2.846449E-5	-1.296228E+2	2.846226E-5	-1.298065E+2	7.320920E-5	3.206416E-3
8.439453E-1	2.746170E-5	-1.527793E+2	3.313008E-5	-1.395809E+2	-1.929900E-1	-1.892587E-1
8.460937E-1	2.227055E-5	-1.420071E+2	2.774609E-5	-1.555584E+2	-2.196901E-1	1.880749E-1
8.482422E-1	2.766372E-5	-1.419440E+2	2.455927E-5	-1.457376E+2	1.239383E-1	7.452580E-2
8.503906E-1	2.663163E-5	-1.528201E+2	3.857845E-5	-1.603783E+2	-3.156737E-1	9.080054E-2
8.525390E-1	2.928998E-5	-1.675374E+2	3.458202E-5	-1.650535E+2	-1.538244E-1	-3.670660E-2
8.546875E-1	3.164172E-5	-1.685596E+2	2.903929E-5	-1.642079E+2	8.647626E-2	-8.267854E-2
8.568359E-1	3.300859E-5	-1.685530E+2	2.915873E-5	-1.752782E+2	1.242419E-1	1.325694E-1
8.589843E-1	2.953213E-5	1.709144E+2	3.404892E-5	1.777294E+2	-1.387841E-1	-1.029225E-1
8.611328E-1	2.182158E-5	1.762276E+2	2.127865E-5	1.661733E+2	9.766144E-3	1.790359E-1
8.632812E-1	3.030256E-5	1.608696E+2	2.823642E-5	1.606253E+2	7.316312E-2	4.575823E-3
8.654296E-1	2.335746E-5	1.639847E+2	3.281175E-5	1.630743E+2	-2.882272E-1	1.131065E-2
8.675781E-1	3.026573E-5	1.551466E+2	3.076771E-5	1.508387E+2	-1.909428E-2	7.389069E-2
8.697265E-1	3.323821E-5	1.426300E+2	2.873864E-5	1.403848E+2	1.556808E-1	4.530985E-2
8.718750E-1	2.883789E-5	1.403386E+2	2.528997E-5	1.354175E+2	1.360862E-1	9.781842E-2
8.740234E-1	2.626913E-5	1.239697E+2	3.433923E-5	1.328249E+2	-2.441294E-1	-1.177607E-1
8.761718E-1	2.528560E-5	1.283740E+2	2.927825E-5	1.251738E+2	-1.377159E-1	4.821218E-2
8.783203E-1	2.818327E-5	1.280790E+2	3.309195E-5	1.239260E+2	-1.505709E-1	6.167767E-2
8.804687E-1	2.945611E-5	1.186553E+2	2.849785E-5	1.053010E+2	5.676884E-3	2.387385E-1
8.826171E-1	3.091776E-5	1.107870E+2	2.908797E-5	1.151703E+2	5.979646E-2	-8.123617E-2
8.847656E-1	2.277335E-5	1.142703E+2	2.871482E-5	1.077245E+2	-2.120831E-1	9.040985E-2
8.869140E-1	2.970768E-5	9.216887E+1	3.350706E-5	1.036047E+2	-1.309920E-1	-1.757884E-1
8.890625E-1	2.822686E-5	9.467216E+1	3.742164E-5	9.725162E+1	-2.464718E-1	-3.394683E-2
8.912109E-1	2.989074E-5	9.568441E+1	2.706407E-5	9.059958E+1	1.000972E-1	9.788748E-2
8.933593E-1	2.167097E-5	8.334388E+1	2.845818E-5	8.031598E+1	-2.395608E-1	4.022425E-2
8.955078E-1	2.612642E-5	8.361398E+1	3.555746E-5	7.706271E+1	-2.700317E-1	8.383113E-2
8.976562E-1	2.784289E-5	6.417986E+1	3.383245E-5	6.003561E+1	-1.791878E-1	5.947376E-2
8.998046E-1	2.613732E-5	7.883604E+1	2.783292E-5	5.713562E+1	-1.274733E-1	3.472279E-1
9.019531E-1	1.677606E-5	6.137917E+1	3.160229E-5	5.922543E+1	-4.695255E-1	1.994986E-2
9.041015E-1	2.255876E-5	6.103925E+1	3.372743E-5	5.724429E+1	-3.326116E-1	4.426892E-2
9.062500E-1	2.126814E-5	5.104568E+1	2.875024E-5	2.794403E+1	-3.195656E-1	2.902530E-1
9.083984E-1	1.972193E-5	5.303924E+1	3.372855E-5	3.659692E+1	-4.391871E-1	1.655064E-1
9.105468E-1	2.515941E-5	4.609942E+1	3.824053E-5	3.940922E+1	-3.465548E-1	7.664886E-2
9.126953E-1	2.091642E-5	3.509590E+1	3.187833E-5	2.986929E+1	-3.465952E-1	5.977048E-2
9.148437E-1	2.061187E-5	3.528143E+1	3.146467E-5	1.882345E+1	-3.717603E-1	1.855920E-1
9.169921E-1	2.786253E-5	4.858492E+1	2.958693E-5	5.247127E+0	-3.150698E-1	6.462991E-1
9.191406E-1	2.535126E-5	4.822065E+1	3.526908E-5	-5.421778E-1	-5.261861E-1	5.405253E-1
9.212890E-1	2.114634E-5	4.064160E+1	3.196861E-5	-2.178955E-1	-4.997181E-1	4.327391E-1
9.234374E-1	2.514028E-5	3.542106E+1	3.118187E-5	-9.983665E+0	-4.339388E-1	5.741153E-1
9.255859E-1	3.061050E-5	2.703111E+1	3.363549E-5	-3.346646E+0	-2.148773E-1	4.602191E-1
9.277343E-1	3.873471E-5	1.664590E+1	2.963798E-5	-7.733855E+0	1.903888E-1	5.394772E-1
9.298828E-1	3.912098E-5	1.229565E+1	3.039844E-5	-3.028340E+1	-5.236848E-2	8.707526E-1
9.320312E-1	3.176761E-5	3.100192E+0	2.755871E-5	-2.755514E+1	-8.368407E-3	5.877426E-1
9.341796E-1	3.725374E-5	-4.223528E+0	3.565892E-5	-4.003202E+1	-1.527525E-1	6.112451E-1
9.363281E-1	3.758269E-5	-1.264431E+1	3.686189E-5	-4.990759E+1	-1.885760E-1	6.173180E-1
9.384765E-1	3.649808E-5	-1.288737E+1	3.599764E-5	-4.688261E+1	-1.593900E-1	5.668970E-1
9.406249E-1	3.885628E-5	-6.947212E+0	3.189303E-5	-6.166423E+1	-2.962733E-1	9.945351E-1
9.427734E-1	4.184053E-5	-1.427975E+1	2.920170E-5	-7.231312E+1	-2.414334E-1	1.215535E+0
9.449218E-1	4.701753E-5	-1.182359E+1	3.065865E-5	-6.546825E+1	-9.090636E-2	1.235079E+0
9.470703E-1	6.129067E-5	-1.880761E+1	3.175721E-5	-7.505096E+1	7.242375E-2	1.604592E+0
9.492187E-1	7.121627E-5	-2.944042E+1	3.463077E-5	-7.516515E+1	4.356172E-1	1.472402E+0
9.513671E-1	9.300597E-5	-3.553140E+1	3.895353E-5	-8.238998E+1	6.326535E-1	1.742165E+0
9.535156E-1	1.117111E-4	-5.246835E+1	2.871308E-5	-9.333052E+1	1.942405E+0	2.545392E+0
9.556640E-1	1.330025E-4	-7.102965E+1	3.124197E-5	-1.009022E+2	2.691547E+0	2.120381E+0
9.578124E-1	1.547963E-4	-8.674879E+1	3.186366E-5	-1.001939E+2	3.724938E+0	1.129571E+0
9.599609E-1	1.786046E-4	-1.085537E+2	3.248739E-5	-1.108221E+2	4.493351E+0	2.176012E-1
9.621093E-1	1.829788E-4	-1.339193E+2	3.418943E-5	-1.201620E+2	4.198375E+0	-1.272736E+0
9.642578E-1	1.771783E-4	-1.574625E+2	3.812521E-5	-1.214235E+2	2.757863E+0	-2.734158E+0
9.664062E-1	1.652491E-4	1.775667E+2	3.244778E-5	-1.279140E+2	1.955990E+0	-4.147100E+0
9.685546E-1	1.473048E-4	1.520047E+2	2.915724E-5	-1.355761E+2	5.259840E-1	-4.816110E+0
9.707031E-1	1.168792E-4	1.288847E+2	3.472753E-5	-1.421121E+2	-9.414500E-1	-3.365097E+0
9.728515E-1	9.386370E-5	1.035719E+2	3.159647E-5	-1.409921E+2	-2.275924E+0	-2.682739E+0
9.749999E-1	7.880294E-5	7.937044E+1	3.440710E-5	-1.509641E+2	-2.461914E+0	-1.763045E+0
9.771484E-1	5.960354E-5	6.180885E+1	4.332116E-5	-1.575540E+2	-2.063734E+0	-8.726062E-1
9.792968E-1	5.412621E-5	3.270145E+1	3.339262E-5	-1.647084E+2	-2.546648E+0	-4.849821E-1
9.814452E-1	4.984930E-5	-2.862534E+0	2.828314E-5	-1.748209E+2	-2.745178E+0	2.465621E-1
9.835937E-1	4.752484E-5	-4.563993E+1	3.685930E-5	1.785679E+2	-1.924232E+0	8.990218E-1
9.857421E-1	5.175198E-5	-6.304332E+1	3.685239E-5	-1.787897E+2	-1.610014E+0	1.264893E+0
9.878906E-1	6.449233E-5	-9.950169E+1	3.977510E-5	1.716334E+2	-9.678800E-1	1.621107E+0
9.900390E-1	7.594589E-5	-1.166362E+2	3.464787E-5	1.589459E+2	-7.867861E-1	2.181541E+0
9.921874E-1	8.776989E-5	-1.404544E+2	3.434118E-5	1.646048E+2	4.681208E-1	2.092090E+0
9.943359E-1	1.052460E-4	-1.573850E+2	3.079671E-5	1.592763E+2	1.485538E+0	2.345424E+0
9.964843E-1	1.099332E-4	1.798385E+2	4.072758E-5	1.455842E+2	1.231044E+0	1.519309E+0
9.986327E-1	1.215264E-4	1.629209E+2	3.669044E-5	1.379828E+2	2.003391E+0	1.396556E+0
1.000781E+0	1.393541E-4	1.447780E+2	3.542740E-5	1.332661E+2	2.854383E+0	7.850167E-1
1.002930E+0	1.480591E-4	1.172726E+2	3.236677E-5	1.363569E+2	3.323000E+0	-1.495647E+0
1.005078E+0	1.623221E-4	9.252370E+1	3.255419E-5	1.202218E+2	3.414837E+0	-2.317655E+0
1.007226E+0	1.535376E-4	6.643636E+1	3.906769E-5	1.200689E+2	1.330363E+0	-3.164589E+0
1.009375E+0	1.414401E-4	4.229865E+1	3.117376E-5	1.148512E+2	3.603787E-1	-4.328409E+0
1.011523E+0	1.343029E-4	1.741584E+1	3.647460E-5	9.927606E+1	-4.786576E-1	-3.644999E+0
1.013672E+0	1.250632E-4	-1.452438E+1	3.693786E-5	1.024401E+2	-2.535238E+0	-3.017698E+0
1.015820E+0	1.366932E-4	-5.356782E+1	3.527540E-5	9.978085E+1	-4.463318E+0	-1.738183E+0
1.017969E+0	1.234583E-4	-9.890131E+1	3.461321E-5	8.669300E+1	-4.549809E+0	3.477059E-1
1.020117E+0	1.231934E-4	-1.379264E+2	3.875444E-5	8.849856E+1	-3.191174E+0	2.302967E+0
1.022266E+0	1.303324E-4	-1.756782E+2	3.393156E-5	7.089284E+1	-2.527242E+0	3.524359E+0
1.024414E+0	1.305361E-4	1.446662E+2	3.261914E-5	6.302787E+1	-4.180498E-1	3.959285E+0
1.026562E+0	1.425282E-4	1.102044E+2	3.458083E-5	6.228049E+1	1.761951E+0	3.059277E+0
1.028711E+0	1.349118E-4	8.389448E+1	3.945412E-5	4.806852E+1	1.772494E+0	2.001496E+0
1.030859E+0	1.279843E-4	6.540202E+1	3.338957E-5	4.763316E+1	2.650208E+0	1.169765E+0
1.033008E+0	1.389786E-4	4.362158E+1	3.756204E-5	3.872308E+1	2.686461E+0	3.159439E-1
1.035156E+0	1.266493E-4	2.018702E+1	3.332459E-5	4.080013E+1	2.557166E+0	-1.337980E+0
1.037305E+0	1.192368E-4	-7.426146E+0	3.335395E-5	3.839199E+1	1.491479E+0	-2.563667E+0
1.039453E+0	1.197629E-4	-3.120425E+1	3.415536E-5	2.359301E+1	1.021349E+0	-2.865153E+0
1.041601E+0	1.046570E-4	-6.202140E+1	4.091059E-5	2.550408E+1	-8.895500E-1	-2.555803E+0
1.043750E+0	8.744014E-5	-9.828216E+1	3.374050E-5	7.528452E+0	-1.706089E+0	-2.493504E+0
1.045898E+0	8.464538E-5	-1.380088E+2	3.462762E-5	9.936418E+0	-3.071769E+0	-1.297341E+0
1.048047E+0	8.974198E-5	-1.766298E+2	4.114776E-5	5.438204E+0	-3.179548E+0	7.870166E-2
1.050195E+0	1.116485E-4	1.378287E+2	3.609656E-5	-7.715940E+0	-3.550428E+0	1.749937E+0
1.052344E+0	1.336835E-4	9.348103E+1	3.795287E-5	-8.774785E+0	-1.747715E+0	3.442079E+0
1.054492E+0	1.451075E-4	5.578972E+1	3.737828E-5	-1.612149E+1	2.053656E-1	3.690266E+0
1.056641E+0	1.588432E-4	2.688958E+1	3.683975E-5	-1.217719E+1	2.347682E+0	2.717365E+0
1.058789E+0	1.683689E-4	-3.314340E+0	3.690777E-5	-2.316910E+1	3.290708E+0	1.549384E+0
1.060937E+0	1.663885E-4	-3.202776E+1	3.820584E-5	-3.724901E+1	3.336984E+0	3.963183E-1
1.063086E+0	1.670906E-4	-6.330269E+1	3.481100E-5	-3.568980E+1	3.253221E+0	-2.224749E+0
1.065234E+0	1.440739E-4	-9.046754E+1	3.671450E-5	-4.817393E+1	1.902732E+0	-2.640691E+0
1.067383E+0	1.160985E-4	-1.190430E+2	3.862458E-5	-5.582453E+1	3.543914E-1	-2.683388E+0
1.069531E+0	9.077336E-5	-1.560190E+2	3.677633E-5	-5.976625E+1	-1.268829E+0	-2.453572E+0
1.071680E+0	6.527348E-5	1.695345E+2	3.741054E-5	-6.839431E+1	-1.926435E+0	-1.478515E+0
1.073828E+0	4.965392E-5	9.957211E+1	3.947991E-5	-7.486953E+1	-2.251787E+0	1.218204E-1
1.075976E+0	3.901927E-5	3.974827E+1	3.241001E-5	-8.640619E+1	-1.710273E+0	9.720858E-1
1.078125E+0	5.463191E-5	-7.488775E+0	3.671961E-5	-7.932762E+1	-5.362624E-1	1.413695E+0
1.080273E+0	5.671044E-5	-4.482953E+1	4.045840E-5	-8.920954E+1	1.816704E-3	9.803669E-1
1.082422E+0	6.626794E-5	-6.749835E+1	3.922066E-5	-9.622353E+1	4.816854E-1	8.120456E-1
1.084570E+0	6.218500E-5	-8.695594E+1	4.135738E-5	-1.052957E+2	4.272292E-1	4.731099E-1
1.086719E+0	5.936704E-5	-1.056383E+2	3.403880E-5	-1.081736E+2	7.423919E-1	7.715004E-2
1.088867E+0	5.580210E-5	-1.172784E+2	3.480871E-5	-1.156193E+2	6.024353E-1	-4.641430E-2
1.091016E+0	5.182546E-5	-1.364993E+2	3.907349E-5	-1.222094E+2	2.853201E-1	-3.273827E-1
1.093164E+0	5.050709E-5	-1.438669E+2	3.751600E-5	-1.343057E+2	3.275798E-1	-2.236187E-1
1.095312E+0	4.107247E-5	-1.512651E+2	4.024457E-5	-1.311553E+2	-4.164697E-2	-3.508933E-1
1.097461E+0	3.351911E-5	-1.494470E+2	4.153417E-5	-1.432769E+2	-1.976500E-1	-8.673947E-2
1.099609E+0	3.354903E-5	-1.558104E+2	3.509797E-5	-1.466441E+2	-5.633821E-2	-1.522703E-1
1.101758E+0	2.892638E-5	-1.554379E+2	3.721246E-5	-1.472166E+2	-2.306580E-1	-1.111558E-1
1.103906E+0	3.118760E-5	-1.523988E+2	4.066436E-5	-1.466527E+2	-2.369020E-1	-7.678746E-2
1.106055E+0	3.360755E-5	-1.526164E+2	3.614025E-5	-1.601709E+2	-7.815123E-2	1.222559E-1
1.108203E+0	2.817858E-5	-1.722263E+2	3.729010E-5	-1.665064E+2	-2.481039E-1	-7.531296E-2
1.110351E+0	3.519686E-5	-1.609849E+2	4.076110E-5	-1.667867E+2	-1.409318E-1	8.728823E-2
1.112500E+0	3.404681E-5	-1.687619E+2	4.198052E-5	1.758248E+2	-2.181547E-1	2.155514E-1
1.114648E+0	3.523488E-5	-1.740572E+2	4.026004E-5	-1.770540E+2	-1.260144E-1	4.575470E-2
1.116797E+0	4.394462E-5	-1.760918E+2	3.798875E-5	1.679179E+2	1.120221E-1	3.186635E-1
1.118945E+0	5.212423E-5	1.696810E+2	3.983366E-5	1.604216E+2	2.914969E-1	2.105511E-1
1.121094E+0	4.475562E-5	1.638151E+2	3.950832E-5	1.593242E+2	1.293371E-1	8.870028E-2
1.123242E+0	4.797189E-5	1.515492E+2	3.607307E-5	1.495868E+2	3.290733E-1	4.553902E-2
1.125391E+0	4.547100E-5	1.409195E+2	3.731853E-5	1.449313E+2	2.154707E-1	-8.524555E-2
1.127539E+0	4.769882E-5	1.254598E+2	3.650830E-5	1.293096E+2	3.035717E-1	-8.772123E-2
1.129687E+0	4.535916E-5	1.224638E+2	3.843322E-5	1.324061E+2	1.624829E-1	-2.037702E-1
1.131836E+0	3.787735E-5	1.134923E+2	3.993092E-5	1.229612E+2	-6.435232E-2	-1.560517E-1
1.133984E+0	3.843273E-5	1.101312E+2	3.684613E-5	1.215640E+2	2.236361E-2	-2.067538E-1
1.136133E+0	3.727283E-5	1.088327E+2	3.530682E-5	1.194308E+2	3.767514E-2	-1.941600E-1
1.138281E+0	3.839984E-5	1.070027E+2	3.683727E-5	1.142226E+2	3.415296E-2	-1.310088E-1
1.140430E+0	3.355903E-5	1.065874E+2	3.440533E-5	1.045077E+2	-2.524042E-2	3.539699E-2
1.142578E+0	3.397206E-5	9.489487E+1	3.968712E-5	9.858263E+1	-1.457753E-1	-5.505698E-2
1.144726E+0	4.563807E-5	9.344484E+1	3.491846E-5	8.734400E+1	2.995875E-1	1.389051E-1
1.146875E+0	4.547441E-5	8.266946E+1	4.109958E-5	8.104554E+1	1.060003E-1	3.135549E-2
1.149023E+0	4.248325E-5	7.541458E+1	4.029343E-5	7.456919E+1	5.423206E-2	1.555615E-2
1.151172E+0	4.207006E-5	7.674464E+1	4.053379E-5	6.468807E+1	1.500679E-2	2.167940E-1
1.153320E+0	4.334363E-5	6.651852E+1	4.003031E-5	7.213623E+1	7.756994E-2	-1.059929E-1
1.155469E+0	4.501367E-5	5.547959E+1	4.015001E-5	5.294028E+1	1.200363E-1	4.967177E-2
1.157617E+0	4.181821E-5	4.863209E+1	3.742360E-5	5.242934E+1	1.149757E-1	-7.400285E-2
1.159766E+0	4.480144E-5	4.834716E+1	4.472171E-5	5.064061E+1	9.803514E-4	-4.008891E-2
1.161914E+0	4.349439E-5	4.023643E+1	4.205807E-5	3.785275E+1	3.325604E-2	4.301144E-2
1.164062E+0	4.470508E-5	2.710404E+1	4.037841E-5	4.180695E+1	7.089918E-2	-2.810033E-1
1.166211E+0	4.467367E-5	2.256812E+1	3.988606E-5	2.762478E+1	1.156730E-1	-9.872058E-2
1.168359E+0	4.180733E-5	1.441999E+1	3.519058E-5	2.084064E+1	1.805745E-1	-1.328535E-1
1.170508E+0	3.238651E-5	2.581214E+0	4.302157E-5	1.904769E+1	-2.780784E-1	-2.133835E-1
1.172656E+0	3.351292E-5	6.065708E+0	4.387123E-5	1.198185E+1	-2.401758E-1	-7.873656E-2
1.174805E+0	3.627744E-5	1.209744E+1	3.064915E-5	7.470960E+0	1.797795E-1	9.547160E-2
1.176953E+0	3.263343E-5	6.822124E+0	3.215137E-5	-6.959219E+0	-1.422628E-2	2.417889E-1
1.179101E+0	3.226773E-5	1.014465E+0	3.574164E-5	-1.249849E+1	-1.221873E-1	2.109541E-1
1.181250E+0	3.101738E-5	-4.847323E-1	4.430108E-5	-1.468217E+1	-3.212356E-1	1.717215E-1
1.183398E+0	3.733205E-5	2.866799E+1	4.231447E-5	-1.838169E+1	-3.988649E-1	6.457602E-1
1.185547E+0	6.978455E-5	1.401687E+1	4.162277E-5	-2.914219E+1	2.230053E-1	1.146835E+0
1.187695E+0	1.188813E-4	-1.942381E+1	3.877832E-5	-2.958037E+1	2.017624E+0	5.405946E-1
1.189844E+0	1.351598E-4	-5.961403E+1	3.967345E-5	-3.882191E+1	2.184937E+0	-1.209343E+0
1.191992E+0	1.271653E-4	-1.076138E+2	4.563079E-5	-4.641720E+1	3.427110E-1	-2.442039E+0
1.194141E+0	9.588009E-5	-1.668812E+2	4.323630E-5	-5.114714E+1	-1.962863E+0	-1.997641E+0
1.196289E+0	8.286841E-5	1.231550E+2	4.220113E-5	-5.865783E+1	-2.962671E+0	-6.211935E-2
1.198437E+0	9.390568E-5	5.267222E+1	3.803456E-5	-6.493920E+1	-2.144294E+0	2.187770E+0
1.200586E+0	1.263650E-4	-1.264380E+0	4.290288E-5	-7.346829E+1	-9.980457E-2	2.804438E+0
1.202734E+0	1.323929E-4	-4.358055E+1	4.613679E-5	-7.904839E+1	1.337099E+0	1.665058E+0
1.204883E+0	1.352728E-4	-8.151508E+1	4.022964E-5	-8.228619E+1	2.362211E+0	4.525274E-2
1.207031E+0	1.313377E-4	-1.130022E+2	4.246770E-5	-8.697681E+1	1.779054E+0	-1.356960E+0
1.209180E+0	1.089758E-4	-1.470915E+2	4.004578E-5	-9.358537E+1	6.184456E-1	-2.187693E+0
1.211328E+0	8.821749E-5	1.711376E+2	4.345482E-5	-1.000774E+2	-9.569535E-1	-2.029640E+0
1.213476E+0	5.672968E-5	1.017513E+2	4.631602E-5	-1.102306E+2	-2.038928E+0	-6.487378E-1
1.215625E+0	5.993075E-5	1.902899E+1	4.064939E-5	-1.117835E+2	-1.963603E+0	1.115853E+0
1.217773E+0	8.601414E-5	-4.922358E+1	3.954026E-5	-1.199259E+2	-2.810967E-1	2.053132E+0
1.219922E+0	1.080118E-4	-9.417690E+1	4.319240E-5	-1.245333E+2	1.157862E+0	1.263804E+0
1.222070E+0	9.603782E-5	-1.365309E+2	4.148287E-5	-1.307165E+2	1.303209E+0	-2.345363E-1
1.224219E+0	6.516682E-5	-1.576581E+2	3.989209E-5	-1.391136E+2	5.487571E-1	-5.195448E-1
1.226367E+0	5.010479E-5	-1.672617E+2	3.866279E-5	-1.456889E+2	2.051641E-1	-4.764965E-1
1.228516E+0	3.560194E-5	-1.698654E+2	3.566037E-5	-1.506818E+2	-5.707706E-2	-3.280579E-1
1.230664E+0	3.644955E-5	-1.610109E+2	4.069195E-5	-1.587895E+2	-1.049296E-1	-3.471994E-2
1.232812E+0	3.694004E-5	-1.638885E+2	3.895975E-5	-1.505208E+2	-7.753001E-2	-2.192139E-1
1.234961E+0	3.901760E-5	-1.595267E+2	4.177420E-5	-1.646039E+2	-6.965282E-2	8.265812E-2
1.237109E+0	4.321411E-5	-1.689385E+2	4.216302E-5	-1.715855E+2	2.383561E-2	4.733372E-2
1.239258E+0	3.763847E-5	1.771865E+2	3.932608E-5	-1.732197E+2	-5.629899E-2	-1.595100E-1
1.241406E+0	4.239319E-5	-1.743549E+2	4.330214E-5	1.704985E+2	-5.500123E-2	2.558050E-1
1.243555E+0	4.249735E-5	1.785985E+2	4.738137E-5	1.712254E+2	-1.104951E-1	1.151019E-1
1.245703E+0	4.735273E-5	1.705482E+2	4.500515E-5	1.652852E+2	4.772671E-2	9.651229E-2
1.247851E+0	4.819452E-5	1.581571E+2	4.029469E-5	1.619898E+2	1.933764E-1	-7.994809E-2
1.250000E+0	4.502851E-5	1.533792E+2	4.306177E-5	1.509172E+2	4.470730E-2	4.491873E-2
1.252148E+0	4.811714E-5	1.486001E+2	4.207346E-5	1.441361E+2	1.401766E-1	8.901305E-2
1.254297E+0	4.928068E-5	1.347190E+2	4.136769E-5	1.380471E+2	1.892752E-1	-6.915840E-2
1.256445E+0	5.243188E-5	1.317978E+2	4.418286E-5	1.317997E+2	1.867018E-1	-3.935252E-5
1.258594E+0	4.546668E-5	1.216007E+2	4.621043E-5	1.259296E+2	-1.890175E-2	-7.426683E-2
1.260742E+0	4.847130E-5	1.126840E+2	4.228896E-5	1.183946E+2	1.405044E-1	-1.140506E-1
1.262890E+0	4.267010E-5	1.058269E+2	4.418367E-5	1.148685E+2	-4.625617E-2	-1.517681E-1
1.265039E+0	3.660739E-5	1.109986E+2	4.484623E-5	1.064744E+2	-1.862566E-1	6.438884E-2
1.267187E+0	4.366391E-5	1.046680E+2	4.742781E-5	9.992036E+1	-8.251941E-2	7.619871E-2
1.269336E+0	3.900457E-5	1.011612E+2	4.031053E-5	9.041499E+1	-4.936659E-2	1.804182E-1
1.271484E+0	4.404271E-5	9.363911E+1	4.381740E-5	8.844457E+1	1.013934E-3	9.100322E-2
1.273633E+0	4.152081E-5	8.733788E+1	3.800676E-5	8.439534E+1	9.101817E-2	5.608075E-2
1.275781E+0	4.944942E-5	7.743420E+1	4.769054E-5	7.435709E+1	3.538613E-2	5.565966E-2
1.277930E+0	4.353700E-5	6.982336E+1	4.617959E-5	6.986412E+1	-5.722444E-2	-6.706871E-4
1.280078E+0	4.846820E-5	5.583186E+1	4.565353E-5	7.378545E+1	9.957263E-3	-3.272508E-1
1.282226E+0	4.346762E-5	5.644957E+1	3.673665E-5	6.314081E+1	1.751627E-1	-1.378677E-1
1.284375E+0	4.113064E-5	5.346062E+1	3.971771E-5	4.543637E+1	2.543508E-2	1.445581E-1
1.286523E+0	4.843772E-5	4.460514E+1	4.232676E-5	4.794448E+1	1.424327E-1	-6.665930E-2
1.288672E+0	4.287067E-5	3.894978E+1	4.793049E-5	4.106467E+1	-1.061750E-1	-3.300767E-2
1.290820E+0	3.895281E-5	3.775377E+1	4.007378E-5	3.612825E+1	-2.836382E-2	2.757337E-2
1.292969E+0	4.102724E-5	2.386284E+1	4.516321E-5	2.299402E+1	-9.168274E-2	1.377457E-2
1.295117E+0	4.162806E-5	2.205196E+1	4.742089E-5	2.095536E+1	-1.223185E-1	1.680024E-2
1.297265E+0	4.284166E-5	2.234511E+1	4.563445E-5	2.101173E+1	-6.145337E-2	2.184568E-2
1.299414E+0	4.179966E-5	9.318048E+0	4.337290E-5	9.964827E+0	-3.633382E-2	-1.087873E-2
1.301562E+0	4.643603E-5	8.412152E+0	4.316532E-5	1.011685E+1	7.529560E-2	-3.200228E-2
1.303711E+0	4.581908E-5	-1.872317E+0	4.125726E-5	1.073738E+0	1.091023E-1	-5.707853E-2
1.305859E+0	4.442752E-5	-2.172934E+0	4.560862E-5	2.667300E+0	-2.937022E-2	-8.219250E-2
1.308008E+0	3.959885E-5	-6.883659E+0	4.956107E-5	-1.774657E+1	-2.153262E-1	1.505777E-1
1.310156E+0	4.555400E-5	-1.535072E+1	4.489641E-5	-2.293666E+1	5.766604E-3	1.339467E-1
1.312305E+0	4.922631E-5	-1.797575E+1	4.192903E-5	-2.512757E+1	1.649045E-1	1.461666E-1
1.314453E+0	5.992613E-5	-3.163365E+1	4.762345E-5	-2.880437E+1	2.567985E-1	-6.211152E-2
1.316601E+0	5.220559E-5	-5.139265E+1	4.900163E-5	-3.791467E+1	3.604361E-2	-2.483110E-1
1.318750E+0	3.849142E-5	-7.292281E+1	4.858383E-5	-3.797940E+1	-3.505634E-1	-4.537851E-1
1.320898E+0	2.427284E-5	-3.679222E+1	4.519538E-5	-4.866421E+1	-4.744234E-1	1.104881E-1
1.323047E+0	3.394993E-5	-1.155391E+1	4.294602E-5	-5.425876E+1	-4.190766E-1	5.361518E-1
1.325195E+0	6.667531E-5	-2.953270E+1	3.906452E-5	-6.152011E+1	4.476469E-1	9.041479E-1
1.327344E+0	8.154303E-5	-6.041301E+1	4.510581E-5	-6.974983E+1	7.838660E-1	2.932965E-1
1.329492E+0	8.146458E-5	-8.107852E+1	5.032003E-5	-7.636458E+1	6.134533E-1	-1.330452E-1
1.331640E+0	6.341720E-5	-1.058716E+2	5.059717E-5	-7.271987E+1	4.935683E-2	-6.854179E-1
1.333789E+0	3.889654E-5	-1.191182E+2	4.559695E-5	-8.936837E+1	-2.593806E-1	-4.232960E-1
1.335937E+0	2.198672E-5	-1.037294E+2	4.384441E-5	-9.224472E+1	-5.085690E-1	-9.984593E-2
1.338086E+0	3.368183E-5	-5.756674E+1	4.650040E-5	-1.008132E+2	-4.723853E-1	4.962689E-1
1.340234E+0	5.738447E-5	-8.270846E+1	4.750308E-5	-1.056287E+2	1.126404E-1	4.704609E-1
1.342383E+0	5.897387E-5	-1.049357E+2	4.630696E-5	-1.100810E+2	2.684105E-1	1.142135E-1
1.344531E+0	5.860838E-5	-1.185763E+2	4.166564E-5	-1.158225E+2	4.050114E-1	-6.758094E-2
1.346680E+0	5.394770E-5	-1.281086E+2	4.516793E-5	-1.228645E+2	1.893813E-1	-1.091653E-1
1.348828E+0	4.568068E-5	-1.349952E+2	4.340000E-5	-1.276674E+2	4.395371E-2	-1.342484E-1
1.350976E+0	4.312765E-5	-1.454518E+2	4.210198E-5	-1.276112E+2	-2.489739E-2	-3.138336E-1
1.353125E+0	3.915446E-5	-1.498713E+2	4.568424E-5	-1.374127E+2	-1.631150E-1	-1.848986E-1
1.355273E+0	4.546301E-5	-1.521122E+2	4.625932E-5	-1.447429E+2	-2.533183E-2	-1.260563E-1
1.357422E+0	4.384372E-5	-1.502555E+2	5.082064E-5	-1.577319E+2	-1.446195E-1	1.122546E-1
1.359570E+0	4.938892E-5	-1.613051E+2	4.951680E-5	-1.583134E+2	-3.941932E-3	-5.205650E-2
1.361719E+0	4.473978E-5	-1.605630E+2	4.638935E-5	-1.638060E+2	-3.710370E-2	5.455920E-2
1.363867E+0	4.964884E-5	-1.678046E+2	4.257399E-5	-1.709791E+2	1.643883E-1	6.457958E-2
1.366015E+0	4.849366E-5	-1.746867E+2	4.683297E-5	-1.792253E+2	3.221290E-2	8.193666E-2
1.368164E+0	5.130106E-5	-1.763487E+2	4.957275E-5	1.742493E+2	2.096223E-2	1.690558E-1
1.370312E+0	4.721810E-5	1.698186E+2	5.463658E-5	1.752933E+2	-1.397208E-1	-8.245208E-2
1.372461E+0	4.356934E-5	1.654299E+2	4.594586E-5	1.632870E+2	-5.238751E-2	3.545787E-2
1.374609E+0	4.298941E-5	1.527510E+2	4.499369E-5	1.615050E+2	-5.567599E-2	-1.454129E-1
1.376758E+0	4.663917E-5	1.523857E+2	4.624857E-5	1.491629E+2	6.850781E-3	5.669362E-2
1.378906E+0	4.376629E-5	1.476203E+2	4.277801E-5	1.468581E+2	2.301200E-2	1.360983E-2
1.381055E+0	4.854424E-5	1.407754E+2	4.603934E-5	1.344890E+2	4.806764E-2	1.154559E-1
1.383203E+0	5.110491E-5	1.369104E+2	4.609782E-5	1.348853E+2	1.079264E-1	3.917560E-2
1.385351E+0	5.016547E-5	1.256544E+2	4.971385E-5	1.203656E+2	4.788451E-3	9.301331E-2
1.387500E+0	4.766817E-5	1.174700E+2	4.872592E-5	1.250371E+2	-3.022779E-2	-1.288285E-1
1.389648E+0	5.297358E-5	1.105658E+2	4.476866E-5	1.118825E+2	1.829613E-1	-2.719013E-2
1.391797E+0	4.368090E-5	1.126565E+2	4.113715E-5	1.100859E+2	6.076733E-2	4.762374E-2
1.393945E+0	5.095812E-5	1.053370E+2	5.229454E-5	9.978252E+1	-3.013103E-2	9.431860E-2
1.396094E+0	4.206696E-5	1.006976E+2	5.175018E-5	9.810310E+1	-1.879480E-1	3.679695E-2
1.398242E+0	5.455920E-5	9.477319E+1	4.997011E-5	9.455407E+1	9.182872E-2	4.175572E-3
1.400390E+0	4.677939E-5	7.813200E+1	4.657396E-5	8.576939E+1	-4.499273E-3	-1.334894E-1
1.402539E+0	4.811604E-5	7.619947E+1	4.576347E-5	6.936374E+1	4.393321E-2	1.251418E-1
1.404687E+0	4.956663E-5	7.132005E+1	4.989664E-5	7.442828E+1	-8.075250E-3	-5.386362E-2
1.406836E+0	4.904890E-5	6.768450E+1	4.992325E-5	6.627441E+1	-1.781141E-2	2.417724E-2
1.408984E+0	4.796253E-5	5.341845E+1	4.352973E-5	6.160317E+1	9.061083E-2	-1.568625E-1
1.411133E+0	4.449325E-5	5.581404E+1	4.715379E-5	5.268756E+1	-5.782706E-2	5.146299E-2
1.413281E+0	5.080042E-5	4.684738E+1	4.521688E-5	5.054030E+1	1.211507E-1	-7.236245E-2
1.415430E+0	5.103781E-5	4.174691E+1	5.075196E-5	4.022954E+1	5.279663E-3	2.662915E-2
1.417578E+0	4.681094E-5	4.210324E+1	4.818544E-5	3.650494E+1	-3.315886E-2	9.477064E-2
1.419726E+0	4.561541E-5	3.480428E+1	4.284553E-5	3.356673E+1	6.439971E-2	2.299389E-2
1.421875E+0	4.447746E-5	2.636943E+1	4.827634E-5	2.119520E+1	-8.244459E-2	8.308799E-2
1.424023E+0	4.467562E-5	2.034747E+1	4.358595E-5	2.111760E+1	2.490790E-2	-1.377693E-2
1.426172E+0	4.852590E-5	3.160924E+0	5.037061E-5	1.779875E+1	-6.789152E-2	-2.434533E-1
1.428320E+0	3.896681E-5	5.175959E-1	4.991468E-5	1.365016E+1	-2.397485E-1	-1.773716E-1
1.430469E+0	4.153934E-5	7.230110E+0	5.439008E-5	9.152294E+0	-2.366997E-1	-2.561715E-2
1.432617E+0	4.597056E-5	1.132984E+1	4.766099E-5	1.084221E+0	-5.084793E-2	1.715597E-1
1.434765E+0	5.606835E-5	4.401592E+0	4.954848E-5	-1.778839E+1	4.777663E-2	4.273760E-1
1.436914E+0	6.616191E-5	-1.369256E+1	4.945757E-5	-1.904929E+1	3.319086E-1	1.248877E-1
1.439062E+0	6.243519E-5	-3.639641E+1	5.175177E-5	-1.843882E+1	1.476643E-1	-3.719598E-1
1.441211E+0	4.893845E-5	-5.248333E+1	4.946815E-5	-2.945972E+1	-8.951118E-2	-3.869224E-1
1.443359E+0	3.611992E-5	-4.177759E+1	5.730961E-5	-3.694596E+1	-3.719802E-1	-5.308545E-2
1.445508E+0	4.149339E-5	-1.208914E+1	5.719917E-5	-3.886577E+1	-3.523675E-1	3.268112E-1
1.447656E+0	6.088475E-5	-2.720678E+1	5.161567E-5	-4.553476E+1	1.197412E-1	3.709257E-1
1.449805E+0	6.605216E-5	-4.845134E+1	5.240556E-5	-5.365365E+1	2.552117E-1	1.142842E-1
1.451953E+0	6.374328E-5	-7.088781E+1	5.083144E-5	-6.144994E+1	2.370385E-1	-2.056305E-1
1.454101E+0	4.680496E-5	-7.076667E+1	5.424143E-5	-6.863462E+1	-1.376968E-1	-3.210224E-2
1.456250E+0	4.405671E-5	-7.841868E+1	5.031155E-5	-7.118517E+1	-1.312915E-1	-1.102596E-1
1.458398E+0	5.200249E-5	-7.329419E+1	5.731684E-5	-7.411455E+1	-9.281182E-2	1.298999E-2
1.460547E+0	5.831403E-5	-7.858430E+1	5.428155E-5	-8.353010E+1	7.028833E-2	9.261797E-2
1.462695E+0	5.745354E-5	-9.608646E+1	5.087056E-5	-9.369646E+1	1.284240E-1	-4.709769E-2
1.464844E+0	5.295472E-5	-9.406324E+1	5.340187E-5	-1.010952E+2	-1.583230E-2	1.213979E-1
1.466992E+0	5.607941E-5	-1.045934E+2	4.940943E-5	-1.031225E+2	1.346201E-1	-2.913442E-2
1.469140E+0	5.584444E-5	-1.138115E+2	5.704475E-5	-1.119440E+2	-2.156151E-2	-3.190255E-2
1.471289E+0	5.684364E-5	-1.228528E+2	5.214150E-5	-1.105763E+2	6.525108E-2	-2.318047E-1
1.473437E+0	5.456691E-5	-1.243604E+2	4.319048E-5	-1.276411E+2	2.613308E-1	7.230160E-2
1.475586E+0	5.447331E-5	-1.304532E+2	5.488973E-5	-1.284666E+2	-8.182961E-3	-3.440277E-2
1.477734E+0	5.274450E-5	-1.382297E+2	4.892089E-5	-1.356276E+2	7.704736E-2	-4.894799E-2
1.479883E+0	4.947612E-5	-1.493374E+2	5.333459E-5	-1.419875E+2	-7.996678E-2	-1.186735E-1
1.482031E+0	5.600239E-5	-1.488935E+2	4.678683E-5	-1.449203E+2	1.940923E-1	-8.293782E-2
1.484180E+0	4.870715E-5	-1.549530E+2	5.357208E-5	-1.531886E+2	-9.124198E-2	-2.799368E-2
1.486328E+0	4.849905E-5	-1.556676E+2	4.838359E-5	-1.658384E+2	-1.336542E-2	1.770045E-1
1.488476E+0	5.084634E-5	-1.650729E+2	4.832300E-5	-1.662708E+2	5.198824E-2	2.199744E-2
1.490625E+0	4.871511E-5	-1.727511E+2	4.926783E-5	-1.764908E+2	-1.332413E-2	6.449202E-2
1.492773E+0	5.176640E-5	-1.798650E+2	4.977775E-5	-1.775875E+2	3.912910E-2	-4.132702E-2
1.494922E+0	5.426376E-5	1.792264E+2	4.953814E-5	1.770018E+2	9.456802E-2	4.251972E-2
1.497070E+0	4.972756E-5	1.653661E+2	5.147482E-5	1.691645E+2	-3.606609E-2	-6.399738E-2
1.499219E+0	5.043728E-5	1.695501E+2	5.090061E-5	1.638806E+2	-1.394981E-2	9.789079E-2
1.501367E+0	5.147234E-5	1.604252E+2	5.411189E-5	1.558654E+2	-5.179019E-2	7.562160E-2
1.503515E+0	5.614764E-5	1.514595E+2	5.356157E-5	1.566453E+2	4.399139E-2	-9.474978E-2
1.505664E+0	5.102668E-5	1.453720E+2	4.901058E-5	1.514797E+2	3.522617E-2	-1.107745E-1
1.507812E+0	4.755376E-5	1.400231E+2	5.350847E-5	1.402709E+2	-1.112937E-1	-3.843613E-3
1.509961E+0	4.946132E-5	1.433588E+2	4.546208E-5	1.365338E+2	8.025908E-2	1.292912E-1
1.512109E+0	5.596365E-5	1.248183E+2	5.229380E-5	1.294578E+2	6.667094E-2	-8.656248E-2
1.514258E+0	5.110335E-5	1.243199E+2	5.303562E-5	1.237368E+2	-3.648334E-2	9.806062E-3
1.516406E+0	5.339528E-5	1.139561E+2	4.757934E-5	1.148844E+2	1.220894E-1	-1.818156E-2
1.518554E+0	5.179035E-5	1.115659E+2	5.583433E-5	1.148294E+2	-7.393246E-2	-5.280483E-2
1.520703E+0	4.784360E-5	1.095699E+2	4.568952E-5	1.082412E+2	4.686448E-2	2.428134E-2
1.522851E+0	5.016717E-5	1.012526E+2	5.031307E-5	1.068210E+2	-7.605091E-3	-9.675261E-2
1.525000E+0	4.781936E-5	1.004184E+2	5.124989E-5	9.110909E+1	-7.922627E-2	1.509361E-1
1.527148E+0	5.540197E-5	8.711780E+1	5.174244E-5	8.472170E+1	6.978973E-2	4.476453E-2
1.529297E+0	4.966433E-5	8.204771E+1	5.451474E-5	7.780027E+1	-9.147642E-2	6.747415E-2
1.531445E+0	5.636032E-5	7.639535E+1	4.610603E-5	7.297559E+1	2.202300E-1	7.291734E-2
1.533594E+0	5.560492E-5	6.516000E+1	5.480681E-5	6.276735E+1	1.367774E-2	4.235542E-2
1.535742E+0	4.817820E-5	5.802644E+1	4.929968E-5	6.465724E+1	-2.928522E-2	-1.128444E-1
1.537890E+0	4.543290E-5	5.920565E+1	5.564063E-5	6.070256E+1	-1.837369E-1	-2.133055E-2
1.540039E+0	5.430484E-5	5.630937E+1	4.881732E-5	5.773295E+1	1.120659E-1	-2.763625E-2
1.542187E+0	5.505126E-5	4.635030E+1	5.416752E-5	4.497162E+1	1.602073E-2	2.445272E-2
1.544336E+0	6.060828E-5	4.558711E+1	5.706828E-5	3.623296E+1	4.790865E-2	1.726187E-1
1.546484E+0	5.393925E-5	2.972676E+1	5.056688E-5	2.749097E+1	6.587925E-2	4.161375E-2
1.548633E+0	5.229102E-5	2.486430E+1	4.771220E-5	2.661322E+1	9.545695E-2	-3.344857E-2
1.550781E+0	4.760342E-5	1.895715E+1	4.693700E-5	1.878117E+1	1.419340E-2	3.115034E-3
1.552929E+0	5.037424E-5	2.060563E+1	5.233164E-5	1.305867E+1	-4.574220E-2	1.264262E-1
1.555078E+0	5.795735E-5	1.062380E+1	5.772643E-5	9.439315E+0	3.785710E-3	2.075438E-2
1.557226E+0	5.432601E-5	3.348764E+0	5.203839E-5	6.540064E+0	4.234129E-2	-5.811716E-2
1.559375E+0	5.207458E-5	1.628063E+0	5.217520E-5	-6.079958E+0	-1.094664E-2	1.338663E-1
1.561523E+0	5.389705E-5	-1.109934E+1	5.258055E-5	-8.375501E+0	2.387968E-2	-4.871190E-2
1.563672E+0	5.902128E-5	-1.771444E+1	4.978742E-5	-1.872319E+1	1.852820E-1	2.087024E-2
1.565820E+0	5.540730E-5	-1.351009E+1	5.215238E-5	-1.754552E+1	5.977771E-2	7.476544E-2
1.567969E+0	5.186020E-5	-2.466040E+1	5.439254E-5	-2.403464E+1	-4.661362E-2	-1.041289E-2
1.570117E+0	5.653215E-5	-2.773134E+1	5.125130E-5	-3.423807E+1	9.593320E-2	1.249962E-1
1.572265E+0	5.628130E-5	-3.361374E+1	5.318653E-5	-3.687171E+1	5.647683E-2	6.013854E-2
1.574414E+0	5.875201E-5	-4.512572E+1	5.785220E-5	-4.539063E+1	1.554275E-2	4.695448E-3
1.576562E+0	5.299147E-5	-4.905941E+1	5.515065E-5	-4.811748E+1	-3.928042E-2	-1.579544E-2
1.578711E+0	5.552128E-5	-5.900434E+1	5.126382E-5	-5.909957E+1	8.304850E-2	1.800112E-3
1.580859E+0	5.618321E-5	-6.644818E+1	5.457481E-5	-6.864604E+1	2.871414E-2	3.948073E-2
1.583008E+0	5.661401E-5	-7.266811E+1	5.839077E-5	-7.563157E+1	-3.172538E-2	5.012594E-2
1.585156E+0	5.378156E-5	-7.459642E+1	6.079362E-5	-7.779760E+1	-1.167224E-1	4.940113E-2
1.587304E+0	5.877770E-5	-8.500393E+1	5.564055E-5	-8.302058E+1	5.574959E-2	-3.656042E-2
1.589453E+0	5.396551E-5	-8.846427E+1	5.918178E-5	-8.804594E+1	-8.816410E-2	-6.657647E-3
1.591601E+0	5.405702E-5	-1.004571E+2	5.329353E-5	-9.760694E+1	1.307140E-2	-5.043652E-2
1.593750E+0	5.810140E-5	-1.015918E+2	5.310128E-5	-1.064127E+2	9.029110E-2	9.195483E-2
1.595898E+0	5.884699E-5	-1.094147E+2	5.584783E-5	-1.089579E+2	5.366887E-2	-8.400726E-3
1.598047E+0	5.886641E-5	-1.146293E+2	5.499531E-5	-1.168896E+2	6.955684E-2	4.221557E-2
1.600195E+0	5.996289E-5	-1.268062E+2	5.748495E-5	-1.235361E+2	4.140742E-2	-5.950192E-2
1.602344E+0	5.910964E-5	-1.327750E+2	6.127555E-5	-1.328876E+2	-3.534891E-2	1.895774E-3
1.604492E+0	5.906455E-5	-1.398490E+2	6.088697E-5	-1.316862E+2	-3.975933E-2	-1.377365E-1
1.606640E+0	5.837888E-5	-1.447419E+2	5.570904E-5	-1.420565E+2	4.677393E-2	-4.909728E-2
1.608789E+0	5.373474E-5	-1.436570E+2	4.988504E-5	-1.460678E+2	7.621805E-2	4.531012E-2
1.610937E+0	5.412109E-5	-1.506117E+2	5.450549E-5	-1.519770E+2	-7.334395E-3	2.365869E-2
1.613086E+0	5.615134E-5	-1.611005E+2	5.257009E-5	-1.533556E+2	5.837981E-2	-1.439432E-1
1.615234E+0	5.315683E-5	-1.645322E+2	5.356041E-5	-1.705863E+2	-1.307026E-2	1.046728E-1
1.617383E+0	5.685163E-5	-1.735369E+2	5.824673E-5	-1.706196E+2	-2.521648E-2	-4.967549E-2
1.619531E+0	5.709267E-5	-1.770201E+2	5.377427E-5	-1.783365E+2	6.142960E-2	2.439118E-2
1.621679E+0	5.626971E-5	-1.779462E+2	5.080832E-5	-1.783285E+2	1.074654E-1	7.389555E-3
1.623828E+0	5.565325E-5	1.694932E+2	6.105383E-5	1.764037E+2	-9.507812E-2	-1.096758E-1
1.625976E+0	5.316286E-5	1.650525E+2	5.431188E-5	1.723820E+2	-2.915420E-2	-1.248763E-1
1.628125E+0	4.851507E-5	1.673047E+2	4.564730E-5	1.602344E+2	5.474268E-2	1.308200E-1
1.630273E+0	6.333517E-5	1.596571E+2	5.005705E-5	1.494829E+2	2.453638E-1	2.234974E-1
1.632422E+0	5.983999E-5	1.560392E+2	5.042765E-5	1.486192E+2	1.767135E-1	1.532461E-1
1.634570E+0	4.987874E-5	1.473263E+2	5.559206E-5	1.447503E+2	-1.036789E-1	4.032549E-2
1.636719E+0	5.228422E-5	1.415355E+2	4.995034E-5	1.305240E+2	2.745263E-2	1.999306E-1
1.638867E+0	5.144724E-5	1.339030E+2	5.566870E-5	1.272139E+2	-8.212281E-2	1.076488E-1
1.641015E+0	6.051109E-5	1.258778E+2	4.922639E-5	1.280047E+2	2.283940E-1	-4.562067E-2
1.643164E+0	6.134637E-5	1.215455E+2	5.996651E-5	1.174685E+2	2.042168E-2	7.273302E-2
1.645312E+0	5.859357E-5	1.108150E+2	5.588968E-5	1.123319E+2	4.801166E-2	-2.775249E-2
1.647461E+0	5.249986E-5	1.008366E+2	5.784263E-5	1.083901E+2	-1.002433E-1	-1.193100E-1
1.649609E+0	5.293752E-5	1.058889E+2	6.002121E-5	9.844283E+1	-1.254573E-1	1.142984E-1
1.651758E+0	6.003910E-5	9.227078E+1	5.999614E-5	9.637089E+1	-1.845141E-3	-7.155056E-2
1.653906E+0	5.492164E-5	8.961216E+1	5.999202E-5	8.429575E+1	-8.845579E-2	8.482473E-2
1.656054E+0	5.752374E-5	7.945627E+1	5.806653E-5	7.905145E+1	-9.372453E-3	6.999338E-3
1.658203E+0	5.683399E-5	7.727522E+1	5.764692E-5	6.721281E+1	-2.926695E-2	1.722569E-1
1.660351E+0	5.982556E-5	7.037772E+1	5.460440E-5	7.323863E+1	9.425240E-2	-5.468399E-2
1.662500E+0	6.302889E-5	6.693452E+1	5.731405E-5	6.697000E+1	9.971077E-2	-6.809881E-4
1.664648E+0	6.080251E-5	5.733788E+1	5.768796E-5	4.977549E+1	4.482215E-2	1.387110E-1
1.666797E+0	5.547444E-5	4.995338E+1	5.479932E-5	4.648236E+1	1.046281E-2	6.128957E-2
1.668945E+0	5.912652E-5	4.297403E+1	5.723448E-5	4.668837E+1	3.088769E-2	-6.692361E-2
1.671094E+0	5.465119E-5	3.405122E+1	5.988189E-5	3.623572E+1	-8.801354E-2	-3.478791E-2
1.673242E+0	5.151629E-5	2.636414E+1	5.943779E-5	3.344047E+1	-1.398757E-1	-1.067733E-1
1.675390E+0	5.919567E-5	2.520420E+1	5.039622E-5	2.142122E+1	1.720460E-1	7.749752E-2
1.677539E+0	5.365292E-5	2.043134E+1	5.571574E-5	1.553492E+1	-4.053826E-2	8.219450E-2
1.679687E+0	6.394426E-5	1.929686E+1	5.831051E-5	1.346548E+1	9.094162E-2	1.114175E-1
1.681836E+0	5.641239E-5	1.203593E+1	5.645409E-5	1.293526E+1	-8.617462E-4	-1.568403E-2
1.683984E+0	5.165715E-5	3.015046E+0	5.840922E-5	6.776969E+0	-1.175050E-1	-5.802621E-2
1.686133E+0	5.634001E-5	-6.783305E-1	5.857562E-5	-5.459636E+0	-4.151330E-2	8.017145E-2
1.688281E+0	5.558214E-5	-1.409678E+1	5.190062E-5	-1.192350E+1	7.016372E-2	-4.061174E-2
1.690429E+0	6.343681E-5	-1.211370E+1	5.303173E-5	-1.678428E+1	1.922326E-1	9.740307E-2
1.692578E+0	6.161919E-5	-2.417582E+1	5.275253E-5	-1.452719E+1	1.515568E-1	-1.957767E-1
1.694726E+0	5.598183E-5	-2.330979E+1	5.952085E-5	-2.665635E+1	-6.106239E-2	5.490438E-2
1.696875E+0	5.557174E-5	-3.637070E+1	5.852011E-5	-3.495721E+1	-5.067113E-2	-2.342475E-2
1.699023E+0	6.128719E-5	-3.633249E+1	5.190641E-5	-4.131276E+1	1.762672E-1	1.025019E-1
1.701172E+0	5.976026E-5	-5.068451E+1	5.682181E-5	-4.253055E+1	4.108114E-2	-1.491683E-1
1.703320E+0	5.707539E-5	-4.936628E+1	5.909547E-5	-5.305981E+1	-3.618943E-2	6.221754E-2
1.705469E+0	5.808511E-5	-5.024648E+1	5.644975E-5	-6.356332E+1	1.302433E-3	2.370086E-1
1.707617E+0	5.904567E-5	-5.487195E+1	5.524899E-5	-6.511704E+1	5.167972E-2	1.900816E-1
1.709765E+0	6.090664E-5	-6.646133E+1	5.941108E-5	-6.533866E+1	2.497629E-2	-2.008625E-2
1.711914E+0	6.069405E-5	-7.297332E+1	6.040744E-5	-7.257924E+1	4.720849E-3	-6.910572E-3
1.714062E+0	6.364376E-5	-8.033553E+1	5.976240E-5	-8.301292E+1	6.378401E-2	4.974607E-2
1.716211E+0	6.048752E-5	-8.557023E+1	6.306208E-5	-8.744550E+1	-4.133950E-2	3.138782E-2
1.718359E+0	7.184578E-5	-9.200701E+1	6.056431E-5	-9.189654E+1	1.862704E-1	-2.287209E-3
1.720508E+0	5.728515E-5	-9.721719E+1	6.248391E-5	-1.043060E+2	-9.020953E-2	1.131400E-1
1.722656E+0	5.514546E-5	-1.085506E+2	6.068550E-5	-1.049635E+2	-9.307131E-2	-5.685412E-2
1.724804E+0	5.529313E-5	-1.103014E+2	6.516596E-5	-1.125254E+2	-1.521420E-1	3.292710E-2
1.726953E+0	5.711450E-5	-1.159755E+2	5.957652E-5	-1.203590E+2	-4.412965E-2	7.327332E-2
1.729101E+0	6.155657E-5	-1.244553E+2	6.352026E-5	-1.284368E+2	-3.325326E-2	6.728785E-2
1.731250E+0	6.673639E-5	-1.310237E+2	5.907333E-5	-1.333199E+2	1.288140E-1	4.526287E-2
1.733398E+0	5.467663E-5	-1.396498E+2	6.403642E-5	-1.432674E+2	-1.478649E-1	5.387459E-2
1.735547E+0	5.851250E-5	-1.471800E+2	5.796603E-5	-1.461655E+2	9.269187E-3	-1.787236E-2
1.737695E+0	6.160361E-5	-1.558102E+2	5.525024E-5	-1.505548E+2	1.103055E-1	-1.021283E-1
1.739844E+0	5.920908E-5	-1.560766E+2	5.793227E-5	-1.575037E+2	2.172269E-2	2.545392E-2
1.741992E+0	6.088786E-5	-1.650840E+2	5.684870E-5	-1.631141E+2	7.041809E-2	-3.681681E-2
1.744140E+0	6.464800E-5	-1.663440E+2	6.542499E-5	-1.707475E+2	-1.479292E-2	7.586809E-2
1.746289E+0	5.769858E-5	-1.776383E+2	5.898576E-5	-1.748709E+2	-2.296266E-2	-4.722787E-2
1.748437E+0	6.006881E-5	1.786492E+2	5.428417E-5	1.793784E+2	1.064726E-1	-1.408277E-2
1.750586E+0	5.954038E-5	1.697385E+2	5.690828E-5	1.675310E+2	4.547518E-2	4.030016E-2
1.752734E+0	6.033706E-5	1.627820E+2	5.354525E-5	1.648508E+2	1.261080E-1	-4.067848E-2
1.754883E+0	4.610278E-5	1.558082E+2	5.520035E-5	1.580114E+2	-1.654274E-1	-3.210773E-2
1.757031E+0	6.905579E-5	1.491669E+2	5.021165E-5	1.488668E+2	3.752753E-1	7.203391E-3
1.759179E+0	5.580234E-5	1.471491E+2	5.064213E-5	1.467760E+2	1.018722E-1	7.175299E-3
1.761328E+0	5.832694E-5	1.408545E+2	5.980163E-5	1.394852E+2	-2.493822E-2	2.330724E-2
1.763476E+0	5.383807E-5	1.376199E+2	4.755263E-5	1.389245E+2	1.318851E-1	-2.577699E-2
1.765625E+0	5.263728E-5	1.294823E+2	4.765291E-5	1.320745E+2	1.034671E-1	-4.995762E-2
1.767773E+0	5.950434E-5	1.186070E+2	5.383844E-5	1.264285E+2	9.495672E-2	-1.504090E-1
1.769922E+0	5.598561E-5	1.194945E+2	5.723242E-5	1.195005E+2	-2.178504E-2	-1.024384E-4
1.772070E+0	5.920097E-5	1.133654E+2	5.601744E-5	1.139823E+2	5.676979E-2	-1.137861E-2
1.774219E+0	5.795302E-5	1.122299E+2	5.478251E-5	1.132797E+2	5.769693E-2	-1.938179E-2
1.776367E+0	5.654316E-5	1.019550E+2	6.038608E-5	1.039550E+2	-6.420958E-2	-3.267852E-2
1.778515E+0	5.266214E-5	9.766884E+1	5.910105E-5	8.620495E+1	-1.267238E-1	1.770970E-1
1.780664E+0	5.805679E-5	9.250466E+1	5.300062E-5	8.775986E+1	9.164440E-2	9.060890E-2
1.782812E+0	5.645500E-5	8.277000E+1	5.671369E-5	8.757636E+1	-8.061728E-3	-8.340627E-2
1.784961E+0	5.948303E-5	7.802598E+1	5.873185E-5	8.080176E+1	1.160169E-2	-4.904694E-2
1.787109E+0	5.752045E-5	7.284362E+1	5.565853E-5	7.610368E+1	3.178012E-2	-5.877047E-2
1.789258E+0	5.470672E-5	6.773117E+1	5.560016E-5	6.181335E+1	-2.131258E-2	1.014452E-1
1.791406E+0	6.464360E-5	6.240509E+1	5.614705E-5	5.908477E+1	1.493941E-1	6.668264E-2
1.793554E+0	5.886270E-5	6.192424E+1	6.321105E-5	5.846478E+1	-7.048788E-2	5.619128E-2
1.795703E+0	6.175625E-5	4.896254E+1	5.884259E-5	4.347523E+1	4.470666E-2	1.003603E-1
1.797851E+0	5.598792E-5	5.057094E+1	5.312935E-5	4.043235E+1	3.734866E-2	1.855009E-1
1.800000E+0	6.019929E-5	4.173427E+1	6.186871E-5	4.170602E+1	-2.698339E-2	4.797512E-4
