7.021484E-1	2.631511E-5	-1.124007E+2	2.011550E-5	-9.249373E+1	2.300314E-1	-4.454344E-1
7.042969E-1	1.862841E-5	-1.050440E+2	2.537310E-5	-1.024838E+2	-2.665533E-1	-3.279510E-2
7.064453E-1	2.092163E-5	-1.161977E+2	2.751836E-5	-1.151478E+2	-2.398487E-1	-1.393073E-2
7.085937E-1	2.176661E-5	-1.175173E+2	2.623138E-5	-1.259205E+2	-1.791157E-1	1.212645E-1
7.107422E-1	2.329748E-5	-1.128509E+2	3.055037E-5	-1.287246E+2	-2.664876E-1	2.085825E-1
7.128906E-1	2.421374E-5	-1.236524E+2	2.423736E-5	-1.318236E+2	-1.111684E-2	1.419929E-1
7.150391E-1	3.060564E-5	-1.433894E+2	2.933639E-5	-1.341597E+2	2.975849E-2	-1.673323E-1
7.171875E-1	2.667504E-5	-1.395136E+2	2.621364E-5	-1.307944E+2	5.841249E-3	-1.542603E-1
7.193359E-1	2.139305E-5	-1.562708E+2	2.729247E-5	-1.496821E+2	-2.213326E-1	-8.993927E-2
7.214844E-1	2.777222E-5	-1.561494E+2	2.740739E-5	-1.413550E+2	-2.028157E-2	-2.587503E-1
7.236328E-1	2.422303E-5	-1.624293E+2	3.208116E-5	-1.594234E+2	-2.459842E-1	-3.959415E-2
7.257812E-1	3.026533E-5	-1.692244E+2	2.567759E-5	-1.738723E+2	1.747910E-1	9.551001E-2
7.279297E-1	2.781017E-5	-1.699438E+2	2.764436E-5	-1.786754E+2	-5.661234E-3	1.527165E-1
7.300781E-1	2.088908E-5	1.778719E+2	2.084308E-5	-1.739220E+2	-8.054589E-3	-1.430493E-1
7.322266E-1	2.004314E-5	1.651069E+2	2.810311E-5	1.698251E+2	-2.892167E-1	-5.866433E-2
7.343750E-1	2.352218E-5	1.762585E+2	2.146944E-5	1.741500E+2	9.487039E-2	4.030972E-2
7.365234E-1	2.893391E-5	1.633564E+2	3.255026E-5	1.653867E+2	-1.116585E-1	-3.149194E-2
7.386719E-1	2.623044E-5	1.574174E+2	2.312458E-5	1.558909E+2	1.339073E-1	3.021722E-2
7.408203E-1	2.801114E-5	1.395465E+2	2.337178E-5	1.576579E+2	1.391215E-1	-3.725732E-1
7.429687E-1	1.859921E-5	1.466069E+2	2.544107E-5	1.480352E+2	-2.691569E-1	-1.822263E-2
7.451172E-1	2.884890E-5	1.377940E+2	3.355424E-5	1.430098E+2	-1.437908E-1	-7.815921E-2
7.472656E-1	2.306329E-5	1.292766E+2	2.116779E-5	1.368264E+2	8.010119E-2	-1.431532E-1
7.494141E-1	2.145833E-5	1.274891E+2	2.486766E-5	1.175181E+2	-1.501326E-1	1.494111E-1
7.515625E-1	3.008221E-5	1.097817E+2	2.378034E-5	1.172222E+2	2.543519E-1	-1.638136E-1
7.537109E-1	2.913993E-5	1.141661E+2	2.648238E-5	1.111435E+2	9.882084E-2	5.802138E-2
7.558594E-1	3.456007E-5	1.031218E+2	2.072355E-5	1.130331E+2	6.427820E-1	-2.870452E-1
7.580078E-1	2.656868E-5	1.089821E+2	2.882374E-5	1.072310E+2	-7.866666E-2	2.816698E-2
7.601562E-1	2.989147E-5	9.024096E+1	2.814341E-5	9.299921E+1	6.088210E-2	-5.111093E-2
7.623047E-1	2.668688E-5	8.802490E+1	2.901533E-5	8.869736E+1	-8.031230E-2	-1.079454E-2
7.644531E-1	2.419932E-5	8.256694E+1	2.857686E-5	8.593973E+1	-1.546516E-1	-4.982009E-2
7.666015E-1	2.549730E-5	9.308835E+1	2.075468E-5	8.045518E+1	1.987667E-1	2.686849E-1
7.687500E-1	2.665979E-5	6.518011E+1	2.658493E-5	8.171072E+1	-3.863264E-2	-2.853287E-1
7.708984E-1	2.375833E-5	6.618323E+1	3.417478E-5	7.027539E+1	-3.065717E-1	-4.961019E-2
7.730469E-1	2.648494E-5	5.962285E+1	2.824762E-5	6.330783E+1	-6.433949E-2	-6.026015E-2
7.751953E-1	2.901168E-5	4.091117E+1	2.870643E-5	6.112265E+1	-5.159745E-2	-3.491600E-1
7.773437E-1	2.581827E-5	5.276451E+1	3.433273E-5	5.754951E+1	-2.506193E-1	-6.272969E-2
7.794922E-1	2.538762E-5	3.713246E+1	2.943486E-5	5.437211E+1	-1.762474E-1	-2.556188E-1
7.816406E-1	3.083309E-5	2.746268E+1	2.237759E-5	4.912016E+1	2.805883E-1	-5.085075E-1
7.837890E-1	2.632591E-5	2.735731E+1	2.821259E-5	3.037564E+1	-6.816818E-2	-4.913417E-2
7.859375E-1	3.004162E-5	2.972044E+1	3.424786E-5	1.822752E+1	-1.404057E-1	1.747758E-1
7.880859E-1	2.691322E-5	2.039998E+1	2.244359E-5	2.595154E+1	1.935250E-1	-1.160075E-1
7.902344E-1	2.978078E-5	1.052613E+1	3.400525E-5	8.104994E+0	-1.250117E-1	3.699622E-2
7.923828E-1	2.702608E-5	4.147082E+0	2.733824E-5	2.563568E+0	-1.179597E-2	2.731848E-2
7.945312E-1	2.882165E-5	-6.269114E+0	2.971913E-5	5.773670E+0	-5.154204E-2	-2.023413E-1
7.966797E-1	3.287797E-5	-1.042362E+1	2.799291E-5	-2.220637E+0	1.624940E-1	-1.675797E-1
7.988281E-1	3.751574E-5	-1.198708E+1	3.287777E-5	-6.362008E+0	1.355724E-1	-1.118456E-1
8.009765E-1	2.746492E-5	-1.304219E+1	2.712261E-5	-2.660686E+1	-1.562540E-2	2.375029E-1
8.031250E-1	3.189372E-5	-2.758439E+1	3.018994E-5	-1.489604E+1	3.063639E-2	-2.320437E-1
8.052734E-1	2.628760E-5	-2.438186E+1	3.134879E-5	-2.983505E+1	-1.652428E-1	7.968972E-2
8.074218E-1	3.265752E-5	-4.476564E+1	3.320939E-5	-3.485873E+1	-3.128151E-2	-1.691888E-1
8.095703E-1	3.008794E-5	-4.355213E+1	2.837911E-5	-4.845221E+1	5.633947E-2	9.056172E-2
8.117187E-1	2.468305E-5	-5.270643E+1	3.005485E-5	-5.125163E+1	-1.789979E-1	-2.085059E-2
8.138672E-1	3.102942E-5	-6.142492E+1	2.694725E-5	-5.133769E+1	1.336880E-1	-2.016799E-1
8.160156E-1	2.847734E-5	-6.792006E+1	3.138575E-5	-6.954909E+1	-9.303328E-2	2.579377E-2
8.181640E-1	2.555417E-5	-6.898434E+1	2.796714E-5	-7.695023E+1	-9.509548E-2	1.266267E-1
8.203125E-1	2.761248E-5	-7.566119E+1	2.821677E-5	-7.388307E+1	-2.188719E-2	-3.036455E-2
8.224609E-1	3.037355E-5	-9.162080E+1	3.094387E-5	-7.251791E+1	-7.248345E-2	-3.212338E-1
8.246093E-1	3.002215E-5	-8.803209E+1	3.142421E-5	-8.284918E+1	-4.852338E-2	-8.630501E-2
8.267578E-1	3.088134E-5	-9.447743E+1	3.167227E-5	-8.930807E+1	-2.893803E-2	-8.784999E-2
8.289062E-1	2.079237E-5	-1.006459E+2	3.600822E-5	-9.985719E+1	-4.226207E-1	-7.948466E-3
8.310547E-1	2.762261E-5	-1.063727E+2	2.524040E-5	-1.125815E+2	8.796160E-2	1.183595E-1
8.332031E-1	3.272369E-5	-1.088276E+2	2.870377E-5	-1.103179E+2	1.396629E-1	2.965005E-2
8.353515E-1	3.013642E-5	-1.196499E+2	3.637027E-5	-1.148040E+2	-1.743614E-1	-6.999694E-2
8.375000E-1	2.457787E-5	-1.199785E+2	3.375292E-5	-1.205719E+2	-2.718689E-1	7.541366E-3
8.396484E-1	2.939301E-5	-1.307141E+2	2.495175E-5	-1.275553E+2	1.762041E-1	-6.491163E-2
8.417968E-1	2.804753E-5	-1.315005E+2	2.846226E-5	-1.298065E+2	-1.500190E-2	-2.913082E-2
8.439453E-1	3.131743E-5	-1.497410E+2	3.313008E-5	-1.395809E+2	-6.953646E-2	-1.667480E-1
8.460937E-1	3.051878E-5	-1.435381E+2	2.774609E-5	-1.555584E+2	7.581362E-2	2.290697E-1
8.482422E-1	3.008205E-5	-1.692818E+2	2.455927E-5	-1.457376E+2	1.229074E-1	-4.892844E-1
8.503906E-1	3.081973E-5	-1.556362E+2	3.857845E-5	-1.603783E+2	-2.038500E-1	6.604443E-2
8.525390E-1	3.569462E-5	-1.687391E+2	3.458202E-5	-1.650535E+2	3.003805E-2	-6.634962E-2
8.546875E-1	2.912597E-5	-1.654318E+2	2.903929E-5	-1.642079E+2	2.756101E-3	-2.142322E-2
8.568359E-1	2.746282E-5	-1.788323E+2	2.915873E-5	-1.752782E+2	-5.997274E-2	-5.838550E-2
8.589843E-1	3.113825E-5	1.700820E+2	3.404892E-5	1.777294E+2	-9.361883E-2	-1.217003E-1
8.611328E-1	2.653877E-5	1.746169E+2	2.127865E-5	1.661733E+2	2.336832E-1	1.831339E-1
8.632812E-1	3.020682E-5	1.723336E+2	2.823642E-5	1.606253E+2	4.752371E-2	2.170900E-1
8.654296E-1	3.420331E-5	1.600917E+2	3.281175E-5	1.630743E+2	4.099835E-2	-5.423941E-2
8.675781E-1	2.564360E-5	1.621210E+2	3.076771E-5	1.508387E+2	-1.826483E-1	1.630604E-1
8.697265E-1	2.716866E-5	1.506003E+2	2.873864E-5	1.403848E+2	-6.961591E-2	1.676624E-1
8.718750E-1	3.513181E-5	1.405089E+2	2.528997E-5	1.354175E+2	3.836787E-1	1.232807E-1
8.740234E-1	2.819193E-5	1.313676E+2	3.433923E-5	1.328249E+2	-1.792824E-1	-2.087920E-2
8.761718E-1	2.969559E-5	1.359740E+2	2.927825E-5	1.251738E+2	-3.711628E-3	1.900558E-1
8.783203E-1	3.283557E-5	1.330658E+2	3.309195E-5	1.239260E+2	-2.034543E-2	1.576133E-1
8.804687E-1	3.028751E-5	1.170719E+2	2.849785E-5	1.053010E+2	4.045034E-2	2.168100E-1
8.826171E-1	2.829403E-5	1.129148E+2	2.908797E-5	1.151703E+2	-2.804804E-2	-3.828154E-2
8.847656E-1	3.445035E-5	1.044623E+2	2.871482E-5	1.077245E+2	1.977970E-1	-6.827172E-2
8.869140E-1	2.725714E-5	1.067572E+2	3.350706E-5	1.036047E+2	-1.877565E-1	4.473601E-2
8.890625E-1	2.943118E-5	8.845078E+1	3.742164E-5	9.725162E+1	-2.227850E-1	-1.203309E-1
8.912109E-1	2.928107E-5	8.364121E+1	2.706407E-5	9.059958E+1	7.394780E-2	-1.310722E-1
8.933593E-1	3.339588E-5	8.992142E+1	2.845818E-5	8.031598E+1	1.570549E-1	1.958142E-1
8.955078E-1	3.197197E-5	6.767197E+1	3.555746E-5	7.706271E+1	-1.128866E-1	-1.467134E-1
8.976562E-1	2.732092E-5	7.164228E+1	3.383245E-5	6.003561E+1	-2.089767E-1	1.624697E-1
8.998046E-1	2.914009E-5	6.312712E+1	2.783292E-5	5.713562E+1	4.124573E-2	1.092832E-1
9.019531E-1	3.354489E-5	5.361428E+1	3.160229E-5	5.922543E+1	5.638408E-2	-1.037869E-1
9.041015E-1	2.866960E-5	3.798320E+1	3.372743E-5	5.724429E+1	-1.975426E-1	-2.804049E-1
9.062500E-1	3.306500E-5	5.707906E+1	2.875024E-5	2.794403E+1	4.563496E-3	5.599376E-1
9.083984E-1	3.163428E-5	3.955148E+1	3.372855E-5	3.659692E+1	-6.333864E-2	4.834349E-2
9.105468E-1	2.561065E-5	3.813480E+1	3.824053E-5	3.940922E+1	-3.304404E-1	-1.489535E-2
9.126953E-1	3.107491E-5	2.253350E+1	3.187833E-5	2.986929E+1	-3.318154E-2	-1.244662E-1
9.148437E-1	3.442746E-5	1.687161E+1	3.146467E-5	1.882345E+1	9.352761E-2	-3.726657E-2
9.169921E-1	2.882908E-5	1.390203E+1	2.958693E-5	5.247127E+0	-3.671003E-2	1.466282E-1
9.191406E-1	3.578106E-5	9.338567E+0	3.526908E-5	-5.421778E-1	-5.318729E-4	1.740890E-1
9.212890E-1	3.443408E-5	1.702622E+0	3.196861E-5	-2.178955E-1	7.651655E-2	3.609766E-2
9.234374E-1	3.137610E-5	2.241239E+0	3.118187E-5	-9.983665E+0	-1.658836E-2	2.130686E-1
9.255859E-1	3.617084E-5	-1.369366E+1	3.363549E-5	-3.346646E+0	5.788943E-2	-1.931479E-1
9.277343E-1	3.243093E-5	-1.393163E+1	2.963798E-5	-7.733855E+0	8.783987E-2	-1.181345E-1
9.298828E-1	3.222549E-5	-2.800862E+1	3.039844E-5	-3.028340E+1	5.926801E-2	4.207759E-2
9.320312E-1	3.367842E-5	-3.551009E+1	2.755871E-5	-2.755514E+1	2.103012E-1	-1.691264E-1
9.341796E-1	2.905253E-5	-3.639380E+1	3.565892E-5	-4.003202E+1	-1.869081E-1	5.169996E-2
9.363281E-1	3.169454E-5	-5.059867E+1	3.686189E-5	-4.990759E+1	-1.402439E-1	-1.037056E-2
9.384765E-1	3.191312E-5	-4.904514E+1	3.599764E-5	-4.688261E+1	-1.140977E-1	-3.345273E-2
9.406249E-1	3.327104E-5	-5.518616E+1	3.189303E-5	-6.166423E+1	3.654648E-2	1.176977E-1
9.427734E-1	2.805223E-5	-5.946967E+1	2.920170E-5	-7.231312E+1	-6.339723E-2	2.135380E-1
9.449218E-1	3.508625E-5	-6.327170E+1	3.065865E-5	-6.546825E+1	1.435751E-1	4.386276E-2
9.470703E-1	3.259681E-5	-7.431944E+1	3.175721E-5	-7.505096E+1	2.635443E-2	1.310462E-2
9.492187E-1	3.003482E-5	-7.308347E+1	3.463077E-5	-7.516515E+1	-1.332853E-1	3.150349E-2
9.513671E-1	3.202186E-5	-8.134980E+1	3.895353E-5	-8.238998E+1	-1.780826E-1	1.492319E-2
9.535156E-1	2.977092E-5	-9.654968E+1	2.871308E-5	-9.333052E+1	3.520565E-2	-5.822425E-2
9.556640E-1	3.482665E-5	-9.322108E+1	3.124197E-5	-1.009022E+2	1.047370E-1	1.489956E-1
9.578124E-1	2.913438E-5	-1.042577E+2	3.186366E-5	-1.001939E+2	-8.795383E-2	-6.479711E-2
9.599609E-1	3.317636E-5	-1.048160E+2	3.248739E-5	-1.108221E+2	1.560165E-2	1.068534E-1
9.621093E-1	3.336020E-5	-1.172488E+2	3.418943E-5	-1.201620E+2	-2.551497E-2	4.959037E-2
9.642578E-1	3.219226E-5	-1.231894E+2	3.812521E-5	-1.214235E+2	-1.560185E-1	-2.602040E-2
9.664062E-1	2.076507E-5	-1.220195E+2	3.244778E-5	-1.279140E+2	-3.634302E-1	6.572134E-2
9.685546E-1	3.359604E-5	-1.292462E+2	2.915724E-5	-1.355761E+2	1.452121E-1	1.270375E-1
9.707031E-1	3.265026E-5	-1.399220E+2	3.472753E-5	-1.421121E+2	-6.050300E-2	3.592926E-2
9.728515E-1	2.786384E-5	-1.529204E+2	3.159647E-5	-1.409921E+2	-1.371765E-1	-1.822706E-1
9.749999E-1	2.872941E-5	-1.487003E+2	3.440710E-5	-1.509641E+2	-1.656667E-1	3.298231E-2
9.771484E-1	3.106644E-5	-1.566343E+2	4.332116E-5	-1.575540E+2	-2.829731E-1	1.151056E-2
9.792968E-1	3.017607E-5	-1.610644E+2	3.339262E-5	-1.647084E+2	-9.815221E-2	5.743480E-2
9.814452E-1	3.047255E-5	-1.666385E+2	2.828314E-5	-1.748209E+2	6.644239E-2	1.533423E-1
9.835937E-1	2.587353E-5	1.782875E+2	3.685930E-5	1.785679E+2	-2.980545E-1	-3.435281E-3
9.857421E-1	3.350913E-5	1.745108E+2	3.685239E-5	-1.787897E+2	-9.692917E-2	-1.060785E-1
9.878906E-1	2.392606E-5	1.752987E+2	3.977510E-5	1.716334E+2	-3.996968E-1	3.845480E-2
9.900390E-1	3.135781E-5	1.729420E+2	3.464787E-5	1.589459E+2	-1.218258E-1	2.188899E-1
9.921874E-1	3.529896E-5	1.602926E+2	3.434118E-5	1.646048E+2	2.498032E-2	-7.728814E-2
9.943359E-1	2.715345E-5	1.471821E+2	3.079671E-5	1.592763E+2	-1.378701E-1	-1.847334E-1
9.964843E-1	2.943137E-5	1.479940E+2	4.072758E-5	1.455842E+2	-2.779993E-1	3.038451E-2
9.986327E-1	3.446615E-5	1.428308E+2	3.669044E-5	1.379828E+2	-6.398386E-2	7.938921E-2
1.000781E+0	2.605580E-5	1.506761E+2	3.542740E-5	1.332661E+2	-2.982230E-1	2.200581E-1
1.002930E+0	2.775018E-5	1.307978E+2	3.236677E-5	1.363569E+2	-1.466660E-1	-8.305517E-2
1.005078E+0	2.935618E-5	1.256909E+2	3.255419E-5	1.202218E+2	-1.023416E-1	8.594610E-2
1.007226E+0	2.931307E-5	1.221872E+2	3.906769E-5	1.200689E+2	-2.501978E-1	2.773381E-2
1.009375E+0	2.812881E-5	1.159742E+2	3.117376E-5	1.148512E+2	-9.785001E-2	1.768445E-2
1.011523E+0	2.413122E-5	1.179617E+2	3.647460E-5	9.927606E+1	-3.732823E-1	2.119572E-1
1.013672E+0	2.801104E-5	1.111708E+2	3.693786E-5	1.024401E+2	-2.504583E-1	1.151071E-1
1.015820E+0	2.288875E-5	1.248846E+2	3.527540E-5	9.978085E+1	-4.124318E-1	2.752839E-1
1.017969E+0	1.883608E-5	1.033942E+2	3.461321E-5	8.669300E+1	-4.787681E-1	1.563890E-1
1.020117E+0	2.463469E-5	1.046267E+2	3.875444E-5	8.849856E+1	-3.893567E-1	1.765781E-1
1.022266E+0	3.113771E-5	1.101707E+2	3.393156E-5	7.089284E+1	-2.896515E-1	5.809552E-1
1.024414E+0	2.681051E-5	9.516431E+1	3.261914E-5	6.302787E+1	-3.040066E-1	4.372129E-1
1.026562E+0	3.415159E-5	1.053990E+2	3.458083E-5	6.228049E+1	-2.791190E-1	6.750255E-1
1.028711E+0	3.157186E-5	1.031427E+2	3.945412E-5	4.806852E+1	-5.418634E-1	6.560931E-1
1.030859E+0	3.896655E-5	8.749556E+1	3.338957E-5	4.763316E+1	-1.042060E-1	7.480017E-1
1.033008E+0	3.716798E-5	8.176942E+1	3.756204E-5	3.872308E+1	-2.768649E-1	6.754287E-1
1.035156E+0	3.694645E-5	7.479147E+1	3.332459E-5	4.080013E+1	-8.076536E-2	6.198295E-1
1.037305E+0	3.851252E-5	7.881292E+1	3.335395E-5	3.839199E+1	-1.209545E-1	7.486802E-1
1.039453E+0	4.531797E-5	6.847474E+1	3.415536E-5	2.359301E+1	-5.986287E-2	9.362639E-1
1.041601E+0	4.416293E-5	6.899047E+1	4.091059E-5	2.550408E+1	-2.167828E-1	7.428919E-1
1.043750E+0	5.024935E-5	6.710782E+1	3.374050E-5	7.528452E+0	-2.459071E-1	1.284261E+0
1.045898E+0	6.755954E-5	6.710590E+1	3.462762E-5	9.936418E+0	5.776256E-2	1.639408E+0
1.048047E+0	8.300121E-5	5.743430E+1	4.114776E-5	5.438204E+0	2.419899E-1	1.589451E+0
1.050195E+0	1.018304E-4	4.647688E+1	3.609656E-5	-7.715940E+0	6.504848E-1	2.287849E+0
1.052344E+0	1.252057E-4	3.102989E+1	3.795287E-5	-8.774785E+0	1.534378E+0	2.111915E+0
1.054492E+0	1.503696E-4	1.329685E+1	3.737828E-5	-1.612149E+1	2.504186E+0	1.975985E+0
1.056641E+0	1.891895E-4	-5.425046E+0	3.683975E-5	-1.217719E+1	4.099853E+0	6.038008E-1
1.058789E+0	2.159318E-4	-3.273693E+1	3.690777E-5	-2.316910E+1	4.769194E+0	-9.724545E-1
1.060937E+0	2.157834E-4	-6.096929E+1	3.820584E-5	-3.724901E+1	4.170782E+0	-2.271998E+0
1.063086E+0	1.935629E-4	-8.962390E+1	3.481100E-5	-3.568980E+1	2.273490E+0	-4.494692E+0
1.065234E+0	1.640654E-4	-1.148688E+2	3.671450E-5	-4.817393E+1	7.679343E-1	-4.104086E+0
1.067383E+0	1.361912E-4	-1.397866E+2	3.862458E-5	-5.582453E+1	-6.291087E-1	-3.506463E+0
1.069531E+0	1.150989E-4	-1.636118E+2	3.677633E-5	-5.976625E+1	-1.748954E+0	-3.038765E+0
1.071680E+0	8.769176E-5	1.721691E+2	3.741054E-5	-6.839431E+1	-2.152001E+0	-2.041424E+0
1.073828E+0	6.801912E-5	1.485532E+2	3.947991E-5	-7.486953E+1	-2.251331E+0	-1.184265E+0
1.075976E+0	5.549745E-5	1.125082E+2	3.241001E-5	-8.640619E+1	-2.619895E+0	-5.550685E-1
1.078125E+0	5.128135E-5	7.086119E+1	3.671961E-5	-7.932762E+1	-2.211756E+0	6.942935E-1
1.080273E+0	6.257143E-5	3.882721E+1	4.045840E-5	-8.920954E+1	-1.952940E+0	1.218097E+0
1.082422E+0	6.583113E-5	-1.590427E+0	3.922066E-5	-9.622353E+1	-1.135579E+0	1.672996E+0
1.084570E+0	7.039184E-5	-2.732419E+1	4.135738E-5	-1.052957E+2	-6.452986E-1	1.664668E+0
1.086719E+0	7.815819E-5	-4.575122E+1	3.403880E-5	-1.081736E+2	6.300228E-2	2.035272E+0
1.088867E+0	9.307592E-5	-6.093574E+1	3.480871E-5	-1.156193E+2	5.457747E-1	2.181848E+0
1.091016E+0	1.180085E-4	-8.207344E+1	3.907349E-5	-1.222094E+2	1.308970E+0	1.946811E+0
1.093164E+0	1.344714E-4	-1.052970E+2	3.751600E-5	-1.343057E+2	2.134701E+0	1.738215E+0
1.095312E+0	1.503833E-4	-1.293880E+2	4.024457E-5	-1.311553E+2	2.734958E+0	1.152421E-1
1.097461E+0	1.629375E-4	-1.534889E+2	4.153417E-5	-1.432769E+2	2.860829E+0	-6.955076E-1
1.099609E+0	1.607247E-4	-1.769029E+2	3.509797E-5	-1.466441E+2	2.955421E+0	-2.307548E+0
1.101758E+0	1.594785E-4	1.581855E+2	3.721246E-5	-1.472166E+2	1.482708E+0	-3.493238E+0
1.103906E+0	1.556161E-4	1.269702E+2	4.066436E-5	-1.466527E+2	-7.581841E-1	-3.819195E+0
1.106055E+0	1.532463E-4	9.615936E+1	3.614025E-5	-1.601709E+2	-2.002094E+0	-4.120211E+0
1.108203E+0	1.411411E-4	6.183455E+1	3.729010E-5	-1.665064E+2	-3.515842E+0	-2.827786E+0
1.110351E+0	1.387380E-4	1.770949E+1	4.076110E-5	-1.667867E+2	-4.393212E+0	-2.668245E-1
1.112500E+0	1.306843E-4	-2.531854E+1	4.198052E-5	1.758248E+2	-3.903412E+0	1.122858E+0
1.114648E+0	1.385239E-4	-6.598890E+1	4.026004E-5	-1.770540E+2	-2.236696E+0	3.210794E+0
1.116797E+0	1.449157E-4	-1.043949E+2	3.798875E-5	1.679179E+2	-8.460577E-1	3.811593E+0
1.118945E+0	1.473753E-4	-1.398524E+2	3.983366E-5	1.604216E+2	8.651854E-1	3.195210E+0
1.121094E+0	1.460460E-4	-1.644725E+2	3.950832E-5	1.593242E+2	1.982874E+0	2.183398E+0
1.123242E+0	1.608385E-4	1.698557E+2	3.607307E-5	1.495868E+2	3.182591E+0	1.544607E+0
1.125391E+0	1.580054E-4	1.433803E+2	3.731853E-5	1.449313E+2	3.232415E+0	-1.145997E-1
1.127539E+0	1.567965E-4	1.175726E+2	3.650830E-5	1.293096E+2	3.205020E+0	-8.736502E-1
1.129687E+0	1.601001E-4	8.509649E+1	3.843322E-5	1.324061E+2	1.824476E+0	-3.061885E+0
1.131836E+0	1.314737E-4	5.335593E+1	3.993092E-5	1.229612E+2	1.473996E-1	-3.086133E+0
1.133984E+0	1.243622E-4	1.655217E+1	3.684613E-5	1.215640E+2	-1.874233E+0	-3.259990E+0
1.136133E+0	1.065030E-4	-2.839053E+1	3.530682E-5	1.194308E+2	-3.553139E+0	-1.606471E+0
1.138281E+0	9.439778E-5	-8.359821E+1	3.683727E-5	1.142226E+2	-3.439606E+0	7.842492E-1
1.140430E+0	1.044158E-4	-1.224959E+2	3.440533E-5	1.045077E+2	-3.069639E+0	2.219695E+0
1.142578E+0	1.209241E-4	-1.604788E+2	3.968712E-5	9.858263E+1	-1.578176E+0	2.991576E+0
1.144726E+0	1.480864E-4	1.589334E+2	3.491846E-5	8.734400E+1	3.393868E-1	4.023860E+0
1.146875E+0	1.660697E-4	1.286371E+2	4.109958E-5	8.104554E+1	1.725071E+0	2.983450E+0
1.149023E+0	1.797879E-4	9.947275E+1	4.029343E-5	7.456919E+1	3.047082E+0	1.878899E+0
1.151172E+0	1.859342E-4	6.736579E+1	4.053379E-5	6.468807E+1	3.582132E+0	2.143021E-1
1.153320E+0	1.753680E-4	3.296445E+1	4.003031E-5	7.213623E+1	2.396302E+0	-2.767172E+0
1.155469E+0	1.524378E-4	-9.522958E-1	4.015001E-5	5.294028E+1	1.237403E+0	-3.067410E+0
1.157617E+0	1.105726E-4	-3.734629E+1	3.742360E-5	5.242934E+1	-9.884297E-1	-2.954600E+0
1.159766E+0	8.151785E-5	-7.453703E+1	4.472171E-5	5.064061E+1	-2.050128E+0	-1.489886E+0
1.161914E+0	5.483884E-5	-1.310158E+2	4.205807E-5	3.785275E+1	-2.279354E+0	-2.517286E-1
1.164062E+0	5.540718E-5	1.767704E+2	4.037841E-5	4.180695E+1	-1.969671E+0	9.709094E-1
1.166211E+0	6.479143E-5	1.224851E+2	3.988606E-5	2.762478E+1	-1.137631E+0	1.618572E+0
1.168359E+0	7.404343E-5	7.929279E+1	3.519058E-5	2.084064E+1	1.008712E-1	1.793096E+0
1.170508E+0	8.713978E-5	4.929765E+1	4.302157E-5	1.904769E+1	7.496913E-1	1.020388E+0
1.172656E+0	7.207177E-5	2.769080E+1	4.387123E-5	1.198185E+1	5.814430E-1	4.447901E-1
1.174805E+0	7.073180E-5	5.231564E+0	3.064915E-5	7.470960E+0	1.306027E+0	-9.017662E-2
1.176953E+0	6.787915E-5	-1.241424E+1	3.215137E-5	-6.959219E+0	1.101675E+0	-2.007032E-1
1.179101E+0	5.617553E-5	-1.886719E+1	3.574164E-5	-1.249849E+1	5.620115E-1	-1.743437E-1
1.181250E+0	4.726588E-5	-3.542991E+1	4.430108E-5	-1.468217E+1	-2.267008E-3	-3.779622E-1
1.183398E+0	3.649177E-5	-3.711784E+1	4.231447E-5	-1.838169E+1	-1.833056E-1	-2.770102E-1
1.185547E+0	3.263294E-5	-4.067499E+1	4.162277E-5	-2.914219E+1	-2.318124E-1	-1.567475E-1
1.187695E+0	3.633545E-5	-4.806038E+1	3.877832E-5	-2.958037E+1	-1.113130E-1	-2.970058E-1
1.189844E+0	3.851241E-5	-4.326255E+1	3.967345E-5	-3.882191E+1	-3.217898E-2	-7.516035E-2
1.191992E+0	3.120824E-5	-4.986157E+1	4.563079E-5	-4.641720E+1	-3.173060E-1	-4.109007E-2
1.194141E+0	3.176330E-5	-4.300539E+1	4.323630E-5	-5.114714E+1	-2.727604E-1	1.040422E-1
1.196289E+0	3.611771E-5	-4.704681E+1	4.220113E-5	-5.865783E+1	-1.616666E-1	1.722532E-1
1.198437E+0	4.359751E-5	-5.902660E+1	3.803456E-5	-6.493920E+1	1.401625E-1	1.180778E-1
1.200586E+0	4.347837E-5	-6.192887E+1	4.290288E-5	-7.346829E+1	-7.070038E-3	2.027254E-1
1.202734E+0	4.913272E-5	-5.920440E+1	4.613679E-5	-7.904839E+1	1.700371E-3	3.615033E-1
1.204883E+0	5.299937E-5	-6.953787E+1	4.022964E-5	-8.228619E+1	2.849449E-1	2.907137E-1
1.207031E+0	5.343338E-5	-9.004931E+1	4.246770E-5	-8.697681E+1	2.564036E-1	-6.743960E-2
1.209180E+0	5.535025E-5	-9.610960E+1	4.004578E-5	-9.358537E+1	3.808332E-1	-6.087355E-2
1.211328E+0	5.554902E-5	-1.089363E+2	4.345482E-5	-1.000774E+2	2.630671E-1	-1.968629E-1
1.213476E+0	5.031051E-5	-1.187871E+2	4.631602E-5	-1.102306E+2	7.415394E-2	-1.616164E-1
1.215625E+0	4.519507E-5	-1.244859E+2	4.064939E-5	-1.117835E+2	8.461494E-2	-2.444763E-1
1.217773E+0	3.725330E-5	-1.323260E+2	3.954026E-5	-1.199259E+2	-7.981760E-2	-2.023169E-1
1.219922E+0	3.264318E-5	-1.325887E+2	4.319240E-5	-1.245333E+2	-2.516950E-1	-1.059054E-1
1.222070E+0	3.716692E-5	-1.410486E+2	4.148287E-5	-1.307165E+2	-1.185700E-1	-1.606932E-1
1.224219E+0	3.367181E-5	-1.349624E+2	3.989209E-5	-1.391136E+2	-1.581421E-1	6.110133E-2
1.226367E+0	4.040359E-5	-1.361833E+2	3.866279E-5	-1.456889E+2	3.067645E-2	1.725796E-1
1.228516E+0	4.098974E-5	-1.355702E+2	3.566037E-5	-1.506818E+2	1.096999E-1	2.996611E-1
1.230664E+0	4.776399E-5	-1.543702E+2	4.069195E-5	-1.587895E+2	1.703047E-1	9.044660E-2
1.232812E+0	4.769204E-5	-1.516629E+2	3.895975E-5	-1.505208E+2	2.238930E-1	-2.439959E-2
1.234961E+0	5.028482E-5	-1.681911E+2	4.177420E-5	-1.646039E+2	2.013707E-1	-7.531439E-2
1.237109E+0	4.625527E-5	-1.760155E+2	4.216302E-5	-1.715855E+2	9.378028E-2	-8.473792E-2
1.239258E+0	4.621620E-5	1.772745E+2	3.932608E-5	-1.732197E+2	1.590680E-1	-1.940821E-1
1.241406E+0	4.905577E-5	1.696842E+2	4.330214E-5	1.704985E+2	1.327573E-1	-1.610008E-2
1.243555E+0	4.554064E-5	1.644727E+2	4.738137E-5	1.712254E+2	-4.551682E-2	-1.130161E-1
1.245703E+0	4.818196E-5	1.605699E+2	4.500515E-5	1.652852E+2	6.696426E-2	-8.800728E-2
1.247851E+0	4.846363E-5	1.514754E+2	4.029469E-5	1.619898E+2	1.825350E-1	-2.194773E-1
1.250000E+0	4.548745E-5	1.375182E+2	4.306177E-5	1.509172E+2	2.757685E-2	-2.447844E-1
1.252148E+0	4.012220E-5	1.258333E+2	4.207346E-5	1.441361E+2	-9.462109E-2	-2.994745E-1
1.254297E+0	2.977817E-5	1.286887E+2	4.136769E-5	1.380471E+2	-2.897395E-1	-1.170531E-1
1.256445E+0	3.209780E-5	1.308559E+2	4.418286E-5	1.317997E+2	-2.736223E-1	-1.196628E-2
1.258594E+0	4.003684E-5	1.272131E+2	4.621043E-5	1.259296E+2	-1.338147E-1	1.940692E-2
1.260742E+0	3.714554E-5	1.232272E+2	4.228896E-5	1.183946E+2	-1.247481E-1	7.399849E-2
1.262890E+0	2.679348E-5	1.529784E+2	4.418367E-5	1.148685E+2	-5.228583E-1	3.742600E-1
1.265039E+0	6.135109E-5	1.529155E+2	4.484623E-5	1.064744E+2	-5.728910E-2	9.913670E-1
1.267187E+0	1.064711E-4	1.287406E+2	4.742781E-5	9.992036E+1	9.668463E-1	1.082188E+0
1.269336E+0	1.367399E-4	8.726990E+1	4.031053E-5	9.041499E+1	2.387054E+0	-1.861097E-1
1.271484E+0	1.412930E-4	3.976846E+1	4.381740E-5	8.844457E+1	1.129242E+0	-2.421629E+0
1.273633E+0	1.038835E-4	-1.636190E+1	3.800676E-5	8.439534E+1	-1.510164E+0	-2.685257E+0
1.275781E+0	9.003997E-5	-9.280235E+1	4.769054E-5	7.435709E+1	-2.840790E+0	-4.195878E-1
1.277930E+0	1.024603E-4	-1.655935E+2	4.617959E-5	6.986412E+1	-2.258058E+0	1.827588E+0
1.280078E+0	1.346211E-4	1.358243E+2	4.565353E-5	7.378545E+1	3.825912E-1	2.604535E+0
1.282226E+0	1.543886E-4	9.226833E+1	3.673665E-5	6.314081E+1	2.671113E+0	2.045625E+0
1.284375E+0	1.572608E-4	5.677583E+1	3.971771E-5	4.543637E+1	2.882172E+0	7.785154E-1
1.286523E+0	1.381638E-4	1.928218E+1	4.232676E-5	4.794448E+1	1.864228E+0	-1.565670E+0
1.288672E+0	1.257952E-4	-2.111736E+1	4.793049E-5	4.106467E+1	2.247757E-1	-2.321229E+0
1.290820E+0	8.712844E-5	-7.566467E+1	4.007378E-5	3.612825E+1	-1.807179E+0	-2.018814E+0
1.292969E+0	6.337541E-5	-1.534416E+2	4.516321E-5	2.299402E+1	-2.400539E+0	-8.724031E-2
1.295117E+0	8.367334E-5	1.203026E+2	4.742089E-5	2.095536E+1	-1.286583E+0	1.741054E+0
1.297265E+0	1.028623E-4	6.497047E+1	4.563445E-5	2.101173E+1	6.225545E-1	1.564626E+0
1.299414E+0	1.004992E-4	1.980155E+1	4.337290E-5	9.964827E+0	1.283032E+0	3.958552E-1
1.301562E+0	7.754680E-5	-4.324136E+0	4.316532E-5	1.011685E+1	7.397464E-1	-4.480178E-1
1.303711E+0	5.722230E-5	-2.133754E+1	4.125726E-5	1.073738E+0	2.822072E-1	-5.287830E-1
1.305859E+0	4.491039E-5	-2.042380E+1	4.560862E-5	2.667300E+0	-9.420020E-2	-3.861901E-1
1.308008E+0	4.163880E-5	-1.486002E+1	4.956107E-5	-1.774657E+1	-1.609146E-1	4.230876E-2
1.310156E+0	3.797212E-5	-2.099098E+1	4.489641E-5	-2.293666E+1	-1.547158E-1	2.871564E-2
1.312305E+0	4.852007E-5	-1.888290E+1	4.192903E-5	-2.512757E+1	1.503289E-1	1.258732E-1
1.314453E+0	4.144149E-5	-2.223296E+1	4.762345E-5	-2.880437E+1	-1.355263E-1	9.958590E-2
1.316601E+0	4.403489E-5	-3.019527E+1	4.900163E-5	-3.791467E+1	-1.095024E-1	1.207070E-1
1.318750E+0	4.715114E-5	-4.396183E+1	4.858383E-5	-3.797940E+1	-3.477453E-2	-1.011500E-1
1.320898E+0	5.027226E-5	-4.375948E+1	4.519538E-5	-4.866421E+1	1.082587E-1	9.510345E-2
1.323047E+0	5.158499E-5	-5.002456E+1	4.294602E-5	-5.425876E+1	1.978803E-1	8.868574E-2
1.325195E+0	4.990646E-5	-5.728356E+1	3.906452E-5	-6.152011E+1	2.740485E-1	9.437743E-2
1.327344E+0	4.835098E-5	-5.938631E+1	4.510581E-5	-6.974983E+1	5.445822E-2	1.928354E-1
1.329492E+0	4.609481E-5	-7.345483E+1	5.032003E-5	-7.636458E+1	-8.514797E-2	4.650049E-2
1.331640E+0	5.834515E-5	-8.629453E+1	5.059717E-5	-7.271987E+1	1.209179E-1	-2.706539E-1
1.333789E+0	5.386036E-5	-8.991621E+1	4.559695E-5	-8.936837E+1	1.811733E-1	-1.129426E-2
1.335937E+0	5.518560E-5	-1.039051E+2	4.384441E-5	-9.224472E+1	2.326936E-1	-2.543897E-1
1.338086E+0	4.505703E-5	-1.063884E+2	4.650040E-5	-1.008132E+2	-3.562357E-2	-9.413652E-2
1.340234E+0	3.616869E-5	-1.050798E+2	4.750308E-5	-1.056287E+2	-2.386382E-1	7.294155E-3
1.342383E+0	4.835239E-5	-1.137738E+2	4.630696E-5	-1.100810E+2	4.200312E-2	-6.725183E-2
1.344531E+0	4.393130E-5	-1.039263E+2	4.166564E-5	-1.158225E+2	3.173196E-2	2.173486E-1
1.346680E+0	4.861996E-5	-1.213769E+2	4.516793E-5	-1.228645E+2	7.606378E-2	2.794468E-2
1.348828E+0	5.061834E-5	-1.230025E+2	4.340000E-5	-1.276674E+2	1.624576E-1	9.485450E-2
1.350976E+0	4.991349E-5	-1.367213E+2	4.210198E-5	-1.276112E+2	1.705834E-1	-1.877087E-1
1.353125E+0	4.625722E-5	-1.402072E+2	4.568424E-5	-1.374127E+2	1.133809E-2	-4.936537E-2
1.355273E+0	4.992021E-5	-1.483463E+2	4.625932E-5	-1.447429E+2	7.700497E-2	-6.782357E-2
1.357422E+0	4.768490E-5	-1.546125E+2	5.082064E-5	-1.577319E+2	-6.309237E-2	5.105927E-2
1.359570E+0	4.710225E-5	-1.629619E+2	4.951680E-5	-1.583134E+2	-5.189121E-2	-7.709083E-2
1.361719E+0	5.376745E-5	-1.647965E+2	4.638935E-5	-1.638060E+2	1.588741E-1	-2.003602E-2
1.363867E+0	4.473372E-5	-1.794153E+2	4.257399E-5	-1.709791E+2	3.935980E-2	-1.541504E-1
1.366015E+0	4.812991E-5	1.796380E+2	4.683297E-5	-1.792253E+2	2.749064E-2	-2.038722E-2
1.368164E+0	4.456296E-5	-1.798558E+2	4.957275E-5	1.742493E+2	-1.058130E-1	9.232480E-2
1.370312E+0	4.223858E-5	1.736545E+2	5.463658E-5	1.752933E+2	-2.272338E-1	-2.210904E-2
1.372461E+0	5.073458E-5	1.545918E+2	4.594586E-5	1.632870E+2	9.153393E-2	-1.669346E-1
1.374609E+0	5.174608E-5	1.568260E+2	4.499369E-5	1.615050E+2	1.462414E-1	-9.381525E-2
1.376758E+0	4.396349E-5	1.481177E+2	4.624857E-5	1.491629E+2	-4.956683E-2	-1.733990E-2
1.378906E+0	4.736688E-5	1.418436E+2	4.277801E-5	1.468581E+2	1.030337E-1	-9.678424E-2
1.381055E+0	4.017181E-5	1.343913E+2	4.603934E-5	1.344890E+2	-1.274473E-1	-1.487867E-3
1.383203E+0	5.557183E-5	1.403875E+2	4.609782E-5	1.348853E+2	1.999653E-1	1.155900E-1
1.385351E+0	4.880448E-5	1.371593E+2	4.971385E-5	1.203656E+2	-6.016068E-2	2.836415E-1
1.387500E+0	5.637329E-5	1.183800E+2	4.872592E-5	1.250371E+2	1.491462E-1	-1.341214E-1
1.389648E+0	5.726836E-5	1.044953E+2	4.476866E-5	1.118825E+2	2.685890E-1	-1.644728E-1
1.391797E+0	4.296845E-5	8.816905E+1	4.113715E-5	1.100859E+2	-3.097393E-2	-3.898771E-1
1.393945E+0	2.531020E-5	1.017337E+2	5.229454E-5	9.978252E+1	-5.162875E-1	1.647897E-2
1.396094E+0	3.618422E-5	1.301435E+2	5.175018E-5	9.810310E+1	-4.072981E-1	3.709426E-1
1.398242E+0	6.483551E-5	1.208378E+2	4.997011E-5	9.455407E+1	1.633416E-1	5.745483E-1
1.400390E+0	7.803458E-5	9.424285E+1	4.657396E-5	8.576939E+1	6.572087E-1	2.468868E-1
1.402539E+0	7.652307E-5	7.323590E+1	4.576347E-5	6.936374E+1	6.683259E-1	1.129207E-1
1.404687E+0	5.616813E-5	4.163711E+1	4.989664E-5	7.442828E+1	-5.368893E-2	-6.096495E-1
1.406836E+0	2.864649E-5	4.131006E+1	4.992325E-5	6.627441E+1	-4.798002E-1	-2.421792E-1
1.408984E+0	1.981109E-5	6.173334E+1	4.352973E-5	6.160317E+1	-5.448849E-1	1.033976E-3
1.411133E+0	3.907462E-5	8.233318E+1	4.715379E-5	5.268756E+1	-2.798075E-1	4.098851E-1
1.413281E+0	6.289037E-5	7.145033E+1	4.521688E-5	5.054030E+1	2.992612E-1	4.964002E-1
1.415430E+0	6.533632E-5	4.563165E+1	5.075196E-5	4.022954E+1	2.816476E-1	1.211990E-1
1.417578E+0	5.435124E-5	2.960570E+1	4.818544E-5	3.650494E+1	1.197922E-1	-1.354947E-1
1.419726E+0	4.673191E-5	1.864525E+1	4.284553E-5	3.356673E+1	5.392772E-2	-2.808516E-1
1.421875E+0	4.609027E-5	1.419280E+1	4.827634E-5	2.119520E+1	-5.240362E-2	-1.163905E-1
1.424023E+0	4.989222E-5	1.456314E+1	4.358595E-5	2.111760E+1	1.372040E-1	-1.306631E-1
1.426172E+0	4.380917E-5	1.493189E+1	5.037061E-5	1.779875E+1	-1.313518E-1	-4.350012E-2
1.428320E+0	4.785855E-5	1.055196E+1	4.991468E-5	1.365016E+1	-4.259431E-2	-5.182107E-2
1.430469E+0	5.003939E-5	3.334680E+0	5.439008E-5	9.152294E+0	-8.472893E-2	-9.325413E-2
1.432617E+0	4.931543E-5	2.063418E+0	4.766099E-5	1.084221E+0	3.456156E-2	1.768260E-2
1.434765E+0	5.569818E-5	-5.490774E+0	4.954848E-5	-1.778839E+1	9.832136E-2	2.394249E-1
1.436914E+0	5.358002E-5	-1.770797E+1	4.945757E-5	-1.904929E+1	8.305641E-2	2.535947E-2
1.439062E+0	4.852271E-5	-2.498933E+1	5.175177E-5	-1.843882E+1	-6.851615E-2	-1.069611E-1
1.441211E+0	4.846865E-5	-2.514924E+1	4.946815E-5	-2.945972E+1	-2.297637E-2	7.364250E-2
1.443359E+0	4.729877E-5	-2.966564E+1	5.730961E-5	-3.694596E+1	-1.813337E-1	1.045878E-1
1.445508E+0	4.537957E-5	-4.587908E+1	5.719917E-5	-3.886577E+1	-2.125754E-1	-9.686926E-2
1.447656E+0	5.421902E-5	-4.232801E+1	5.161567E-5	-4.553476E+1	4.879241E-2	5.876054E-2
1.449805E+0	5.541870E-5	-5.258667E+1	5.240556E-5	-5.365365E+1	5.731321E-2	1.969190E-2
1.451953E+0	5.035066E-5	-5.734994E+1	5.083144E-5	-6.144994E+1	-1.199333E-2	7.082120E-2
1.454101E+0	5.434186E-5	-6.212944E+1	5.424143E-5	-6.863462E+1	-4.598767E-3	1.135028E-1
1.456250E+0	5.632085E-5	-7.309439E+1	5.031155E-5	-7.118517E+1	1.188203E-1	-3.729533E-2
1.458398E+0	5.398209E-5	-7.667931E+1	5.731684E-5	-7.411455E+1	-5.912442E-2	-4.214504E-2
1.460547E+0	5.228269E-5	-8.815103E+1	5.428155E-5	-8.353010E+1	-3.995472E-2	-7.759639E-2
1.462695E+0	5.900892E-5	-9.560871E+1	5.087056E-5	-9.369646E+1	1.593357E-1	-3.870727E-2
1.464844E+0	5.237913E-5	-1.006236E+2	5.340187E-5	-1.010952E+2	-1.918499E-2	8.073244E-3
1.466992E+0	5.186277E-5	-1.046100E+2	4.940943E-5	-1.031225E+2	4.929955E-2	-2.724780E-2
1.469140E+0	5.308806E-5	-1.136744E+2	5.704475E-5	-1.119440E+2	-6.978555E-2	-2.810212E-2
1.471289E+0	5.412026E-5	-1.182949E+2	5.214150E-5	-1.105763E+2	2.854562E-2	-1.394048E-1
1.473437E+0	5.625985E-5	-1.222301E+2	4.319048E-5	-1.276411E+2	2.967939E-1	1.228343E-1
1.475586E+0	4.922679E-5	-1.315179E+2	5.488973E-5	-1.284666E+2	-1.044408E-1	-4.773835E-2
1.477734E+0	5.696942E-5	-1.350988E+2	4.892089E-5	-1.356276E+2	1.644717E-1	1.074757E-2
1.479883E+0	5.465544E-5	-1.356154E+2	5.333459E-5	-1.419875E+2	1.843444E-2	1.137336E-1
1.482031E+0	5.161557E-5	-1.468889E+2	4.678683E-5	-1.449203E+2	1.025561E-1	-3.789715E-2
1.484180E+0	5.217831E-5	-1.573014E+2	5.357208E-5	-1.531886E+2	-2.852494E-2	-6.985435E-2
1.486328E+0	5.473860E-5	-1.563536E+2	4.838359E-5	-1.658384E+2	1.158802E-1	1.864300E-1
1.488476E+0	4.672724E-5	-1.664088E+2	4.832300E-5	-1.662708E+2	-3.302559E-2	-2.329015E-3
1.490625E+0	5.843387E-5	-1.755241E+2	4.926783E-5	-1.764908E+2	1.858763E-1	2.001012E-2
1.492773E+0	5.474842E-5	1.794220E+2	4.977775E-5	-1.775875E+2	9.835948E-2	-5.737997E-2
1.494922E+0	4.183775E-5	1.699283E+2	4.953814E-5	1.770018E+2	-1.618716E-1	-1.040008E-1
1.497070E+0	4.069318E-5	1.668740E+2	5.147482E-5	1.691645E+2	-2.100863E-1	-3.159503E-2
1.499219E+0	4.520271E-5	1.675380E+2	5.090061E-5	1.638806E+2	-1.137504E-1	5.664953E-2
1.501367E+0	5.084329E-5	1.727079E+2	5.411189E-5	1.558654E+2	-1.007086E-1	2.722401E-1
1.503515E+0	6.949878E-5	1.640715E+2	5.356157E-5	1.566453E+2	2.866657E-1	1.677070E-1
1.505664E+0	6.787718E-5	1.412840E+2	4.901058E-5	1.514797E+2	3.630797E-1	-2.451511E-1
1.507812E+0	4.947366E-5	1.241605E+2	5.350847E-5	1.402709E+2	-1.117150E-1	-2.565650E-1
1.509961E+0	2.744127E-5	1.284175E+2	4.546208E-5	1.365338E+2	-4.024381E-1	-8.521910E-2
1.512109E+0	3.695891E-5	1.436871E+2	5.229380E-5	1.294578E+2	-3.149283E-1	1.737226E-1
1.514258E+0	6.252111E-5	1.389110E+2	5.303562E-5	1.237368E+2	1.377500E-1	3.085698E-1
1.516406E+0	6.804276E-5	1.233210E+2	4.757934E-5	1.148844E+2	4.146152E-1	2.098156E-1
1.518554E+0	6.502763E-5	1.022181E+2	5.583433E-5	1.148294E+2	1.365544E-1	-2.542854E-1
1.520703E+0	4.572591E-5	9.516869E+1	4.568952E-5	1.082412E+2	-2.513958E-2	-2.263641E-1
1.522851E+0	4.055202E-5	9.249059E+1	5.031307E-5	1.068210E+2	-2.190851E-1	-1.994942E-1
1.525000E+0	4.672525E-5	9.439563E+1	5.124989E-5	9.110909E+1	-8.978533E-2	5.226811E-2
1.527148E+0	5.379978E-5	9.345754E+1	5.174244E-5	8.472170E+1	2.769898E-2	1.579180E-1
1.529297E+0	5.521993E-5	7.938947E+1	5.451474E-5	7.780027E+1	1.254615E-2	2.809197E-2
1.531445E+0	5.420885E-5	6.937936E+1	4.610603E-5	7.297559E+1	1.734280E-1	-7.374831E-2
1.533594E+0	5.828948E-5	6.455914E+1	5.480681E-5	6.276735E+1	6.302446E-2	3.325442E-2
1.535742E+0	5.037973E-5	6.000828E+1	4.929968E-5	6.465724E+1	1.854576E-2	-8.282630E-2
1.537890E+0	4.686235E-5	5.644568E+1	5.564063E-5	6.070256E+1	-1.600909E-1	-6.251744E-2
1.540039E+0	4.689316E-5	5.214441E+1	4.881732E-5	5.773295E+1	-4.398127E-2	-9.354540E-2
1.542187E+0	5.565809E-5	3.955550E+1	5.416752E-5	4.497162E+1	2.293038E-2	-9.698577E-2
1.544336E+0	5.335603E-5	4.046844E+1	5.706828E-5	3.623296E+1	-6.760268E-2	6.905150E-2
1.546484E+0	5.190542E-5	3.447311E+1	5.056688E-5	2.749097E+1	1.885847E-2	1.247777E-1
1.548633E+0	5.040669E-5	2.936143E+1	4.771220E-5	2.661322E+1	5.525875E-2	5.065467E-2
1.550781E+0	5.727979E-5	1.594347E+1	4.693700E-5	1.878117E+1	2.188583E-1	-6.041606E-2
1.552929E+0	5.559024E-5	9.835732E+0	5.233164E-5	1.305867E+1	6.058811E-2	-5.972202E-2
1.555078E+0	4.933849E-5	4.924228E+0	5.772643E-5	9.439315E+0	-1.479574E-1	-6.728296E-2
1.557226E+0	5.630328E-5	6.104111E+0	5.203839E-5	6.540064E+0	8.192529E-2	-8.232328E-3
1.559375E+0	5.355490E-5	-7.695579E+0	5.217520E-5	-6.079958E+0	2.603555E-2	-2.893972E-2
1.561523E+0	5.273821E-5	-6.253442E+0	5.258055E-5	-8.375501E+0	2.310603E-3	3.713948E-2
1.563672E+0	5.861085E-5	-1.649209E+1	4.978742E-5	-1.872319E+1	1.763297E-1	4.582949E-2
1.565820E+0	5.193345E-5	-2.098407E+1	5.215238E-5	-1.754552E+1	-5.990634E-3	-5.972622E-2
1.567969E+0	5.367956E-5	-2.928765E+1	5.439254E-5	-2.403464E+1	-1.725288E-2	-9.035384E-2
1.570117E+0	5.488379E-5	-3.468200E+1	5.125130E-5	-3.423807E+1	7.084391E-2	-8.297108E-3
1.572265E+0	5.046019E-5	-3.727204E+1	5.318653E-5	-3.687171E+1	-5.128313E-2	-6.628865E-3
1.574414E+0	6.000153E-5	-4.482346E+1	5.785220E-5	-4.539063E+1	3.710127E-2	1.026658E-2
1.576562E+0	5.611879E-5	-4.881658E+1	5.515065E-5	-4.811748E+1	1.747872E-2	-1.241548E-2
1.578711E+0	5.636026E-5	-5.848992E+1	5.126382E-5	-5.909957E+1	9.935369E-2	1.169800E-2
1.580859E+0	5.496406E-5	-6.633660E+1	5.457481E-5	-6.864604E+1	6.314388E-3	4.058383E-2
1.583008E+0	5.671675E-5	-6.634927E+1	5.839077E-5	-7.563157E+1	-4.138826E-2	1.566746E-1
1.585156E+0	5.157529E-5	-7.413619E+1	6.079362E-5	-7.779760E+1	-1.533648E-1	5.417685E-2
1.587304E+0	5.777487E-5	-7.450960E+1	5.564055E-5	-8.302058E+1	2.692417E-2	1.536760E-1
1.589453E+0	6.008446E-5	-8.418400E+1	5.918178E-5	-8.804594E+1	1.294727E-2	6.837985E-2
1.591601E+0	5.137956E-5	-9.999759E+1	5.329353E-5	-9.760694E+1	-3.675283E-2	-4.021455E-2
1.593750E+0	5.639047E-5	-9.962245E+1	5.310128E-5	-1.064127E+2	5.449298E-2	1.255587E-1
1.595898E+0	6.531791E-5	-1.112053E+2	5.584783E-5	-1.089579E+2	1.686697E-1	-4.586404E-2
1.598047E+0	6.097948E-5	-1.190164E+2	5.499531E-5	-1.168896E+2	1.080486E-1	-4.114929E-2
1.600195E+0	6.085842E-5	-1.234675E+2	5.748495E-5	-1.235361E+2	5.868364E-2	1.267558E-3
1.602344E+0	4.954128E-5	-1.247970E+2	6.127555E-5	-1.328876E+2	-1.995472E-1	1.137873E-1
1.604492E+0	5.534578E-5	-1.216951E+2	6.088697E-5	-1.316862E+2	-1.047929E-1	1.577058E-1
1.606640E+0	6.262898E-5	-1.347741E+2	5.570904E-5	-1.420565E+2	1.151472E-1	1.425055E-1
1.608789E+0	5.655215E-5	-1.529225E+2	4.988504E-5	-1.460678E+2	1.255462E-1	-1.353032E-1
1.610937E+0	5.267002E-5	-1.606340E+2	5.450549E-5	-1.519770E+2	-4.468417E-2	-1.454502E-1
1.613086E+0	5.324125E-5	-1.506078E+2	5.257009E-5	-1.533556E+2	1.160250E-2	4.855182E-2
1.615234E+0	5.585873E-5	-1.605902E+2	5.356041E-5	-1.705863E+2	2.707897E-2	1.810296E-1
1.617383E+0	5.646945E-5	-1.687502E+2	5.824673E-5	-1.706196E+2	-3.102894E-2	3.162602E-2
1.619531E+0	6.024540E-5	-1.753414E+2	5.377427E-5	-1.783365E+2	1.188084E-1	5.853832E-2
1.621679E+0	5.431240E-5	1.793918E+2	5.080832E-5	-1.783285E+2	6.812063E-2	-4.252111E-2
1.623828E+0	5.024771E-5	1.748328E+2	6.105383E-5	1.764037E+2	-1.773026E-1	-2.256186E-2
1.625976E+0	4.766724E-5	1.648893E+2	5.431188E-5	1.723820E+2	-1.298362E-1	-1.144465E-1
1.628125E+0	5.059269E-5	1.541589E+2	4.564730E-5	1.602344E+2	1.021139E-1	-1.173054E-1
1.630273E+0	5.266241E-5	1.600827E+2	5.005705E-5	1.494829E+2	3.409566E-2	1.935220E-1
1.632422E+0	4.890435E-5	1.511438E+2	5.042765E-5	1.486192E+2	-3.114891E-2	4.271773E-2
1.634570E+0	5.595312E-5	1.438259E+2	5.559206E-5	1.447503E+2	6.363820E-3	-1.623791E-2
1.636719E+0	6.072963E-5	1.346573E+2	4.995034E-5	1.305240E+2	2.126379E-1	8.763140E-2
1.638867E+0	4.911602E-5	1.319853E+2	5.566870E-5	1.272139E+2	-1.207661E-1	7.338938E-2
1.641015E+0	5.581712E-5	1.286506E+2	4.922639E-5	1.280047E+2	1.338141E-1	1.278212E-2
1.643164E+0	5.740263E-5	1.131881E+2	5.996651E-5	1.174685E+2	-4.542522E-2	-7.144646E-2
1.645312E+0	5.701843E-5	1.154009E+2	5.588968E-5	1.123319E+2	1.873285E-2	5.461981E-2
1.647461E+0	5.732069E-5	1.053010E+2	5.784263E-5	1.083901E+2	-1.046340E-2	-5.340259E-2
1.649609E+0	5.886604E-5	1.056766E+2	6.002121E-5	9.844283E+1	-2.705219E-2	1.234945E-1
1.651758E+0	5.283194E-5	9.500230E+1	5.999614E-5	9.637089E+1	-1.196622E-1	-2.103210E-2
1.653906E+0	6.255387E-5	8.842131E+1	5.999202E-5	8.429575E+1	4.000131E-2	7.501457E-2
1.656054E+0	5.577398E-5	8.362602E+1	5.806653E-5	7.905145E+1	-4.254129E-2	7.660761E-2
1.658203E+0	5.658343E-5	8.162825E+1	5.764692E-5	6.721281E+1	-4.935141E-2	2.443582E-1
1.660351E+0	5.745440E-5	6.596413E+1	5.460440E-5	7.323863E+1	4.372438E-2	-1.332321E-1
1.662500E+0	5.933918E-5	6.440308E+1	5.731405E-5	6.697000E+1	3.429506E-2	-4.636869E-2
1.664648E+0	6.256355E-5	6.271636E+1	5.768796E-5	4.977549E+1	5.697172E-2	2.428725E-1
1.666797E+0	5.949369E-5	5.174752E+1	5.479932E-5	4.648236E+1	8.108398E-2	9.962613E-2
1.668945E+0	5.780157E-5	4.367299E+1	5.723448E-5	4.668837E+1	8.509920E-3	-5.312523E-2
1.671094E+0	5.621593E-5	3.568339E+1	5.988189E-5	3.623572E+1	-6.126346E-2	-9.049679E-3
1.673242E+0	5.711060E-5	2.961736E+1	5.943779E-5	3.344047E+1	-4.129159E-2	-6.406575E-2
1.675390E+0	5.852173E-5	2.522713E+1	5.039622E-5	2.142122E+1	1.586716E-1	7.707893E-2
1.677539E+0	5.835336E-5	2.285189E+1	5.571574E-5	1.553492E+1	3.881192E-2	1.333876E-1
1.679687E+0	5.729925E-5	1.270043E+1	5.831051E-5	1.346548E+1	-1.743027E-2	-1.312068E-2
1.681836E+0	6.157363E-5	1.347226E+1	5.645409E-5	1.293526E+1	9.063711E-2	1.022221E-2
1.683984E+0	5.536267E-5	3.103394E+0	5.840922E-5	6.776969E+0	-5.410627E-2	-6.073014E-2
1.686133E+0	5.169946E-5	-8.118548E+0	5.857562E-5	-5.459636E+0	-1.183397E-1	-4.094440E-2
1.688281E+0	4.698628E-5	-5.004328E+0	5.190062E-5	-1.192350E+1	-1.012808E-1	1.090621E-1
1.690429E+0	5.545476E-5	-1.368014E+1	5.303173E-5	-1.678428E+1	4.415592E-2	5.662513E-2
1.692578E+0	6.710519E-5	-2.758108E+1	5.275253E-5	-1.452719E+1	2.392024E-1	-2.873203E-1
1.694726E+0	5.386559E-5	-3.760722E+1	5.952085E-5	-2.665635E+1	-1.114925E-1	-1.719178E-1
1.696875E+0	5.511781E-5	-2.692744E+1	5.852011E-5	-3.495721E+1	-6.737335E-2	1.315663E-1
1.699023E+0	5.891565E-5	-3.680801E+1	5.190641E-5	-4.131276E+1	1.315298E-1	8.914771E-2
1.701172E+0	5.987618E-5	-4.359578E+1	5.682181E-5	-4.253055E+1	5.357137E-2	-1.959001E-2
1.703320E+0	6.077023E-5	-4.834929E+1	5.909547E-5	-5.305981E+1	2.486651E-2	8.444881E-2
1.705469E+0	5.911678E-5	-5.249529E+1	5.644975E-5	-6.356332E+1	2.776725E-2	2.010444E-1
1.707617E+0	5.380953E-5	-6.814654E+1	5.524899E-5	-6.511704E+1	-2.741518E-2	-5.147316E-2
1.709765E+0	5.799704E-5	-7.041549E+1	5.941108E-5	-6.533866E+1	-2.763064E-2	-8.638532E-2
1.711914E+0	5.433194E-5	-6.938966E+1	6.040744E-5	-7.257924E+1	-1.019687E-1	5.004392E-2
1.714062E+0	6.320463E-5	-8.126624E+1	5.976240E-5	-8.301292E+1	5.710719E-2	3.223623E-2
1.716211E+0	5.756946E-5	-8.737440E+1	6.306208E-5	-8.744550E+1	-8.709932E-2	1.132846E-3
1.718359E+0	5.918879E-5	-9.261425E+1	6.056431E-5	-9.189654E+1	-2.278840E-2	-1.224159E-2
1.720508E+0	6.249114E-5	-9.592117E+1	6.248391E-5	-1.043060E+2	-1.057455E-2	1.458380E-1
1.722656E+0	6.084827E-5	-1.078480E+2	6.068550E-5	-1.049635E+2	1.411798E-3	-5.045773E-2
1.724804E+0	6.165560E-5	-1.105474E+2	6.516596E-5	-1.125254E+2	-5.443175E-2	3.265646E-2
1.726953E+0	6.227173E-5	-1.186823E+2	5.957652E-5	-1.203590E+2	4.479194E-2	3.058345E-2
1.729101E+0	6.081120E-5	-1.282177E+2	6.352026E-5	-1.284368E+2	-4.265575E-2	3.660918E-3
1.731250E+0	6.012713E-5	-1.356676E+2	5.907333E-5	-1.333199E+2	1.698451E-2	-4.169437E-2
1.733398E+0	5.452514E-5	-1.406192E+2	6.403642E-5	-1.432674E+2	-1.494386E-1	3.934081E-2
1.735547E+0	6.651380E-5	-1.447271E+2	5.796603E-5	-1.461655E+2	1.471001E-1	2.880379E-2
1.737695E+0	5.826815E-5	-1.519156E+2	5.525024E-5	-1.505548E+2	5.432513E-2	-2.504540E-2
1.739844E+0	6.379544E-5	-1.586649E+2	5.793227E-5	-1.575037E+2	1.009812E-1	-2.231638E-2
1.741992E+0	6.459231E-5	-1.586951E+2	5.684870E-5	-1.631141E+2	1.328367E-1	8.754493E-2
1.744140E+0	5.827922E-5	-1.730456E+2	6.542499E-5	-1.707475E+2	-1.099372E-1	-3.571905E-2
1.746289E+0	6.221724E-5	-1.777130E+2	5.898576E-5	-1.748709E+2	5.348666E-2	-5.230006E-2
1.748437E+0	5.127375E-5	1.793615E+2	5.428417E-5	1.793784E+2	-5.545672E-2	-2.786031E-4
1.750586E+0	5.949357E-5	1.728910E+2	5.690828E-5	1.675310E+2	4.085785E-2	9.765693E-2
1.752734E+0	5.928952E-5	1.649869E+2	5.354525E-5	1.648508E+2	1.072757E-1	2.630220E-3
1.754883E+0	6.212965E-5	1.624516E+2	5.520035E-5	1.580114E+2	1.221519E-1	8.713692E-2
1.757031E+0	5.400155E-5	1.520039E+2	5.021165E-5	1.488668E+2	7.386683E-2	5.885596E-2
1.759179E+0	5.145252E-5	1.516428E+2	5.064213E-5	1.467760E+2	1.233922E-2	8.619720E-2
1.761328E+0	5.755260E-5	1.429512E+2	5.980163E-5	1.394852E+2	-3.936853E-2	5.818258E-2
1.763476E+0	6.287964E-5	1.393276E+2	4.755263E-5	1.389245E+2	3.222840E-1	9.302980E-3
1.765625E+0	5.758330E-5	1.308387E+2	4.765291E-5	1.320745E+2	2.081089E-1	-2.606148E-2
1.767773E+0	5.831144E-5	1.217349E+2	5.383844E-5	1.264285E+2	7.944982E-2	-8.862554E-2
1.769922E+0	5.943092E-5	1.225763E+2	5.723242E-5	1.195005E+2	3.691763E-2	5.571821E-2
1.772070E+0	6.246811E-5	1.177674E+2	5.601744E-5	1.139823E+2	1.127222E-1	7.361628E-2
1.774219E+0	5.487764E-5	1.105063E+2	5.478251E-5	1.132797E+2	5.631778E-4	-4.847008E-2
1.776367E+0	5.432425E-5	1.028292E+2	6.038608E-5	1.039550E+2	-1.005582E-1	-1.767533E-2
1.778515E+0	5.587596E-5	1.002629E+2	5.910105E-5	8.620495E+1	-8.288422E-2	2.296481E-1
1.780664E+0	5.797524E-5	9.672166E+1	5.300062E-5	8.775986E+1	8.050628E-2	1.703970E-1
1.782812E+0	5.497692E-5	8.616851E+1	5.671369E-5	8.757636E+1	-3.091609E-2	-2.381675E-2
1.784961E+0	6.009823E-5	7.960403E+1	5.873185E-5	8.080176E+1	2.304115E-2	-2.138911E-2
1.787109E+0	5.693692E-5	7.138911E+1	5.565853E-5	7.610368E+1	1.950725E-2	-8.407977E-2
1.789258E+0	5.781433E-5	6.371208E+1	5.560016E-5	6.181335E+1	3.925217E-2	3.445248E-2
1.791406E+0	5.765719E-5	5.760295E+1	5.614705E-5	5.908477E+1	2.655275E-2	-2.655528E-2
1.793554E+0	5.759879E-5	5.734821E+1	6.321105E-5	5.846478E+1	-8.895908E-2	-1.775645E-2
1.795703E+0	6.084158E-5	4.727356E+1	5.884259E-5	4.347523E+1	3.170060E-2	6.849527E-2
1.797851E+0	6.433763E-5	3.648460E+1	5.312935E-5	4.043235E+1	2.080888E-1	-8.337078E-2
1.800000E+0	5.769065E-5	3.468034E+1	6.186871E-5	4.170602E+1	-7.453258E-2	-1.140542E-1
