7.021484E-1	2.629535E-5	-9.568563E+1	2.011550E-5	-9.249373E+1	3.051904E-1	-7.278638E-2
7.042969E-1	2.101035E-5	-8.369974E+1	2.537310E-5	-1.024838E+2	-2.160471E-1	2.666360E-1
7.064453E-1	2.366527E-5	-1.169986E+2	2.751836E-5	-1.151478E+2	-1.404675E-1	-2.777476E-2
7.085937E-1	2.084736E-5	-1.141067E+2	2.623138E-5	-1.259205E+2	-2.220854E-1	1.627104E-1
7.107422E-1	2.511271E-5	-1.270556E+2	3.055037E-5	-1.287246E+2	-1.783387E-1	2.394139E-2
7.128906E-1	2.147601E-5	-1.250353E+2	2.423736E-5	-1.318236E+2	-1.201411E-1	1.047346E-1
7.150391E-1	2.994026E-5	-1.333332E+2	2.933639E-5	-1.341597E+2	2.047815E-2	1.472157E-2
7.171875E-1	2.968735E-5	-1.321748E+2	2.621364E-5	-1.307944E+2	1.321867E-1	-2.728252E-2
7.193359E-1	2.099547E-5	-1.423458E+2	2.729247E-5	-1.496821E+2	-2.370205E-1	9.823129E-2
7.214844E-1	2.401378E-5	-1.479133E+2	2.740739E-5	-1.413550E+2	-1.295546E-1	-1.000720E-1
7.236328E-1	2.889959E-5	-1.437191E+2	3.208116E-5	-1.594234E+2	-1.327991E-1	2.438294E-1
7.257812E-1	2.489578E-5	-1.609566E+2	2.567759E-5	-1.738723E+2	-5.497687E-2	2.167117E-1
7.279297E-1	2.678966E-5	-1.650726E+2	2.764436E-5	-1.786754E+2	-5.810093E-2	2.279181E-1
7.300781E-1	3.082278E-5	-1.779118E+2	2.084308E-5	-1.739220E+2	4.752177E-1	-1.028934E-1
7.322266E-1	2.284720E-5	1.639217E+2	2.810311E-5	1.698251E+2	-1.913338E-1	-8.361602E-2
7.343750E-1	2.580055E-5	1.696948E+2	2.146944E-5	1.741500E+2	1.981025E-1	-9.335016E-2
7.365234E-1	3.022646E-5	1.721438E+2	3.255026E-5	1.653867E+2	-7.784136E-2	1.092605E-1
7.386719E-1	2.524994E-5	1.522134E+2	2.312458E-5	1.558909E+2	8.966076E-2	-7.003551E-2
7.408203E-1	2.907614E-5	1.519263E+2	2.337178E-5	1.576579E+2	2.378509E-1	-1.242435E-1
7.429687E-1	2.671784E-5	1.408932E+2	2.544107E-5	1.480352E+2	4.203707E-2	-1.305684E-1
7.451172E-1	2.478383E-5	1.379925E+2	3.355424E-5	1.430098E+2	-2.642102E-1	-6.459714E-2
7.472656E-1	3.243687E-5	1.216452E+2	2.116779E-5	1.368264E+2	4.788933E-1	-4.012854E-1
7.494141E-1	3.358906E-5	1.216765E+2	2.486766E-5	1.175181E+2	3.471566E-1	9.794566E-2
7.515625E-1	2.984012E-5	1.233586E+2	2.378034E-5	1.172222E+2	2.476333E-1	1.341353E-1
7.537109E-1	2.776060E-5	1.231835E+2	2.648238E-5	1.111435E+2	2.520726E-2	2.186627E-1
7.558594E-1	2.700164E-5	1.072996E+2	2.072355E-5	1.130331E+2	2.964265E-1	-1.301662E-1
7.580078E-1	2.603878E-5	1.109125E+2	2.882374E-5	1.072310E+2	-9.848457E-2	5.800609E-2
7.601562E-1	2.212068E-5	9.884553E+1	2.814341E-5	9.299921E+1	-2.180897E-1	8.006226E-2
7.623047E-1	2.768982E-5	9.314180E+1	2.901533E-5	8.869736E+1	-4.855277E-2	7.395225E-2
7.644531E-1	2.666296E-5	8.717721E+1	2.857686E-5	8.593973E+1	-6.719138E-2	2.015003E-2
7.666015E-1	3.176179E-5	8.020794E+1	2.075468E-5	8.045518E+1	5.303293E-1	-6.603644E-3
7.687500E-1	2.628043E-5	8.061946E+1	2.658493E-5	8.171072E+1	-1.163315E-2	-1.882679E-2
7.708984E-1	3.100663E-5	6.989659E+1	3.417478E-5	7.027539E+1	-9.272416E-2	-5.998367E-3
7.730469E-1	2.437913E-5	6.055360E+1	2.824762E-5	6.330783E+1	-1.379462E-1	-4.147120E-2
7.751953E-1	2.434473E-5	5.039946E+1	2.870643E-5	6.112265E+1	-1.667507E-1	-1.577934E-1
7.773437E-1	2.587771E-5	4.104110E+1	3.433273E-5	5.754951E+1	-2.773374E-1	-2.141778E-1
7.794922E-1	2.662608E-5	4.021642E+1	2.943486E-5	5.437211E+1	-1.228913E-1	-2.212210E-1
7.816406E-1	2.262297E-5	2.586109E+1	2.237759E-5	4.912016E+1	-7.119703E-2	-3.992194E-1
7.837890E-1	2.309295E-5	3.308143E+1	2.821259E-5	3.037564E+1	-1.823791E-1	3.864083E-2
7.859375E-1	2.899606E-5	1.288952E+1	3.424786E-5	1.822752E+1	-1.570186E-1	-7.876496E-2
7.880859E-1	2.754693E-5	1.929854E+1	2.244359E-5	2.595154E+1	2.191200E-1	-1.421999E-1
7.902344E-1	3.164777E-5	1.832531E+1	3.400525E-5	8.104994E+0	-8.409416E-2	1.651328E-1
7.923828E-1	3.152328E-5	1.384359E+1	2.733824E-5	2.563568E+0	1.308095E-1	2.255480E-1
7.945312E-1	2.885149E-5	4.841472E+0	2.971913E-5	5.773670E+0	-2.932315E-2	-1.579423E-2
7.966797E-1	2.806342E-5	-4.620103E+0	2.799291E-5	-2.220637E+0	1.639864E-3	-4.197180E-2
7.988281E-1	3.164436E-5	-5.258284E+0	3.287777E-5	-6.362008E+0	-3.769359E-2	1.853980E-2
8.009765E-1	3.225071E-5	-1.727527E+1	2.712261E-5	-2.660686E+1	1.733354E-1	1.928054E-1
8.031250E-1	3.685598E-5	-2.581540E+1	3.018994E-5	-1.489604E+1	1.987004E-1	-2.312534E-1
8.052734E-1	3.477249E-5	-3.918617E+1	3.134879E-5	-2.983505E+1	9.447297E-2	-1.802297E-1
8.074218E-1	2.412888E-5	-4.511618E+1	3.320939E-5	-3.485873E+1	-2.850443E-1	-1.293811E-1
8.095703E-1	2.787469E-5	-4.797508E+1	2.837911E-5	-4.845221E+1	-1.780840E-2	8.179379E-3
8.117187E-1	2.213618E-5	-6.294318E+1	3.005485E-5	-5.125163E+1	-2.787549E-1	-1.492518E-1
8.138672E-1	3.081638E-5	-5.643329E+1	2.694725E-5	-5.133769E+1	1.390621E-1	-1.015704E-1
8.160156E-1	2.728014E-5	-6.167000E+1	3.138575E-5	-6.954909E+1	-1.390168E-1	1.191510E-1
8.181640E-1	3.087717E-5	-7.228596E+1	2.796714E-5	-7.695023E+1	1.003955E-1	8.977816E-2
8.203125E-1	2.674828E-5	-6.943421E+1	2.821677E-5	-7.388307E+1	-5.489939E-2	7.353231E-2
8.224609E-1	2.621160E-5	-7.213438E+1	3.094387E-5	-7.251791E+1	-1.529498E-1	5.670122E-3
8.246093E-1	2.762802E-5	-7.953883E+1	3.142421E-5	-8.284918E+1	-1.222717E-1	5.076858E-2
8.267578E-1	3.021676E-5	-9.223777E+1	3.167227E-5	-8.930807E+1	-4.720228E-2	-4.876183E-2
8.289062E-1	3.230950E-5	-9.457922E+1	3.600822E-5	-9.985719E+1	-1.065231E-1	8.253886E-2
8.310547E-1	2.942450E-5	-1.077012E+2	2.524040E-5	-1.125815E+2	1.615436E-1	9.917712E-2
8.332031E-1	3.198593E-5	-1.177609E+2	2.870377E-5	-1.103179E+2	1.049567E-1	-1.443522E-1
8.353515E-1	2.915138E-5	-1.173668E+2	3.637027E-5	-1.148040E+2	-1.992849E-1	-3.583933E-2
8.375000E-1	2.909438E-5	-1.224026E+2	3.375292E-5	-1.205719E+2	-1.384588E-1	-2.753711E-2
8.396484E-1	3.291934E-5	-1.337367E+2	2.495175E-5	-1.275553E+2	3.116493E-1	-1.420599E-1
8.417968E-1	2.516927E-5	-1.392710E+2	2.846226E-5	-1.298065E+2	-1.277341E-1	-1.454117E-1
8.439453E-1	3.205975E-5	-1.430557E+2	3.313008E-5	-1.395809E+2	-3.408595E-2	-5.865143E-2
8.460937E-1	2.994298E-5	-1.341808E+2	2.774609E-5	-1.555584E+2	4.929160E-3	3.933743E-1
8.482422E-1	3.587271E-5	-1.543324E+2	2.455927E-5	-1.457376E+2	4.442554E-1	-2.182890E-1
8.503906E-1	3.145251E-5	-1.659719E+2	3.857845E-5	-1.603783E+2	-1.885951E-1	-7.946744E-2
8.525390E-1	3.323470E-5	-1.585697E+2	3.458202E-5	-1.650535E+2	-4.510711E-2	1.085228E-1
8.546875E-1	3.507781E-5	-1.634631E+2	2.903929E-5	-1.642079E+2	2.078410E-1	1.570187E-2
8.568359E-1	2.809706E-5	-1.707697E+2	2.915873E-5	-1.752782E+2	-3.939167E-2	7.574491E-2
8.589843E-1	3.500632E-5	1.736504E+2	3.404892E-5	1.777294E+2	2.551406E-2	-7.313197E-2
8.611328E-1	2.688114E-5	1.771802E+2	2.127865E-5	1.661733E+2	2.400523E-1	2.411967E-1
8.632812E-1	3.272499E-5	1.593190E+2	2.823642E-5	1.606253E+2	1.586626E-1	-2.642120E-2
8.654296E-1	2.758881E-5	1.593446E+2	3.281175E-5	1.630743E+2	-1.609598E-1	-5.469506E-2
8.675781E-1	3.233583E-5	1.583134E+2	3.076771E-5	1.508387E+2	4.203573E-2	1.367185E-1
8.697265E-1	2.956150E-5	1.309038E+2	2.873864E-5	1.403848E+2	1.458170E-2	-1.694369E-1
8.718750E-1	2.628133E-5	1.530957E+2	2.528997E-5	1.354175E+2	-9.874304E-3	3.155744E-1
8.740234E-1	2.929924E-5	1.368394E+2	3.433923E-5	1.328249E+2	-1.488641E-1	5.973367E-2
8.761718E-1	2.846799E-5	1.259890E+2	2.927825E-5	1.251738E+2	-2.777288E-2	1.383371E-2
8.783203E-1	3.291035E-5	1.268348E+2	3.309195E-5	1.239260E+2	-6.769094E-3	5.046785E-2
8.804687E-1	3.118812E-5	1.098975E+2	2.849785E-5	1.053010E+2	9.088272E-2	8.770327E-2
8.826171E-1	3.555203E-5	1.126116E+2	2.908797E-5	1.151703E+2	2.210060E-1	-5.456364E-2
8.847656E-1	3.538284E-5	1.116727E+2	2.871482E-5	1.077245E+2	2.292909E-1	8.484365E-2
8.869140E-1	3.225946E-5	8.655749E+1	3.350706E-5	1.036047E+2	-7.953449E-2	-2.822441E-1
8.890625E-1	2.357916E-5	9.871266E+1	3.742164E-5	9.725162E+1	-3.701106E-1	1.606564E-2
8.912109E-1	2.781875E-5	9.322446E+1	2.706407E-5	9.059958E+1	2.680646E-2	4.707382E-2
8.933593E-1	3.393511E-5	8.174360E+1	2.845818E-5	8.031598E+1	1.920852E-1	2.970894E-2
8.955078E-1	3.546941E-5	7.893686E+1	3.555746E-5	7.706271E+1	-3.009876E-3	3.262327E-2
8.976562E-1	2.865379E-5	7.219536E+1	3.383245E-5	6.003561E+1	-1.720695E-1	1.783962E-1
8.998046E-1	3.111081E-5	6.671538E+1	2.783292E-5	5.713562E+1	1.021828E-1	1.860198E-1
9.019531E-1	3.573759E-5	5.676777E+1	3.160229E-5	5.922543E+1	1.298143E-1	-4.849229E-2
9.041015E-1	2.549709E-5	6.243263E+1	3.372743E-5	5.724429E+1	-2.471225E-1	6.836274E-2
9.062500E-1	3.247102E-5	4.594526E+1	2.875024E-5	2.794403E+1	7.413224E-2	3.490322E-1
9.083984E-1	2.873618E-5	4.674577E+1	3.372855E-5	3.659692E+1	-1.613469E-1	1.501247E-1
9.105468E-1	2.750655E-5	2.211325E+1	3.824053E-5	3.940922E+1	-3.132221E-1	-2.138545E-1
9.126953E-1	3.246660E-5	1.921383E+1	3.187833E-5	2.986929E+1	8.922342E-4	-1.883148E-1
9.148437E-1	2.804095E-5	2.058173E+1	3.146467E-5	1.882345E+1	-1.092312E-1	2.734430E-2
9.169921E-1	2.982909E-5	1.472197E+1	2.958693E-5	5.247127E+0	-5.568986E-3	1.659619E-1
9.191406E-1	3.257012E-5	6.891619E+0	3.526908E-5	-5.421778E-1	-8.428661E-2	1.194797E-1
9.212890E-1	3.180310E-5	4.377144E+0	3.196861E-5	-2.178955E-1	-8.374807E-3	7.969786E-2
9.234374E-1	3.498083E-5	-7.845380E+0	3.118187E-5	-9.983665E+0	1.210512E-1	4.185719E-2
9.255859E-1	3.362343E-5	-5.961042E+0	3.363549E-5	-3.346646E+0	-1.399036E-3	-4.559763E-2
9.277343E-1	3.593236E-5	-1.789899E+1	2.963798E-5	-7.733855E+0	1.933450E-1	-2.139671E-1
9.298828E-1	2.960373E-5	-2.569690E+1	3.039844E-5	-3.028340E+1	-2.926165E-2	7.787355E-2
9.320312E-1	3.702242E-5	-3.088674E+1	2.755871E-5	-2.755514E+1	3.411313E-1	-7.807129E-2
9.341796E-1	3.137509E-5	-4.111786E+1	3.565892E-5	-4.003202E+1	-1.202915E-1	-1.667378E-2
9.363281E-1	3.693357E-5	-4.394459E+1	3.686189E-5	-4.990759E+1	-3.476776E-3	1.040882E-1
9.384765E-1	3.659504E-5	-4.895428E+1	3.599764E-5	-4.688261E+1	1.593108E-2	-3.674951E-2
9.406249E-1	3.571751E-5	-5.435316E+1	3.189303E-5	-6.166423E+1	1.108108E-1	1.425163E-1
9.427734E-1	3.195034E-5	-6.044856E+1	2.920170E-5	-7.231312E+1	7.075150E-2	2.249511E-1
9.449218E-1	3.280295E-5	-7.002704E+1	3.065865E-5	-6.546825E+1	6.655614E-2	-8.504103E-2
9.470703E-1	3.557451E-5	-7.538558E+1	3.175721E-5	-7.505096E+1	1.201835E-1	-6.542193E-3
9.492187E-1	3.122272E-5	-8.687737E+1	3.463077E-5	-7.516515E+1	-1.171825E-1	-1.830191E-1
9.513671E-1	3.025533E-5	-8.887733E+1	3.895353E-5	-8.238998E+1	-2.282702E-1	-8.775491E-2
9.535156E-1	2.908771E-5	-9.397976E+1	2.871308E-5	-9.333052E+1	1.298233E-2	-1.147897E-2
9.556640E-1	3.212116E-5	-9.663192E+1	3.124197E-5	-1.009022E+2	2.528708E-2	7.655691E-2
9.578124E-1	3.249287E-5	-1.014490E+2	3.186366E-5	-1.001939E+2	1.950229E-2	-2.233641E-2
9.599609E-1	3.894908E-5	-1.140362E+2	3.248739E-5	-1.108221E+2	1.970125E-1	-6.721889E-2
9.621093E-1	4.025049E-5	-1.139173E+2	3.418943E-5	-1.201620E+2	1.702933E-1	1.280584E-1
9.642578E-1	3.085001E-5	-1.235889E+2	3.812521E-5	-1.214235E+2	-1.914017E-1	-3.057420E-2
9.664062E-1	3.810198E-5	-1.244024E+2	3.244778E-5	-1.279140E+2	1.720506E-1	7.192387E-2
9.685546E-1	3.355456E-5	-1.309725E+2	2.915724E-5	-1.355761E+2	1.471013E-1	9.236612E-2
9.707031E-1	3.177762E-5	-1.339175E+2	3.472753E-5	-1.421121E+2	-9.428744E-2	1.304280E-1
9.728515E-1	3.183062E-5	-1.418721E+2	3.159647E-5	-1.409921E+2	7.291818E-3	-1.547211E-2
9.749999E-1	3.191980E-5	-1.544948E+2	3.440710E-5	-1.509641E+2	-7.405116E-2	-5.713147E-2
9.771484E-1	3.453123E-5	-1.544573E+2	4.332116E-5	-1.575540E+2	-2.040655E-1	4.306030E-2
9.792968E-1	2.814225E-5	-1.593411E+2	3.339262E-5	-1.647084E+2	-1.609266E-1	7.883266E-2
9.814452E-1	3.030140E-5	-1.725910E+2	2.828314E-5	-1.748209E+2	7.054783E-2	4.168580E-2
9.835937E-1	3.303744E-5	-1.696377E+2	3.685930E-5	1.785679E+2	-1.226113E-1	1.832066E-1
9.857421E-1	3.247920E-5	1.795508E+2	3.685239E-5	-1.787897E+2	-1.190374E-1	-2.552311E-2
9.878906E-1	3.412080E-5	1.655294E+2	3.977510E-5	1.716334E+2	-1.470203E-1	-9.121746E-2
9.900390E-1	3.596403E-5	1.625961E+2	3.464787E-5	1.589459E+2	3.588102E-2	6.608335E-2
9.921874E-1	3.772814E-5	1.576042E+2	3.434118E-5	1.646048E+2	9.043638E-2	-1.339003E-1
9.943359E-1	3.221706E-5	1.528601E+2	3.079671E-5	1.592763E+2	3.956767E-2	-1.169038E-1
9.964843E-1	3.920593E-5	1.464865E+2	4.072758E-5	1.455842E+2	-3.748103E-2	1.515910E-2
9.986327E-1	3.392218E-5	1.424865E+2	3.669044E-5	1.379828E+2	-7.830385E-2	7.259895E-2
1.000781E+0	3.528001E-5	1.362235E+2	3.542740E-5	1.332661E+2	-5.486627E-3	5.137880E-2
1.002930E+0	3.773965E-5	1.278891E+2	3.236677E-5	1.363569E+2	1.532891E-1	-1.716976E-1
1.005078E+0	3.194762E-5	1.167571E+2	3.255419E-5	1.202218E+2	-2.042635E-2	-5.930754E-2
1.007226E+0	3.658446E-5	1.179023E+2	3.906769E-5	1.200689E+2	-6.423168E-2	-3.540230E-2
1.009375E+0	3.041158E-5	1.073347E+2	3.117376E-5	1.148512E+2	-3.283209E-2	-1.276134E-1
1.011523E+0	3.835682E-5	1.080019E+2	3.647460E-5	9.927606E+1	3.943187E-2	1.595352E-1
1.013672E+0	3.341241E-5	9.485708E+1	3.693786E-5	1.024401E+2	-1.033534E-1	-1.193678E-1
1.015820E+0	2.973633E-5	9.524821E+1	3.527540E-5	9.978085E+1	-1.596600E-1	-6.661790E-2
1.017969E+0	3.333161E-5	8.786626E+1	3.461321E-5	8.669300E+1	-3.722822E-2	1.971767E-2
1.020117E+0	3.492678E-5	7.769720E+1	3.875444E-5	8.849856E+1	-1.147343E-1	-1.688952E-1
1.022266E+0	3.623703E-5	7.660949E+1	3.393156E-5	7.089284E+1	6.263346E-2	1.063768E-1
1.024414E+0	3.214857E-5	6.654821E+1	3.261914E-5	6.302787E+1	-1.628591E-2	6.051706E-2
1.026562E+0	3.004974E-5	6.334618E+1	3.458083E-5	6.228049E+1	-1.311793E-1	1.616176E-2
1.028711E+0	3.321223E-5	5.446638E+1	3.945412E-5	4.806852E+1	-1.634489E-1	9.380260E-2
1.030859E+0	3.744524E-5	5.460252E+1	3.338957E-5	4.763316E+1	1.131789E-1	1.360770E-1
1.033008E+0	3.323940E-5	5.140327E+1	3.756204E-5	3.872308E+1	-1.366628E-1	1.942478E-1
1.035156E+0	3.466639E-5	3.544331E+1	3.332459E-5	4.080013E+1	3.572132E-2	-9.711702E-2
1.037305E+0	3.688291E-5	3.219699E+1	3.335395E-5	3.839199E+1	9.934589E-2	-1.193301E-1
1.039453E+0	3.582117E-5	3.298549E+1	3.415536E-5	2.359301E+1	3.471129E-2	1.711558E-1
1.041601E+0	3.024470E-5	2.091289E+1	4.091059E-5	2.550408E+1	-2.630844E-1	-5.917678E-2
1.043750E+0	3.471912E-5	1.260499E+1	3.374050E-5	7.528452E+0	2.496792E-2	9.105291E-2
1.045898E+0	3.662143E-5	4.807657E+0	3.462762E-5	9.936418E+0	5.334439E-2	-9.454147E-2
1.048047E+0	2.977480E-5	1.268922E+1	4.114776E-5	5.438204E+0	-2.821801E-1	9.133116E-2
1.050195E+0	3.890368E-5	-5.941749E+0	3.609656E-5	-7.715940E+0	7.725029E-2	3.336823E-2
1.052344E+0	3.539209E-5	-1.322361E+0	3.795287E-5	-8.774785E+0	-7.534978E-2	1.209515E-1
1.054492E+0	3.318821E-5	-9.050776E+0	3.737828E-5	-1.612149E+1	-1.188516E-1	1.092955E-1
1.056641E+0	4.027875E-5	-2.126295E+1	3.683975E-5	-1.217719E+1	7.963208E-2	-1.726538E-1
1.058789E+0	3.686355E-5	-2.680279E+1	3.690777E-5	-2.316910E+1	-3.206078E-3	-6.330142E-2
1.060937E+0	3.379335E-5	-3.293287E+1	3.820584E-5	-3.724901E+1	-1.180010E-1	6.656770E-2
1.063086E+0	3.602833E-5	-3.972979E+1	3.481100E-5	-3.568980E+1	3.239792E-2	-7.291642E-2
1.065234E+0	4.092183E-5	-4.058118E+1	3.671450E-5	-4.817393E+1	1.048234E-1	1.472726E-1
1.067383E+0	3.874225E-5	-5.015990E+1	3.862458E-5	-5.582453E+1	-1.851679E-3	9.900617E-2
1.069531E+0	3.580930E-5	-5.834921E+1	3.677633E-5	-5.976625E+1	-2.659268E-2	2.407923E-2
1.071680E+0	3.396073E-5	-6.231557E+1	3.741054E-5	-6.839431E+1	-9.731912E-2	9.613000E-2
1.073828E+0	2.981361E-5	-6.305567E+1	3.947991E-5	-7.486953E+1	-2.608368E-1	1.546058E-1
1.075976E+0	3.936149E-5	-7.864234E+1	3.241001E-5	-8.640619E+1	2.033527E-1	1.640654E-1
1.078125E+0	3.666701E-5	-8.225549E+1	3.671961E-5	-7.932762E+1	-2.735978E-3	-5.100557E-2
1.080273E+0	3.653568E-5	-9.384740E+1	4.045840E-5	-8.920954E+1	-9.991374E-2	-7.301786E-2
1.082422E+0	3.434159E-5	-1.030243E+2	3.922066E-5	-9.622353E+1	-1.305613E-1	-1.036861E-1
1.084570E+0	4.029230E-5	-1.027620E+2	4.135738E-5	-1.052957E+2	-2.670551E-2	4.306853E-2
1.086719E+0	3.267933E-5	-1.069247E+2	3.403880E-5	-1.081736E+2	-4.016690E-2	2.092520E-2
1.088867E+0	3.685807E-5	-1.100793E+2	3.480871E-5	-1.156193E+2	5.392896E-2	1.022245E-1
1.091016E+0	3.765950E-5	-1.217444E+2	3.907349E-5	-1.222094E+2	-3.621970E-2	7.822002E-3
1.093164E+0	3.188317E-5	-1.185706E+2	3.751600E-5	-1.343057E+2	-1.819924E-1	2.304724E-1
1.095312E+0	2.279696E-5	-1.265413E+2	4.024457E-5	-1.311553E+2	-4.353752E-1	4.556749E-2
1.097461E+0	2.874289E-5	-1.393428E+2	4.153417E-5	-1.432769E+2	-3.096007E-1	4.747952E-2
1.099609E+0	3.001941E-5	-1.455468E+2	3.509797E-5	-1.466441E+2	-1.448535E-1	1.637934E-2
1.101758E+0	2.884377E-5	-1.526736E+2	3.721246E-5	-1.472166E+2	-2.284024E-1	-7.371200E-2
1.103906E+0	2.880576E-5	-1.536708E+2	4.066436E-5	-1.466527E+2	-2.969289E-1	-8.655174E-2
1.106055E+0	2.291612E-5	-1.558440E+2	3.614025E-5	-1.601709E+2	-3.677187E-1	4.784001E-2
1.108203E+0	2.857703E-5	-1.635365E+2	3.729010E-5	-1.665064E+2	-2.346857E-1	3.970528E-2
1.110351E+0	2.699413E-5	-1.708594E+2	4.076110E-5	-1.667867E+2	-3.394201E-1	-4.703460E-2
1.112500E+0	2.175665E-5	-1.590514E+2	4.198052E-5	1.758248E+2	-5.307750E-1	2.200388E-1
1.114648E+0	2.964957E-5	-1.609178E+2	4.026004E-5	-1.770540E+2	-2.925619E-1	2.046758E-1
1.116797E+0	2.899926E-5	-1.640845E+2	3.798875E-5	1.679179E+2	-3.259742E-1	3.583497E-1
1.118945E+0	2.977710E-5	-1.658462E+2	3.983366E-5	1.604216E+2	-3.783174E-1	4.151157E-1
1.121094E+0	3.410928E-5	-1.673655E+2	3.950832E-5	1.593242E+2	-2.784958E-1	4.741254E-1
1.123242E+0	3.987982E-5	-1.735714E+2	3.607307E-5	1.495868E+2	-1.152517E-1	6.628835E-1
1.125391E+0	3.738141E-5	-1.746681E+2	3.731853E-5	1.449313E+2	-2.371853E-1	6.492199E-1
1.127539E+0	3.813598E-5	1.681423E+2	3.650830E-5	1.293096E+2	-1.862899E-1	6.550047E-1
1.129687E+0	4.197269E-5	1.699224E+2	3.843322E-5	1.324061E+2	-1.337727E-1	6.650712E-1
1.131836E+0	4.621130E-5	1.682680E+2	3.993092E-5	1.229612E+2	-1.860722E-1	8.226914E-1
1.133984E+0	4.843240E-5	1.657216E+2	3.684613E-5	1.215640E+2	-5.697888E-2	9.156911E-1
1.136133E+0	4.937563E-5	1.645668E+2	3.530682E-5	1.194308E+2	-1.348036E-2	9.912141E-1
1.138281E+0	6.207636E-5	1.622346E+2	3.683727E-5	1.142226E+2	1.273238E-1	1.252547E+0
1.140430E+0	7.867042E-5	1.548089E+2	3.440533E-5	1.045077E+2	4.605547E-1	1.759322E+0
1.142578E+0	9.942838E-5	1.431385E+2	3.968712E-5	9.858263E+1	7.851975E-1	1.757734E+0
1.144726E+0	1.277938E-4	1.265829E+2	3.491846E-5	8.734400E+1	1.834553E+0	2.315012E+0
1.146875E+0	1.568182E-4	1.071673E+2	4.109958E-5	8.104554E+1	2.425847E+0	1.679919E+0
1.149023E+0	1.801652E-4	8.483717E+1	4.029343E-5	7.456919E+1	3.399720E+0	7.970249E-1
1.151172E+0	1.998559E-4	5.885049E+1	4.053379E-5	6.468807E+1	3.905031E+0	-5.014855E-1
1.153320E+0	1.951002E-4	3.203653E+1	4.003031E-5	7.213623E+1	2.728099E+0	-3.139318E+0
1.155469E+0	1.858882E-4	8.079493E+0	4.015001E-5	5.294028E+1	2.281737E+0	-3.265829E+0
1.157617E+0	1.636564E-4	-1.894220E+1	3.742360E-5	5.242934E+1	3.968932E-1	-4.143974E+0
1.159766E+0	1.340942E-4	-4.428230E+1	4.472171E-5	5.064061E+1	-1.257310E+0	-2.987353E+0
1.161914E+0	1.107259E-4	-6.794286E+1	4.205807E-5	3.785275E+1	-1.716636E+0	-2.533278E+0
1.164062E+0	8.286848E-5	-9.491400E+1	4.037841E-5	4.180695E+1	-2.494120E+0	-1.406957E+0
1.166211E+0	6.366336E-5	-1.308963E+2	3.988606E-5	2.762478E+1	-2.485283E+0	-5.844374E-1
1.168359E+0	5.334160E-5	-1.667859E+2	3.519058E-5	2.084064E+1	-2.502384E+0	2.011691E-1
1.170508E+0	5.098223E-5	1.476758E+2	4.302157E-5	1.904769E+1	-1.739776E+0	9.257693E-1
1.172656E+0	5.684357E-5	1.197883E+2	4.387123E-5	1.198185E+1	-1.396226E+0	1.233621E+0
1.174805E+0	6.801407E-5	8.739219E+1	3.064915E-5	7.470960E+0	-6.116501E-1	2.184872E+0
1.176953E+0	9.079006E-5	6.245696E+1	3.215137E-5	-6.959219E+0	-7.204815E-3	2.643555E+0
1.179101E+0	1.081066E-4	4.042387E+1	3.574164E-5	-1.249849E+1	8.235624E-1	2.413139E+0
1.181250E+0	1.145481E-4	2.028838E+1	4.430108E-5	-1.468217E+1	1.118821E+0	1.481992E+0
1.183398E+0	1.369992E-4	-2.090424E+0	4.231447E-5	-1.838169E+1	2.107647E+0	9.082252E-1
1.185547E+0	1.518841E-4	-2.807038E+1	4.162277E-5	-2.914219E+1	2.648424E+0	6.825763E-2
1.187695E+0	1.625424E-4	-5.508537E+1	3.877832E-5	-2.958037E+1	2.783100E+0	-1.804852E+0
1.189844E+0	1.558612E-4	-8.229720E+1	3.967345E-5	-3.882191E+1	1.850873E+0	-2.703042E+0
1.191992E+0	1.376177E-4	-1.094748E+2	4.563079E-5	-4.641720E+1	3.664858E-1	-2.688558E+0
1.194141E+0	1.333720E-4	-1.405254E+2	4.323630E-5	-5.114714E+1	-9.665271E-1	-3.084541E+0
1.196289E+0	1.118257E-4	-1.771951E+2	4.220113E-5	-5.865783E+1	-2.265903E+0	-2.327890E+0
1.198437E+0	1.042098E-4	1.407910E+2	3.803456E-5	-6.493920E+1	-3.468208E+0	-1.189471E+0
1.200586E+0	9.525831E-5	9.369430E+1	4.290288E-5	-7.346829E+1	-3.164826E+0	4.933231E-1
1.202734E+0	1.049707E-4	4.862675E+1	4.613679E-5	-7.904839E+1	-2.390569E+0	1.800800E+0
1.204883E+0	1.217744E-4	9.220798E+0	4.022964E-5	-8.228619E+1	-1.079606E+0	3.025935E+0
1.207031E+0	1.411677E-4	-2.261875E+1	4.246770E-5	-8.697681E+1	4.384985E-1	2.996747E+0
1.209180E+0	1.499383E-4	-5.811697E+1	4.004578E-5	-9.358537E+1	2.049387E+0	2.172570E+0
1.211328E+0	1.605529E-4	-8.958429E+1	4.345482E-5	-1.000774E+2	2.632921E+0	6.728703E-1
1.213476E+0	1.531068E-4	-1.185570E+2	4.631602E-5	-1.102306E+2	2.270854E+0	-4.787052E-1
1.215625E+0	1.589508E-4	-1.509156E+2	4.064939E-5	-1.117835E+2	2.033182E+0	-2.467823E+0
1.217773E+0	1.396451E-4	1.767404E+2	3.954026E-5	-1.199259E+2	5.850125E-1	-3.156070E+0
1.219922E+0	1.136119E-4	1.399575E+2	4.319240E-5	-1.245333E+2	-1.252530E+0	-2.618218E+0
1.222070E+0	9.339147E-5	9.536525E+1	4.148287E-5	-1.307165E+2	-2.561590E+0	-1.621698E+0
1.224219E+0	8.494132E-5	5.300797E+1	3.989209E-5	-1.391136E+2	-3.081803E+0	-4.471198E-1
1.226367E+0	8.955222E-5	-1.647118E+0	3.866279E-5	-1.456889E+2	-2.874868E+0	1.360084E+0
1.228516E+0	1.206252E-4	-4.527502E+1	3.566037E-5	-1.506818E+2	-1.898659E+0	3.261054E+0
1.230664E+0	1.442891E-4	-8.645115E+1	4.069195E-5	-1.587895E+2	7.580593E-2	3.378752E+0
1.232812E+0	1.596298E-4	-1.218779E+2	3.895975E-5	-1.505208E+2	2.595890E+0	1.964037E+0
1.234961E+0	1.664876E-4	-1.521385E+2	4.177420E-5	-1.646039E+2	2.891467E+0	8.602522E-1
1.237109E+0	1.621575E-4	1.764033E+2	4.216302E-5	-1.715855E+2	2.761765E+0	-8.003564E-1
1.239258E+0	1.466553E-4	1.441926E+2	3.932608E-5	-1.732197E+2	1.745604E+0	-2.523625E+0
1.241406E+0	1.273812E-4	1.169764E+2	4.330214E-5	1.704985E+2	7.488683E-1	-2.365367E+0
1.243555E+0	8.911515E-5	8.317337E+1	4.738137E-5	1.712254E+2	-9.360678E-1	-1.879719E+0
1.245703E+0	5.772648E-5	4.779820E+1	4.500515E-5	1.652852E+2	-1.592010E+0	-1.137871E+0
1.247851E+0	2.927189E-5	-2.237190E+1	4.029469E-5	1.619898E+2	-1.724341E+0	5.524800E-2
1.250000E+0	2.297102E-5	-1.044814E+2	4.306177E-5	1.509172E+2	-1.134477E+0	5.162149E-1
1.252148E+0	4.717557E-5	-1.454942E+2	4.207346E-5	1.441361E+2	-6.233108E-1	1.056099E+0
1.254297E+0	5.942424E-5	-1.730081E+2	4.136769E-5	1.380471E+2	-5.653425E-2	1.083224E+0
1.256445E+0	6.905905E-5	1.648591E+2	4.418286E-5	1.317997E+2	3.099824E-1	8.526446E-1
1.258594E+0	7.049851E-5	1.370066E+2	4.621043E-5	1.259296E+2	4.971753E-1	2.931100E-1
1.260742E+0	6.983856E-5	1.196058E+2	4.228896E-5	1.183946E+2	6.510918E-1	3.490834E-2
1.262890E+0	6.703320E-5	1.004436E+2	4.418367E-5	1.148685E+2	4.693206E-1	-3.779381E-1
1.265039E+0	5.766756E-5	8.744982E+1	4.484623E-5	1.064744E+2	2.156583E-1	-4.191681E-1
1.267187E+0	4.730736E-5	7.443909E+1	4.742781E-5	9.992036E+1	-9.956664E-2	-4.291234E-1
1.269336E+0	3.780387E-5	7.545872E+1	4.031053E-5	9.041499E+1	-9.395407E-2	-2.420333E-1
1.271484E+0	3.431249E-5	8.200622E+1	4.381740E-5	8.844457E+1	-2.218597E-1	-8.780985E-2
1.273633E+0	3.557767E-5	7.688713E+1	3.800676E-5	8.439534E+1	-7.193793E-2	-1.223170E-1
1.275781E+0	3.599674E-5	8.474678E+1	4.769054E-5	7.435709E+1	-2.575774E-1	1.361220E-1
1.277930E+0	3.452121E-5	8.269653E+1	4.617959E-5	6.986412E+1	-2.711281E-1	1.660293E-1
1.280078E+0	4.109766E-5	7.958793E+1	4.565353E-5	7.378545E+1	-1.044046E-1	9.101042E-2
1.282226E+0	4.332638E-5	7.931640E+1	3.673665E-5	6.314081E+1	1.326889E-1	3.285533E-1
1.284375E+0	5.512014E-5	6.496986E+1	3.971771E-5	4.543637E+1	3.079245E-1	4.640209E-1
1.286523E+0	5.663449E-5	5.531375E+1	4.232676E-5	4.794448E+1	3.269784E-1	1.716207E-1
1.288672E+0	5.928239E-5	4.421355E+1	4.793049E-5	4.106467E+1	2.349735E-1	6.794049E-2
1.290820E+0	5.503384E-5	3.476880E+1	4.007378E-5	3.612825E+1	3.729264E-1	-3.258137E-2
1.292969E+0	5.279436E-5	2.485098E+1	4.516321E-5	2.299402E+1	1.683544E-1	3.787971E-2
1.295117E+0	4.348950E-5	9.574553E+0	4.742089E-5	2.095536E+1	-1.009367E-1	-1.809696E-1
1.297265E+0	4.113108E-5	6.369216E+0	4.563445E-5	2.101173E+1	-1.279566E-1	-2.278414E-1
1.299414E+0	3.760422E-5	1.120339E+0	4.337290E-5	9.964827E+0	-1.433112E-1	-1.333036E-1
1.301562E+0	3.933965E-5	8.270088E-1	4.316532E-5	1.011685E+1	-1.005816E-1	-1.471217E-1
1.303711E+0	3.400174E-5	5.464746E+0	4.125726E-5	1.073738E+0	-1.782795E-1	6.309823E-2
1.305859E+0	4.001492E-5	-3.989534E+0	4.560862E-5	2.667300E+0	-1.285606E-1	-1.017051E-1
1.308008E+0	4.438210E-5	-4.115862E+0	4.956107E-5	-1.774657E+1	-1.297187E-1	2.110370E-1
1.310156E+0	4.538450E-5	-4.933238E+0	4.489641E-5	-2.293666E+1	-3.862276E-2	3.124339E-1
1.312305E+0	4.683657E-5	-2.362269E+1	4.192903E-5	-2.512757E+1	1.166587E-1	2.933591E-2
1.314453E+0	5.138287E-5	-2.677774E+1	4.762345E-5	-2.880437E+1	7.826564E-2	3.815564E-2
1.316601E+0	4.832845E-5	-3.848026E+1	4.900163E-5	-3.791467E+1	-1.378596E-2	-9.735637E-3
1.318750E+0	5.121830E-5	-4.531995E+1	4.858383E-5	-3.797940E+1	4.558509E-2	-1.346947E-1
1.320898E+0	4.975074E-5	-5.490022E+1	4.519538E-5	-4.866421E+1	9.427909E-2	-1.195727E-1
1.323047E+0	5.112213E-5	-6.246095E+1	4.294602E-5	-5.425876E+1	1.782044E-1	-1.698278E-1
1.325195E+0	5.410972E-5	-6.792473E+1	3.906452E-5	-6.152011E+1	3.764925E-1	-1.545108E-1
1.327344E+0	5.066931E-5	-7.255320E+1	4.510581E-5	-6.974983E+1	1.219990E-1	-5.494106E-2
1.329492E+0	5.007024E-5	-8.569084E+1	5.032003E-5	-7.636458E+1	-1.811686E-2	-1.612517E-1
1.331640E+0	4.056012E-5	-8.312335E+1	5.059717E-5	-7.271987E+1	-2.115501E-1	-1.447571E-1
1.333789E+0	3.709179E-5	-9.266641E+1	4.559695E-5	-8.936837E+1	-1.878764E-1	-4.679888E-2
1.335937E+0	3.004413E-5	-9.897611E+1	4.384441E-5	-9.224472E+1	-3.194794E-1	-8.032079E-2
1.338086E+0	2.437184E-5	-8.968311E+1	4.650040E-5	-1.008132E+2	-4.857369E-1	1.011749E-1
1.340234E+0	3.125974E-5	-5.964939E+1	4.750308E-5	-1.056287E+2	-5.427042E-1	4.732016E-1
1.342383E+0	6.947204E-5	-7.270434E+1	4.630696E-5	-1.100810E+2	1.921920E-1	9.107303E-1
1.344531E+0	1.049314E-4	-1.060079E+2	4.166564E-5	-1.158225E+2	1.481557E+0	4.292906E-1
1.346680E+0	1.212018E-4	-1.472704E+2	4.516793E-5	-1.228645E+2	1.443578E+0	-1.108759E+0
1.348828E+0	1.099096E-4	1.707949E+2	4.340000E-5	-1.276674E+2	2.069300E-1	-2.226381E+0
1.350976E+0	7.675275E-5	1.174133E+2	4.210198E-5	-1.276112E+2	-1.769735E+0	-1.652546E+0
1.353125E+0	5.508081E-5	4.011334E+1	4.568424E-5	-1.374127E+2	-2.204561E+0	5.204380E-2
1.355273E+0	7.826892E-5	-4.244360E+1	4.625932E-5	-1.447429E+2	-1.360419E+0	1.653126E+0
1.357422E+0	1.104485E-4	-9.612573E+1	5.082064E-5	-1.577319E+2	3.346825E-2	1.911852E+0
1.359570E+0	1.325273E-4	-1.425821E+2	4.951680E-5	-1.583134E+2	1.576163E+0	7.256454E-1
1.361719E+0	1.294310E-4	-1.784625E+2	4.638935E-5	-1.638060E+2	1.699312E+0	-7.059613E-1
1.363867E+0	1.130511E-4	1.482921E+2	4.257399E-5	-1.709791E+2	1.012282E+0	-1.732596E+0
1.366015E+0	8.697058E-5	1.036840E+2	4.683297E-5	-1.792253E+2	-5.851224E-1	-1.810101E+0
1.368164E+0	3.695534E-5	4.441275E+1	4.957275E-5	1.742493E+2	-1.477552E+0	-5.724331E-1
1.370312E+0	2.886750E-5	-7.401524E+1	5.463658E-5	1.752933E+2	-1.186686E+0	4.942742E-1
1.372461E+0	6.053862E-5	-1.376939E+2	4.594586E-5	1.632870E+2	-3.217584E-1	1.129636E+0
1.374609E+0	6.681736E-5	-1.724505E+2	4.499369E-5	1.615050E+2	3.342377E-1	6.520345E-1
1.376758E+0	6.965538E-5	1.606789E+2	4.624857E-5	1.491629E+2	4.757893E-1	3.006819E-1
1.378906E+0	6.278875E-5	1.440810E+2	4.277801E-5	1.468581E+2	4.660572E-1	-7.111481E-2
1.381055E+0	5.250277E-5	1.245219E+2	4.603934E-5	1.344890E+2	1.231777E-1	-1.973816E-1
1.383203E+0	4.589462E-5	1.294257E+2	4.609782E-5	1.348853E+2	-8.924488E-3	-9.472447E-2
1.385351E+0	4.720362E-5	1.284526E+2	4.971385E-5	1.203656E+2	-5.993584E-2	1.335733E-1
1.387500E+0	4.559782E-5	1.194735E+2	4.872592E-5	1.250371E+2	-6.860625E-2	-9.072659E-2
1.389648E+0	4.587709E-5	1.225455E+2	4.476866E-5	1.118825E+2	7.064024E-3	1.896133E-1
1.391797E+0	4.819792E-5	1.206402E+2	4.113715E-5	1.100859E+2	1.518177E-1	2.146061E-1
1.393945E+0	4.973591E-5	1.084578E+2	5.229454E-5	9.978252E+1	-5.980846E-2	1.434544E-1
1.396094E+0	4.959205E-5	1.040098E+2	5.175018E-5	9.810310E+1	-4.679065E-2	9.861726E-2
1.398242E+0	5.224991E-5	1.007218E+2	4.997011E-5	9.455407E+1	3.957082E-2	1.123412E-1
1.400390E+0	5.443413E-5	8.473028E+1	4.657396E-5	8.576939E+1	1.685753E-1	-2.119548E-2
1.402539E+0	5.068587E-5	8.568442E+1	4.576347E-5	6.936374E+1	6.293138E-2	3.112394E-1
1.404687E+0	5.489160E-5	6.929308E+1	4.989664E-5	7.442828E+1	9.569060E-2	-9.846632E-2
1.406836E+0	6.225931E-5	6.045612E+1	4.992325E-5	6.627441E+1	2.406759E-1	-1.264234E-1
1.408984E+0	5.920309E-5	5.575460E+1	4.352973E-5	6.160317E+1	3.529815E-1	-1.385897E-1
1.411133E+0	4.804067E-5	5.025922E+1	4.715379E-5	5.268756E+1	1.789335E-2	-4.316674E-2
1.413281E+0	4.595659E-5	4.132170E+1	4.521688E-5	5.054030E+1	3.232177E-3	-1.628224E-1
1.415430E+0	4.551248E-5	3.676326E+1	5.075196E-5	4.022954E+1	-1.048776E-1	-5.421928E-2
1.417578E+0	4.805129E-5	4.152059E+1	4.818544E-5	3.650494E+1	-6.602521E-3	8.718444E-2
1.419726E+0	5.160109E-5	3.596425E+1	4.284553E-5	3.356673E+1	2.032975E-1	5.038093E-2
1.421875E+0	5.049236E-5	2.693402E+1	4.827634E-5	2.119520E+1	4.066080E-2	1.045839E-1
1.424023E+0	5.339108E-5	2.345556E+1	4.358595E-5	2.111760E+1	2.239411E-1	4.997078E-2
1.426172E+0	5.048928E-5	1.445385E+1	5.037061E-5	1.779875E+1	6.483236E-4	-5.848382E-2
1.428320E+0	4.818005E-5	9.304968E+0	4.991468E-5	1.365016E+1	-3.752633E-2	-7.313225E-2
1.430469E+0	4.840766E-5	2.815271E+0	5.439008E-5	9.152294E+0	-1.154291E-1	-9.823613E-2
1.432617E+0	4.527573E-5	-1.048752E+1	4.766099E-5	1.084221E+0	-6.935485E-2	-1.905557E-1
1.434765E+0	4.748875E-5	-8.092300E+0	4.954848E-5	-1.778839E+1	-5.526120E-2	1.614208E-1
1.436914E+0	5.265721E-5	-1.249099E+1	4.945757E-5	-1.904929E+1	5.772745E-2	1.216032E-1
1.439062E+0	5.211897E-5	-2.131327E+1	5.175177E-5	-1.843882E+1	5.828301E-3	-5.050339E-2
1.441211E+0	4.961588E-5	-2.929473E+1	4.946815E-5	-2.945972E+1	2.982207E-3	2.888214E-3
1.443359E+0	4.914784E-5	-3.789965E+1	5.730961E-5	-3.694596E+1	-1.425342E-1	-1.427386E-2
1.445508E+0	4.548452E-5	-3.348991E+1	5.719917E-5	-3.886577E+1	-2.083022E-1	7.450095E-2
1.447656E+0	4.848807E-5	-4.538254E+1	5.161567E-5	-4.553476E+1	-6.059732E-2	2.495755E-3
1.449805E+0	5.080970E-5	-4.830335E+1	5.240556E-5	-5.365365E+1	-3.467622E-2	9.040520E-2
1.451953E+0	4.603531E-5	-6.003417E+1	5.083144E-5	-6.144994E+1	-9.463008E-2	2.237611E-2
1.454101E+0	4.610911E-5	-5.896103E+1	5.424143E-5	-6.863462E+1	-1.620153E-1	1.428418E-1
1.456250E+0	5.412016E-5	-6.926399E+1	5.031155E-5	-7.118517E+1	7.509585E-2	3.606247E-2
1.458398E+0	6.560043E-5	-7.076244E+1	5.731684E-5	-7.411455E+1	1.425646E-1	6.692252E-2
1.460547E+0	6.235427E-5	-9.476451E+1	5.428155E-5	-8.353010E+1	1.267080E-1	-2.237975E-1
1.462695E+0	4.711879E-5	-1.107644E+2	5.087056E-5	-9.369646E+1	-1.145457E-1	-2.718591E-1
1.464844E+0	3.104598E-5	-1.038028E+2	5.340187E-5	-1.010952E+2	-4.192840E-1	-2.746307E-2
1.466992E+0	4.119684E-5	-7.968899E+1	4.940943E-5	-1.031225E+2	-2.349838E-1	3.315834E-1
1.469140E+0	6.630126E-5	-9.584171E+1	5.704475E-5	-1.119440E+2	1.166695E-1	3.223584E-1
1.471289E+0	7.277424E-5	-1.125844E+2	5.214150E-5	-1.105763E+2	3.948496E-1	-4.890665E-2
1.473437E+0	7.120353E-5	-1.317677E+2	4.319048E-5	-1.276411E+2	6.443192E-1	-1.186336E-1
1.475586E+0	5.678426E-5	-1.532378E+2	5.488973E-5	-1.284666E+2	-6.067240E-2	-4.334575E-1
1.477734E+0	3.911033E-5	-1.526054E+2	4.892089E-5	-1.356276E+2	-2.353814E-1	-2.334434E-1
1.479883E+0	3.579642E-5	-1.378953E+2	5.333459E-5	-1.419875E+2	-3.305441E-1	4.789559E-2
1.482031E+0	4.974682E-5	-1.313255E+2	4.678683E-5	-1.449203E+2	3.347524E-2	2.499247E-1
1.484180E+0	5.701115E-5	-1.432798E+2	5.357208E-5	-1.531886E+2	4.832050E-2	1.831271E-1
1.486328E+0	5.618767E-5	-1.608645E+2	4.838359E-5	-1.658384E+2	1.569229E-1	1.006866E-1
1.488476E+0	5.675921E-5	-1.675008E+2	4.832300E-5	-1.662708E+2	1.743090E-1	-2.521341E-2
1.490625E+0	5.063726E-5	1.759981E+2	4.926783E-5	-1.764908E+2	1.897668E-2	-1.343517E-1
1.492773E+0	4.530575E-5	-1.797805E+2	4.977775E-5	-1.775875E+2	-9.050594E-2	-3.482796E-2
1.494922E+0	4.986116E-5	1.786354E+2	4.953814E-5	1.770018E+2	6.111551E-3	2.869372E-2
1.497070E+0	4.746212E-5	1.695323E+2	5.147482E-5	1.691645E+2	-7.797362E-2	5.918865E-3
1.499219E+0	4.724552E-5	1.662517E+2	5.090061E-5	1.638806E+2	-7.260307E-2	3.840086E-2
1.501367E+0	5.017049E-5	1.607971E+2	5.411189E-5	1.558654E+2	-7.627043E-2	7.970641E-2
1.503515E+0	5.177802E-5	1.532689E+2	5.356157E-5	1.566453E+2	-3.497709E-2	-5.693404E-2
1.505664E+0	5.228833E-5	1.526712E+2	4.901058E-5	1.514797E+2	6.664774E-2	2.218478E-2
1.507812E+0	5.296497E-5	1.510497E+2	5.350847E-5	1.402709E+2	-2.762154E-2	1.851183E-1
1.509961E+0	5.962635E-5	1.334256E+2	4.546208E-5	1.365338E+2	3.096329E-1	-7.111516E-2
1.512109E+0	5.041566E-5	1.352270E+2	5.229380E-5	1.294578E+2	-4.079835E-2	9.691123E-2
1.514258E+0	4.563107E-5	1.265653E+2	5.303562E-5	1.237368E+2	-1.406629E-1	4.245708E-2
1.516406E+0	4.998686E-5	1.171259E+2	4.757934E-5	1.148844E+2	4.979625E-2	4.109063E-2
1.518554E+0	4.415074E-5	1.139447E+2	5.583433E-5	1.148294E+2	-2.093489E-1	-1.220936E-2
1.520703E+0	4.425214E-5	1.021402E+2	4.568952E-5	1.082412E+2	-3.694546E-2	-1.029378E-1
1.522851E+0	4.634514E-5	9.974103E+1	5.031307E-5	1.068210E+2	-8.588837E-2	-1.135341E-1
1.525000E+0	5.326219E-5	9.289902E+1	5.124989E-5	9.110909E+1	3.875738E-2	3.246152E-2
1.527148E+0	5.783088E-5	8.199456E+1	5.174244E-5	8.472170E+1	1.164024E-1	-5.317821E-2
1.529297E+0	5.012693E-5	7.790611E+1	5.451474E-5	7.780027E+1	-8.049008E-2	1.698573E-3
1.531445E+0	5.304066E-5	7.547381E+1	4.610603E-5	7.297559E+1	1.493128E-1	5.014431E-2
1.533594E+0	4.939479E-5	6.678767E+1	5.480681E-5	6.276735E+1	-1.009650E-1	6.318706E-2
1.535742E+0	5.328395E-5	6.350129E+1	4.929968E-5	6.465724E+1	8.059740E-2	-2.180416E-2
1.537890E+0	5.022518E-5	5.090069E+1	5.564063E-5	6.070256E+1	-1.105059E-1	-1.536722E-1
1.540039E+0	5.122014E-5	4.482653E+1	4.881732E-5	5.773295E+1	2.271332E-2	-2.343532E-1
1.542187E+0	5.165240E-5	4.509423E+1	5.416752E-5	4.497162E+1	-4.643444E-2	2.040584E-3
1.544336E+0	4.980559E-5	3.818027E+1	5.706828E-5	3.623296E+1	-1.277672E-1	2.965597E-2
1.546484E+0	4.052446E-5	3.805518E+1	5.056688E-5	2.749097E+1	-2.121805E-1	1.469271E-1
1.548633E+0	5.119110E-5	2.595874E+1	4.771220E-5	2.661322E+1	7.284427E-2	-1.225545E-2
1.550781E+0	4.795123E-5	2.381386E+1	4.693700E-5	1.878117E+1	1.766983E-2	8.961968E-2
1.552929E+0	5.410755E-5	1.664402E+1	5.233164E-5	1.305867E+1	3.191201E-2	6.465751E-2
1.555078E+0	5.357288E-5	1.377792E+1	5.772643E-5	9.439315E+0	-7.461174E-2	7.020736E-2
1.557226E+0	5.469790E-5	9.220608E+0	5.203839E-5	6.540064E+0	4.995659E-2	4.915737E-2
1.559375E+0	5.544808E-5	-7.314996E+0	5.217520E-5	-6.079958E+0	6.248177E-2	-2.290585E-2
1.561523E+0	4.539799E-5	-1.379599E+1	5.258055E-5	-8.375501E+0	-1.404620E-1	-8.156039E-2
1.563672E+0	4.391421E-5	-9.938741E+0	4.978742E-5	-1.872319E+1	-1.283121E-1	1.347022E-1
1.565820E+0	4.409431E-5	-1.158389E+1	5.215238E-5	-1.754552E+1	-1.590828E-1	8.781463E-2
1.567969E+0	6.243016E-5	-2.170382E+1	5.439254E-5	-2.403464E+1	1.468210E-1	4.667899E-2
1.570117E+0	6.677851E-5	-2.934184E+1	5.125130E-5	-3.423807E+1	2.982076E-1	1.112096E-1
1.572265E+0	6.536864E-5	-5.187560E+1	5.318653E-5	-3.687171E+1	1.871447E-1	-3.181809E-1
1.574414E+0	5.168647E-5	-5.527894E+1	5.785220E-5	-4.539063E+1	-1.198496E-1	-1.534258E-1
1.576562E+0	4.062095E-5	-5.502729E+1	5.515065E-5	-4.811748E+1	-2.688044E-1	-8.861141E-2
1.578711E+0	5.272388E-5	-4.606587E+1	5.126382E-5	-5.909957E+1	1.985134E-3	2.319473E-1
1.580859E+0	6.800496E-5	-5.447420E+1	5.457481E-5	-6.864604E+1	2.081633E-1	3.050806E-1
1.583008E+0	7.157254E-5	-7.113101E+1	5.839077E-5	-7.563157E+1	2.219714E-1	9.618325E-2
1.585156E+0	6.069906E-5	-8.346587E+1	6.079362E-5	-7.779760E+1	-6.437401E-3	-9.861505E-2
1.587304E+0	5.406854E-5	-8.778233E+1	5.564055E-5	-8.302058E+1	-3.160694E-2	-8.066723E-2
1.589453E+0	5.385953E-5	-8.355777E+1	5.918178E-5	-8.804594E+1	-9.272127E-2	7.121590E-2
1.591601E+0	5.484110E-5	-8.955766E+1	5.329353E-5	-9.760694E+1	1.890052E-2	1.440909E-1
1.593750E+0	5.828121E-5	-1.011544E+2	5.310128E-5	-1.064127E+2	9.292927E-2	1.005858E-1
1.595898E+0	5.875943E-5	-1.066239E+2	5.584783E-5	-1.089579E+2	5.126168E-2	4.284788E-2
1.598047E+0	6.217323E-5	-1.156019E+2	5.499531E-5	-1.168896E+2	1.302333E-1	2.540582E-2
1.600195E+0	5.564423E-5	-1.288915E+2	5.748495E-5	-1.235361E+2	-3.624621E-2	-9.034471E-2
1.602344E+0	5.524178E-5	-1.316874E+2	6.127555E-5	-1.328876E+2	-9.866724E-2	1.888338E-2
1.604492E+0	5.540917E-5	-1.386007E+2	6.088697E-5	-1.316862E+2	-9.658546E-2	-1.095572E-1
1.606640E+0	5.500171E-5	-1.421027E+2	5.570904E-5	-1.420565E+2	-1.269718E-2	-7.961040E-4
1.608789E+0	5.852632E-5	-1.455026E+2	4.988504E-5	-1.460678E+2	1.731668E-1	1.157320E-2
1.610937E+0	6.034339E-5	-1.543501E+2	5.450549E-5	-1.519770E+2	1.061572E-1	-4.584149E-2
1.613086E+0	5.533896E-5	-1.550069E+2	5.257009E-5	-1.533556E+2	5.223291E-2	-3.033441E-2
1.615234E+0	5.670165E-5	-1.606956E+2	5.356041E-5	-1.705863E+2	4.291408E-2	1.818432E-1
1.617383E+0	5.167682E-5	-1.738141E+2	5.824673E-5	-1.706196E+2	-1.141731E-1	-4.944011E-2
1.619531E+0	5.159296E-5	-1.765528E+2	5.377427E-5	-1.783365E+2	-4.102908E-2	2.986379E-2
1.621679E+0	5.691051E-5	1.789877E+2	5.080832E-5	-1.783285E+2	1.188736E-1	-5.244769E-2
1.623828E+0	5.278082E-5	1.711495E+2	6.105383E-5	1.764037E+2	-1.391360E-1	-7.916593E-2
1.625976E+0	5.380694E-5	1.712531E+2	5.431188E-5	1.723820E+2	-9.489339E-3	-1.951858E-2
1.628125E+0	5.564840E-5	1.550392E+2	4.564730E-5	1.602344E+2	2.140870E-1	-1.103880E-1
1.630273E+0	5.131050E-5	1.594673E+2	5.005705E-5	1.494829E+2	9.516187E-3	1.777215E-1
1.632422E+0	5.757994E-5	1.461505E+2	5.042765E-5	1.486192E+2	1.407730E-1	-4.918286E-2
1.634570E+0	5.544959E-5	1.457675E+2	5.559206E-5	1.447503E+2	-2.719961E-3	1.770706E-2
1.636719E+0	5.360632E-5	1.405649E+2	4.995034E-5	1.305240E+2	5.675479E-2	1.871123E-1
1.638867E+0	5.634673E-5	1.271980E+2	5.566870E-5	1.272139E+2	1.217970E-2	-2.808873E-4
1.641015E+0	5.824314E-5	1.266189E+2	4.922639E-5	1.280047E+2	1.828230E-1	-2.861425E-2
1.643164E+0	5.285709E-5	1.175083E+2	5.996651E-5	1.174685E+2	-1.185567E-1	6.122868E-4
1.645312E+0	5.482836E-5	1.120347E+2	5.588968E-5	1.123319E+2	-1.900275E-2	-5.088595E-3
1.647461E+0	5.481462E-5	1.069128E+2	5.784263E-5	1.083901E+2	-5.266409E-2	-2.443129E-2
1.649609E+0	5.088938E-5	9.815823E+1	6.002121E-5	9.844283E+1	-1.521538E-1	-4.211462E-3
1.651758E+0	5.993792E-5	9.731015E+1	5.999614E-5	9.637089E+1	-1.104631E-3	1.637654E-2
1.653906E+0	5.896952E-5	9.100196E+1	5.999202E-5	8.429575E+1	-2.376932E-2	1.147880E-1
1.656054E+0	5.795700E-5	8.446899E+1	5.806653E-5	7.905145E+1	-6.344750E-3	9.423499E-2
1.658203E+0	6.412520E-5	7.271047E+1	5.764692E-5	6.721281E+1	1.072618E-1	1.065715E-1
1.660351E+0	6.092654E-5	6.592986E+1	5.460440E-5	7.323863E+1	1.067150E-1	-1.419456E-1
1.662500E+0	6.140285E-5	5.816914E+1	5.731405E-5	6.697000E+1	5.872640E-2	-1.639158E-1
1.664648E+0	5.659466E-5	5.872891E+1	5.768796E-5	4.977549E+1	-3.090584E-2	1.526819E-1
1.666797E+0	5.200517E-5	5.419212E+1	5.479932E-5	4.648236E+1	-5.956749E-2	1.273146E-1
1.668945E+0	6.164509E-5	4.303569E+1	5.723448E-5	4.668837E+1	7.487414E-2	-6.861760E-2
1.671094E+0	5.973980E-5	3.531873E+1	5.988189E-5	3.623572E+1	-2.500603E-3	-1.596584E-2
1.673242E+0	5.867320E-5	2.799414E+1	5.943779E-5	3.344047E+1	-1.732009E-2	-9.369237E-2
1.675390E+0	5.038003E-5	2.405086E+1	5.039622E-5	2.142122E+1	-1.373947E-3	4.586503E-2
1.677539E+0	5.533196E-5	1.948149E+1	5.571574E-5	1.553492E+1	-9.243179E-3	6.835210E-2
1.679687E+0	5.794555E-5	1.172164E+1	5.831051E-5	1.346548E+1	-6.719139E-3	-3.024059E-2
1.681836E+0	6.008257E-5	2.740986E+0	5.645409E-5	1.293526E+1	4.747175E-2	-1.883618E-1
1.683984E+0	5.801357E-5	1.009896E+0	5.840922E-5	6.776969E+0	-1.180085E-2	-9.980388E-2
1.686133E+0	5.498421E-5	-5.648369E+0	5.857562E-5	-5.459636E+0	-6.131746E-2	-3.092043E-3
1.688281E+0	5.909237E-5	-8.326169E+0	5.190062E-5	-1.192350E+1	1.363243E-1	7.143832E-2
1.690429E+0	4.949714E-5	-1.700243E+1	5.303173E-5	-1.678428E+1	-6.665724E-2	-3.553660E-3
1.692578E+0	5.344937E-5	-2.541031E+1	5.275253E-5	-1.452719E+1	-5.013600E-3	-1.913002E-1
1.694726E+0	5.126181E-5	-2.897840E+1	5.952085E-5	-2.665635E+1	-1.394660E-1	-3.489433E-2
1.696875E+0	5.639512E-5	-3.377551E+1	5.852011E-5	-3.495721E+1	-3.651709E-2	1.987423E-2
1.699023E+0	5.449724E-5	-3.689925E+1	5.190641E-5	-4.131276E+1	4.680011E-2	8.079517E-2
1.701172E+0	5.724494E-5	-4.023673E+1	5.682181E-5	-4.253055E+1	6.639364E-3	4.032206E-2
1.703320E+0	6.169785E-5	-5.223837E+1	5.909547E-5	-5.305981E+1	4.392958E-2	1.496767E-2
1.705469E+0	6.108217E-5	-5.745337E+1	5.644975E-5	-6.356332E+1	7.591604E-2	1.151712E-1
1.707617E+0	5.942423E-5	-5.893959E+1	5.524899E-5	-6.511704E+1	6.932592E-2	1.157402E-1
1.709765E+0	6.032985E-5	-6.921510E+1	5.941108E-5	-6.533866E+1	1.314141E-2	-6.865052E-2
1.711914E+0	5.629916E-5	-7.553324E+1	6.040744E-5	-7.257924E+1	-6.924790E-2	-4.802937E-2
1.714062E+0	5.467649E-5	-8.252172E+1	5.976240E-5	-8.301292E+1	-8.513579E-2	7.843375E-3
1.716211E+0	5.748160E-5	-8.160996E+1	6.306208E-5	-8.744550E+1	-9.321544E-2	9.267613E-2
1.718359E+0	5.876275E-5	-9.262673E+1	6.056431E-5	-9.189654E+1	-2.982502E-2	-1.236479E-2
1.720508E+0	6.433656E-5	-1.005971E+2	6.248391E-5	-1.043060E+2	2.749352E-2	6.660530E-2
1.722656E+0	5.796699E-5	-1.064682E+2	6.068550E-5	-1.049635E+2	-4.512608E-2	-2.508264E-2
1.724804E+0	6.026843E-5	-1.153923E+2	6.516596E-5	-1.125254E+2	-7.631225E-2	-4.625703E-2
1.726953E+0	6.206051E-5	-1.206621E+2	5.957652E-5	-1.203590E+2	4.167953E-2	-5.510633E-3
1.729101E+0	6.258485E-5	-1.258570E+2	6.352026E-5	-1.284368E+2	-1.572474E-2	4.434796E-2
1.731250E+0	6.501900E-5	-1.288938E+2	5.907333E-5	-1.333199E+2	9.736651E-2	8.494061E-2
1.733398E+0	6.374303E-5	-1.407232E+2	6.403642E-5	-1.432674E+2	-5.562821E-3	4.418670E-2
1.735547E+0	5.321145E-5	-1.473079E+2	5.796603E-5	-1.461655E+2	-8.220602E-2	-1.830199E-2
1.737695E+0	6.201837E-5	-1.471091E+2	5.525024E-5	-1.505548E+2	1.204703E-1	6.746510E-2
1.739844E+0	5.960897E-5	-1.529459E+2	5.793227E-5	-1.575037E+2	2.568857E-2	8.176465E-2
1.741992E+0	6.184773E-5	-1.700186E+2	5.684870E-5	-1.631141E+2	8.004588E-2	-1.307860E-1
1.744140E+0	5.967643E-5	-1.715350E+2	6.542499E-5	-1.707475E+2	-8.795105E-2	-1.253642E-2
1.746289E+0	5.458058E-5	-1.751839E+2	5.898576E-5	-1.748709E+2	-7.469590E-2	-5.054876E-3
1.748437E+0	6.300936E-5	1.788188E+2	5.428417E-5	1.793784E+2	1.606764E-1	-1.133653E-2
1.750586E+0	6.459921E-5	1.689775E+2	5.690828E-5	1.675310E+2	1.347843E-1	2.865507E-2
1.752734E+0	5.335479E-5	1.611412E+2	5.354525E-5	1.648508E+2	-5.644747E-3	-6.446937E-2
1.754883E+0	5.241718E-5	1.589543E+2	5.520035E-5	1.580114E+2	-5.054801E-2	1.562627E-2
1.757031E+0	5.519583E-5	1.575700E+2	5.021165E-5	1.488668E+2	8.660588E-2	1.663362E-1
1.759179E+0	5.680897E-5	1.487316E+2	5.064213E-5	1.467760E+2	1.211196E-1	3.828054E-2
1.761328E+0	6.485226E-5	1.413824E+2	5.980163E-5	1.394852E+2	8.386193E-2	3.590238E-2
1.763476E+0	5.435957E-5	1.356273E+2	4.755263E-5	1.389245E+2	1.412531E-1	-6.574828E-2
1.765625E+0	5.587577E-5	1.269593E+2	4.765291E-5	1.320745E+2	1.678876E-1	-1.045435E-1
1.767773E+0	5.922307E-5	1.279692E+2	5.383844E-5	1.264285E+2	9.961692E-2	2.957614E-2
1.769922E+0	5.983105E-5	1.175565E+2	5.723242E-5	1.195005E+2	4.480319E-2	-3.546295E-2
1.772070E+0	6.282750E-5	1.151827E+2	5.601744E-5	1.139823E+2	1.213242E-1	2.349623E-2
1.774219E+0	6.202335E-5	1.044578E+2	5.478251E-5	1.132797E+2	1.187805E-1	-1.736343E-1
1.776367E+0	6.243892E-5	1.024269E+2	6.038608E-5	1.039550E+2	3.362753E-2	-2.757377E-2
1.778515E+0	5.804454E-5	1.018884E+2	5.910105E-5	8.620495E+1	-5.444092E-2	2.654900E-1
1.780664E+0	5.232873E-5	9.216954E+1	5.300062E-5	8.775986E+1	-1.559972E-2	7.591277E-2
1.782812E+0	5.913746E-5	8.720588E+1	5.671369E-5	8.757636E+1	4.271515E-2	-6.742390E-3
1.784961E+0	5.536981E-5	8.023386E+1	5.873185E-5	8.080176E+1	-5.729021E-2	-9.344186E-3
1.787109E+0	5.491232E-5	7.579808E+1	5.565853E-5	7.610368E+1	-1.342096E-2	-5.262192E-3
1.789258E+0	6.294061E-5	6.923248E+1	5.560016E-5	6.181335E+1	1.225449E-1	1.461743E-1
1.791406E+0	5.481525E-5	6.151302E+1	5.614705E-5	5.908477E+1	-2.459650E-2	4.136330E-2
1.793554E+0	5.538718E-5	6.023971E+1	6.321105E-5	5.846478E+1	-1.241942E-1	2.713972E-2
1.795703E+0	5.725992E-5	4.765796E+1	5.884259E-5	4.347523E+1	-2.948853E-2	7.097581E-2
1.797851E+0	6.236787E-5	4.330051E+1	5.312935E-5	4.043235E+1	1.724168E-1	5.873889E-2
1.800000E+0	6.598677E-5	3.904543E+1	6.186871E-5	4.170602E+1	6.541156E-2	-4.950910E-2
