7.021484E-1	2.174319E-5	-9.608795E+1	2.606970E-5	-1.009383E+2	-1.689461E-1	7.052106E-2
7.042969E-1	2.698424E-5	-1.130150E+2	2.647591E-5	-1.139236E+2	1.907157E-2	1.616185E-2
7.064453E-1	2.326890E-5	-1.213713E+2	1.711824E-5	-1.036079E+2	2.944989E-1	-4.147062E-1
7.085937E-1	2.372336E-5	-1.171973E+2	1.743728E-5	-1.274088E+2	3.389464E-1	2.411919E-1
7.107422E-1	1.937180E-5	-1.092119E+2	2.133396E-5	-1.229607E+2	-1.179912E-1	2.158066E-1
7.128906E-1	2.803395E-5	-1.325352E+2	2.232456E-5	-1.299689E+2	2.544854E-1	-5.622649E-2
7.150391E-1	2.704557E-5	-1.373470E+2	2.754526E-5	-1.318020E+2	-2.273519E-2	-9.487462E-2
7.171875E-1	1.366799E-5	-1.359016E+2	2.711997E-5	-1.297872E+2	-4.988846E-1	-5.368118E-2
7.193359E-1	3.147784E-5	-1.548522E+2	2.515366E-5	-1.361510E+2	1.853512E-1	-4.012469E-1
7.214844E-1	1.869887E-5	-1.650335E+2	2.264622E-5	-1.505863E+2	-2.004152E-1	-2.060008E-1
7.236328E-1	2.119082E-5	-1.471403E+2	2.193908E-5	-1.589451E+2	-5.453467E-2	1.976007E-1
7.257812E-1	1.811467E-5	-1.530242E+2	2.549758E-5	-1.579445E+2	-2.921714E-1	6.093495E-2
7.279297E-1	2.419916E-5	-1.765650E+2	2.293902E-5	-1.695883E+2	4.712322E-2	-1.281383E-1
7.300781E-1	2.891040E-5	-1.775861E+2	2.468310E-5	1.737683E+2	1.579539E-1	1.760668E-1
7.322266E-1	2.873718E-5	-1.680489E+2	2.618762E-5	1.731010E+2	3.850300E-2	3.545489E-1
7.343750E-1	3.062725E-5	1.698031E+2	2.606605E-5	1.691593E+2	1.749121E-1	1.320237E-2
7.365234E-1	2.460450E-5	1.639595E+2	2.777334E-5	1.721098E+2	-1.230445E-1	-1.255948E-1
7.386719E-1	2.227366E-5	1.674314E+2	2.809385E-5	1.670354E+2	-2.071885E-1	5.479607E-3
7.408203E-1	2.395820E-5	1.524546E+2	2.735739E-5	1.492556E+2	-1.256159E-1	4.887035E-2
7.429687E-1	2.194199E-5	1.364082E+2	2.848733E-5	1.429202E+2	-2.347327E-1	-8.735356E-2
7.451172E-1	2.145818E-5	1.481027E+2	1.852715E-5	1.358515E+2	1.318258E-1	2.457683E-1
7.472656E-1	2.552586E-5	1.422267E+2	2.831213E-5	1.394550E+2	-9.946732E-2	4.359754E-2
7.494141E-1	2.133738E-5	1.258095E+2	2.576319E-5	1.233909E+2	-1.725259E-1	3.495054E-2
7.515625E-1	2.539274E-5	1.141729E+2	1.938507E-5	1.105602E+2	3.073091E-1	8.253984E-2
7.537109E-1	2.669501E-5	1.104017E+2	2.707919E-5	1.209405E+2	-3.081668E-2	-1.803065E-1
7.558594E-1	2.756209E-5	1.122812E+2	2.395428E-5	1.081683E+2	1.476491E-1	8.252423E-2
7.580078E-1	1.970386E-5	1.086015E+2	3.027095E-5	1.112246E+2	-3.497656E-1	-2.978967E-2
7.601562E-1	2.809362E-5	8.852590E+1	2.684838E-5	9.874460E+1	2.978251E-2	-1.856341E-1
7.623047E-1	3.077493E-5	9.302364E+1	3.035439E-5	8.146198E+1	-6.717188E-3	2.031991E-1
7.644531E-1	2.238724E-5	8.178979E+1	2.770167E-5	9.086019E+1	-2.019508E-1	-1.274039E-1
7.666015E-1	2.446719E-5	9.010971E+1	2.606082E-5	7.827683E+1	-8.110109E-2	1.925184E-1
7.687500E-1	2.129504E-5	6.236338E+1	1.804813E-5	7.544220E+1	1.492958E-1	-2.670017E-1
7.708984E-1	2.124018E-5	7.301272E+1	1.987621E-5	6.016418E+1	4.186632E-2	2.376346E-1
7.730469E-1	3.235106E-5	5.743344E+1	2.301431E-5	6.282038E+1	3.994848E-1	-1.319684E-1
7.751953E-1	2.202187E-5	4.985040E+1	2.802298E-5	4.411089E+1	-2.180892E-1	7.858967E-2
7.773437E-1	2.277540E-5	6.069861E+1	2.755109E-5	5.463414E+1	-1.779657E-1	8.733458E-2
7.794922E-1	2.740280E-5	5.056113E+1	2.508288E-5	5.723327E+1	8.509103E-2	-1.269340E-1
7.816406E-1	2.497855E-5	3.753239E+1	2.812126E-5	3.552257E+1	-1.123021E-1	3.115142E-2
7.837890E-1	1.923232E-5	2.852065E+1	2.447218E-5	3.034374E+1	-2.145128E-1	-2.500180E-2
7.859375E-1	2.797415E-5	1.801238E+1	3.085486E-5	2.454294E+1	-9.924611E-2	-1.031146E-1
7.880859E-1	2.417612E-5	1.846181E+1	2.195149E-5	3.019617E+1	7.832607E-2	-2.239851E-1
7.902344E-1	2.746280E-5	1.130886E+1	2.748606E-5	7.230397E+0	-3.376516E-3	7.106232E-2
7.923828E-1	2.768067E-5	5.375814E+0	3.225468E-5	8.828838E+0	-1.433672E-1	-5.168897E-2
7.945312E-1	2.760091E-5	4.447440E+0	2.683651E-5	1.127725E+1	2.118523E-2	-1.223079E-1
7.966797E-1	2.626942E-5	-1.240985E+1	2.187883E-5	-1.232655E+1	2.006763E-1	-1.745616E-3
7.988281E-1	3.194942E-5	-4.063776E+0	2.443773E-5	-2.650529E+1	2.083725E-1	4.990798E-1
8.009765E-1	2.719487E-5	-2.290275E+1	2.624943E-5	-1.583693E+1	2.814950E-2	-1.274400E-1
8.031250E-1	3.385544E-5	-2.082133E+1	2.352464E-5	-2.824162E+1	4.270959E-1	1.858613E-1
8.052734E-1	3.048881E-5	-3.223333E+1	2.523118E-5	-2.942262E+1	2.069246E-1	-5.925461E-2
8.074218E-1	3.032032E-5	-3.641703E+1	2.832219E-5	-4.807622E+1	4.846133E-2	2.163472E-1
8.095703E-1	2.470367E-5	-3.741550E+1	2.769977E-5	-4.589317E+1	-1.179081E-1	1.314781E-1
8.117187E-1	2.010884E-5	-4.553588E+1	2.837741E-5	-5.027999E+1	-2.938063E-1	5.860707E-2
8.138672E-1	2.693841E-5	-5.096146E+1	2.783163E-5	-5.475423E+1	-3.421359E-2	6.402506E-2
8.160156E-1	2.115814E-5	-6.711160E+1	2.451126E-5	-7.179543E+1	-1.396819E-1	7.048659E-2
8.181640E-1	2.783523E-5	-7.851932E+1	2.734956E-5	-5.903524E+1	-4.052484E-2	-3.394680E-1
8.203125E-1	3.009043E-5	-7.895954E+1	2.546395E-5	-7.936722E+1	1.816575E-1	8.408059E-3
8.224609E-1	2.440051E-5	-8.608441E+1	2.940083E-5	-8.142096E+1	-1.728216E-1	-6.747523E-2
8.246093E-1	2.061815E-5	-1.017075E+2	2.471803E-5	-8.754817E+1	-1.912076E-1	-2.040452E-1
8.267578E-1	2.486714E-5	-8.798360E+1	2.658897E-5	-8.840079E+1	-6.478210E-2	6.809759E-3
8.289062E-1	2.228306E-5	-1.054360E+2	2.554396E-5	-1.029553E+2	-1.284759E-1	-3.775744E-2
8.310547E-1	2.986782E-5	-9.503860E+1	2.250727E-5	-9.286067E+1	3.260713E-1	-5.043098E-2
8.332031E-1	2.390714E-5	-1.057328E+2	3.003055E-5	-1.133852E+2	-2.109959E-1	1.060101E-1
8.353515E-1	2.600555E-5	-1.077358E+2	2.998710E-5	-1.231871E+2	-1.641193E-1	2.310453E-1
8.375000E-1	2.771674E-5	-1.315368E+2	3.037666E-5	-1.323777E+2	-8.766286E-2	1.339085E-2
8.396484E-1	2.542748E-5	-1.362178E+2	3.074193E-5	-1.300437E+2	-1.776706E-1	-8.895747E-2
8.417968E-1	2.593912E-5	-1.239331E+2	2.562619E-5	-1.415760E+2	-3.539903E-2	3.067846E-1
8.439453E-1	2.198660E-5	-1.375936E+2	3.302131E-5	-1.432483E+2	-3.374094E-1	6.560629E-2
8.460937E-1	2.444269E-5	-1.524853E+2	2.883372E-5	-1.440816E+2	-1.613900E-1	-1.238905E-1
8.482422E-1	2.896989E-5	-1.432610E+2	2.713533E-5	-1.483461E+2	6.340586E-2	9.462771E-2
8.503906E-1	2.814946E-5	-1.604886E+2	2.573273E-5	-1.681951E+2	8.403632E-2	1.466927E-1
8.525390E-1	2.441811E-5	-1.650042E+2	2.809390E-5	-1.774953E+2	-1.514128E-1	1.879890E-1
8.546875E-1	2.611569E-5	-1.638374E+2	3.061342E-5	-1.781342E+2	-1.733405E-1	2.106637E-1
8.568359E-1	2.948640E-5	-1.742945E+2	2.328647E-5	-1.778346E+2	2.638298E-1	7.818701E-2
8.589843E-1	2.125408E-5	-1.746311E+2	2.476615E-5	-1.738893E+2	-1.418812E-1	-1.111056E-2
8.611328E-1	3.140058E-5	1.714083E+2	2.872073E-5	1.711998E+2	9.329993E-2	3.978549E-3
8.632812E-1	2.624360E-5	1.570658E+2	3.489231E-5	1.648800E+2	-2.548528E-1	-1.022606E-1
8.654296E-1	2.212978E-5	1.486483E+2	3.197943E-5	1.656014E+2	-3.380713E-1	-2.017796E-1
8.675781E-1	2.427881E-5	1.440774E+2	2.593990E-5	1.492895E+2	-6.790609E-2	-8.502567E-2
8.697265E-1	3.059996E-5	1.443347E+2	2.976749E-5	1.375595E+2	2.078711E-2	1.212734E-1
8.718750E-1	3.023068E-5	1.335694E+2	2.671828E-5	1.432755E+2	1.152643E-1	-1.907578E-1
8.740234E-1	3.426794E-5	1.428905E+2	3.577605E-5	1.252207E+2	-8.734381E-2	2.907358E-1
8.761718E-1	2.798881E-5	1.264001E+2	2.774672E-5	1.331280E+2	1.778632E-3	-1.181765E-1
8.783203E-1	2.447484E-5	1.235900E+2	2.808025E-5	1.270521E+2	-1.299874E-1	-5.263463E-2
8.804687E-1	2.799187E-5	1.122757E+2	2.955659E-5	1.162454E+2	-5.521199E-2	-6.556395E-2
8.826171E-1	2.204125E-5	1.040017E+2	2.788206E-5	1.006766E+2	-2.108136E-1	4.585109E-2
8.847656E-1	2.910065E-5	1.087067E+2	2.527183E-5	9.776709E+1	1.305800E-1	2.185261E-1
8.869140E-1	2.719529E-5	1.040381E+2	3.105407E-5	1.003700E+2	-1.260541E-1	5.602695E-2
8.890625E-1	3.265137E-5	8.623640E+1	3.246857E-5	1.012554E+2	-2.872232E-2	-2.605983E-1
8.912109E-1	3.100607E-5	8.921423E+1	3.167790E-5	9.396450E+1	-2.457020E-2	-8.105659E-2
8.933593E-1	3.149547E-5	7.994286E+1	3.219508E-5	7.660580E+1	-2.338912E-2	5.694484E-2
8.955078E-1	2.677265E-5	7.822134E+1	3.128155E-5	7.949268E+1	-1.443500E-1	-1.898919E-2
8.976562E-1	2.943536E-5	7.813706E+1	2.345448E-5	6.476316E+1	2.209656E-1	2.902873E-1
8.998046E-1	2.590700E-5	7.842234E+1	2.603146E-5	5.326006E+1	-9.922028E-2	4.231507E-1
9.019531E-1	2.546595E-5	7.055682E+1	2.820885E-5	5.230705E+1	-1.426442E-1	2.827097E-1
9.041015E-1	3.234099E-5	6.394677E+1	2.827459E-5	4.202844E+1	6.113943E-2	4.269697E-1
9.062500E-1	2.880398E-5	5.147993E+1	3.073794E-5	4.580523E+1	-6.751002E-2	9.265903E-2
9.083984E-1	3.318606E-5	5.152002E+1	3.151727E-5	3.176379E+1	-9.028886E-3	3.559166E-1
9.105468E-1	3.237394E-5	5.326115E+1	3.278726E-5	3.342931E+1	-7.116609E-2	3.349840E-1
9.126953E-1	3.204746E-5	2.842371E+1	3.275760E-5	3.445418E+1	-2.709250E-2	-1.027798E-1
9.148437E-1	2.457243E-5	3.993187E+1	2.811270E-5	1.597840E+1	-2.012101E-1	3.548672E-1
9.169921E-1	3.317859E-5	2.181482E+1	3.015098E-5	9.960719E+0	7.694737E-2	2.260475E-1
9.191406E-1	3.032770E-5	1.852970E+1	3.460722E-5	3.012777E+0	-1.556011E-1	2.344412E-1
9.212890E-1	2.882274E-5	1.689947E+1	3.068688E-5	-7.101466E+0	-1.419561E-1	3.820426E-1
9.234374E-1	3.499787E-5	7.331154E+0	3.327976E-5	-6.577669E+0	2.079204E-2	2.527873E-1
9.255859E-1	3.394981E-5	-3.672172E+0	3.073109E-5	-1.677363E+1	7.598212E-2	2.504177E-1
9.277343E-1	2.810504E-5	-3.415040E+0	3.465790E-5	-2.154917E+1	-2.293510E-1	2.523951E-1
9.298828E-1	3.314575E-5	-2.387529E+1	3.024709E-5	-2.486644E+1	9.566873E-2	1.895568E-2
9.320312E-1	3.501153E-5	-1.862375E+1	2.592506E-5	-3.707735E+1	2.810481E-1	4.274794E-1
9.341796E-1	3.440833E-5	-2.929930E+1	3.258277E-5	-3.590335E+1	4.902126E-2	1.214510E-1
9.363281E-1	3.190968E-5	-3.850169E+1	3.369522E-5	-3.381129E+1	-5.616234E-2	-7.743837E-2
9.384765E-1	3.192907E-5	-4.617296E+1	3.472673E-5	-5.619512E+1	-9.459229E-2	1.600089E-1
9.406249E-1	3.321977E-5	-4.474360E+1	2.824407E-5	-6.272237E+1	1.187368E-1	3.630414E-1
9.427734E-1	3.301178E-5	-5.378025E+1	2.826451E-5	-5.551207E+1	1.674252E-1	3.529730E-2
9.449218E-1	2.921151E-5	-5.983820E+1	2.765026E-5	-6.443530E+1	5.306549E-2	8.467399E-2
9.470703E-1	2.860580E-5	-5.895819E+1	2.521119E-5	-6.867847E+1	1.183577E-1	1.915718E-1
9.492187E-1	2.942374E-5	-6.569289E+1	2.569610E-5	-8.761939E+1	6.223644E-2	4.275871E-1
9.513671E-1	2.237140E-5	-6.179271E+1	2.813848E-5	-7.869821E+1	-2.393109E-1	2.311948E-1
9.535156E-1	2.824482E-5	-8.130711E+1	2.564836E-5	-1.000011E+2	4.313623E-2	3.529602E-1
9.556640E-1	2.880429E-5	-8.882915E+1	2.755501E-5	-9.474381E+1	3.977280E-2	1.077190E-1
9.578124E-1	3.094376E-5	-9.333221E+1	2.525302E-5	-1.076518E+2	1.872788E-1	3.030659E-1
9.599609E-1	2.789110E-5	-1.078191E+2	2.647834E-5	-1.101409E+2	5.249056E-2	4.267349E-2
9.621093E-1	2.945906E-5	-9.926479E+1	2.548450E-5	-1.180826E+2	9.417273E-2	3.728664E-1
9.642578E-1	3.118608E-5	-1.033749E+2	2.956769E-5	-1.213522E+2	3.241727E-3	3.255336E-1
9.664062E-1	2.339509E-5	-1.172634E+2	3.425656E-5	-1.309786E+2	-3.365356E-1	1.619217E-1
9.685546E-1	2.539438E-5	-1.224865E+2	2.744159E-5	-1.333233E+2	-9.110535E-2	1.739860E-1
9.707031E-1	3.473202E-5	-1.279116E+2	2.717318E-5	-1.349090E+2	2.686526E-1	1.557125E-1
9.728515E-1	3.210664E-5	-1.332148E+2	2.608799E-5	-1.527313E+2	1.599960E-1	4.111521E-1
9.749999E-1	2.851252E-5	-1.310531E+2	2.816992E-5	-1.487635E+2	-3.580821E-2	3.079057E-1
9.771484E-1	2.973187E-5	-1.465525E+2	2.960679E-5	-1.574377E+2	-1.384378E-2	1.896396E-1
9.792968E-1	3.026754E-5	-1.535134E+2	2.948545E-5	-1.656966E+2	3.405032E-3	2.166359E-1
9.814452E-1	2.666203E-5	-1.543835E+2	3.031208E-5	-1.719491E+2	-1.614289E-1	2.654564E-1
9.835937E-1	3.124909E-5	-1.701241E+2	2.936425E-5	-1.778438E+2	5.454360E-2	1.429491E-1
9.857421E-1	3.027545E-5	-1.759742E+2	2.951344E-5	1.684288E+2	-1.195501E-2	2.758114E-1
9.878906E-1	2.560427E-5	-1.734989E+2	2.920681E-5	1.648015E+2	-1.854699E-1	3.241343E-1
9.900390E-1	3.006240E-5	1.746654E+2	3.201854E-5	1.663969E+2	-7.085390E-2	1.350261E-1
9.921874E-1	3.259731E-5	1.772033E+2	3.856170E-5	1.582567E+2	-2.004699E-1	2.744670E-1
9.943359E-1	2.751814E-5	1.766253E+2	3.285550E-5	1.590999E+2	-2.013256E-1	2.522104E-1
9.964843E-1	3.697645E-5	1.563272E+2	3.578371E-5	1.510403E+2	2.893592E-2	9.521423E-2
9.986327E-1	3.509039E-5	1.565421E+2	3.113589E-5	1.439036E+2	9.970033E-2	2.465881E-1
1.000781E+0	3.163586E-5	1.383826E+2	3.280193E-5	1.316151E+2	-4.226863E-2	1.136516E-1
1.002930E+0	3.002669E-5	1.382377E+2	3.778839E-5	1.303648E+2	-2.128887E-1	1.088413E-1
1.005078E+0	3.153074E-5	1.250075E+2	2.939603E-5	1.220393E+2	7.117999E-2	5.554203E-2
1.007226E+0	3.044448E-5	1.270712E+2	3.422832E-5	1.154721E+2	-1.287111E-1	1.788357E-1
1.009375E+0	3.408611E-5	1.173782E+2	3.443409E-5	1.092020E+2	-2.016757E-2	1.407806E-1
1.011523E+0	3.449179E-5	1.127661E+2	3.321519E-5	1.032747E+2	2.421844E-2	1.712374E-1
1.013672E+0	2.763130E-5	9.553687E+1	2.935798E-5	1.011234E+2	-6.328501E-2	-9.162338E-2
1.015820E+0	3.231892E-5	1.026103E+2	3.218833E-5	9.151791E+1	-1.470051E-2	1.931722E-1
1.017969E+0	3.323854E-5	9.414004E+1	3.352380E-5	8.457041E+1	-2.230647E-2	1.648315E-1
1.020117E+0	2.833230E-5	9.278589E+1	2.680945E-5	7.940281E+1	2.810449E-2	2.446082E-1
1.022266E+0	2.789295E-5	8.462978E+1	3.344603E-5	7.262059E+1	-1.842831E-1	1.735227E-1
1.024414E+0	3.083334E-5	9.003735E+1	3.364473E-5	7.103349E+1	-1.335101E-1	2.984217E-1
1.026562E+0	3.364111E-5	7.516383E+1	4.026054E-5	6.914444E+1	-1.690219E-1	8.762366E-2
1.028711E+0	3.541059E-5	6.147915E+1	3.223070E-5	5.400913E+1	8.933598E-2	1.428340E-1
1.030859E+0	3.230371E-5	6.379579E+1	3.436469E-5	4.359395E+1	-1.178024E-1	3.246177E-1
1.033008E+0	2.828615E-5	5.566827E+1	2.918437E-5	4.931398E+1	-3.673182E-2	1.072698E-1
1.035156E+0	3.015350E-5	4.485220E+1	3.397206E-5	3.159677E+1	-1.360507E-1	2.035195E-1
1.037305E+0	2.993584E-5	3.224220E+1	3.699774E-5	2.891269E+1	-1.922396E-1	4.699260E-2
1.039453E+0	3.251652E-5	2.617757E+1	2.804992E-5	2.320556E+1	1.576783E-1	6.010427E-2
1.041601E+0	3.277567E-5	3.174005E+1	3.133099E-5	1.125578E+1	-2.003707E-2	3.660865E-1
1.043750E+0	2.961038E-5	1.622018E+1	3.043535E-5	1.757745E+1	-2.737861E-2	-2.304457E-2
1.045898E+0	3.342527E-5	2.157674E+1	3.033650E-5	7.653658E+0	6.944516E-2	2.651182E-1
1.048047E+0	2.965855E-5	1.947687E+1	3.209238E-5	2.787295E+0	-1.147688E-1	2.654065E-1
1.050195E+0	3.573089E-5	2.056798E+0	3.103646E-5	2.045509E+0	1.512553E-1	2.268321E-4
1.052344E+0	3.679574E-5	2.537071E-1	3.216706E-5	-1.031276E+1	1.244978E-1	2.097629E-1
1.054492E+0	3.220460E-5	-6.257130E+0	3.303220E-5	-1.072147E+1	-2.801235E-2	7.588842E-2
1.056641E+0	3.598254E-5	-1.564037E+1	3.114613E-5	-2.146431E+1	1.493181E-1	1.172287E-1
1.058789E+0	3.732604E-5	-1.814815E+1	3.056054E-5	-2.699371E+1	2.068537E-1	1.878136E-1
1.060937E+0	3.470780E-5	-2.016993E+1	4.104156E-5	-3.169274E+1	-1.713699E-1	1.689303E-1
1.063086E+0	3.203806E-5	-3.157233E+1	2.997619E-5	-4.421219E+1	4.288137E-2	2.338735E-1
1.065234E+0	3.776183E-5	-3.797797E+1	3.775900E-5	-4.816023E+1	-1.567584E-2	1.767933E-1
1.067383E+0	3.222357E-5	-3.991178E+1	3.687736E-5	-4.757090E+1	-1.339920E-1	1.164598E-1
1.069531E+0	3.400335E-5	-4.810775E+1	3.184688E-5	-6.484837E+1	2.246242E-2	3.075437E-1
1.071680E+0	3.620926E-5	-5.804683E+1	3.062658E-5	-6.789278E+1	1.648684E-1	2.021699E-1
1.073828E+0	2.888776E-5	-5.380540E+1	3.568362E-5	-7.029192E+1	-2.237311E-1	2.297427E-1
1.075976E+0	3.619029E-5	-6.701534E+1	3.436156E-5	-7.754392E+1	3.548809E-2	1.924507E-1
1.078125E+0	3.849583E-5	-8.157227E+1	3.662234E-5	-8.961369E+1	4.082121E-2	1.470452E-1
1.080273E+0	3.192943E-5	-7.233685E+1	3.356730E-5	-8.957738E+1	-9.153232E-2	2.819221E-1
1.082422E+0	3.343577E-5	-8.265343E+1	3.307371E-5	-9.441116E+1	-1.026464E-2	2.060046E-1
1.084570E+0	3.056350E-5	-8.775270E+1	3.399604E-5	-1.056176E+2	-1.443178E-1	2.757990E-1
1.086719E+0	3.405275E-5	-9.699479E+1	3.761709E-5	-1.078468E+2	-1.109420E-1	1.704334E-1
1.088867E+0	3.355829E-5	-9.942538E+1	2.790440E-5	-1.061675E+2	1.942999E-1	1.411882E-1
1.091016E+0	3.320219E-5	-1.100356E+2	3.705867E-5	-1.256583E+2	-1.371637E-1	2.412768E-1
1.093164E+0	3.530196E-5	-1.112049E+2	3.373956E-5	-1.268528E+2	7.528786E-3	2.822153E-1
1.095312E+0	3.231687E-5	-1.262889E+2	3.213153E-5	-1.310251E+2	2.333889E-3	8.304444E-2
1.097461E+0	3.549354E-5	-1.325695E+2	3.429485E-5	-1.353303E+2	3.375123E-2	4.984994E-2
1.099609E+0	3.404112E-5	-1.228653E+2	3.103090E-5	-1.387757E+2	5.498255E-2	3.007267E-1
1.101758E+0	3.099132E-5	-1.395007E+2	3.210272E-5	-1.538036E+2	-6.454378E-2	2.384952E-1
1.103906E+0	2.967400E-5	-1.468026E+2	3.060596E-5	-1.542044E+2	-3.852942E-2	1.249039E-1
1.106055E+0	3.251652E-5	-1.434930E+2	2.980070E-5	-1.483376E+2	8.723460E-2	9.214999E-2
1.108203E+0	3.706165E-5	-1.632181E+2	3.299139E-5	-1.660307E+2	1.220202E-1	5.512328E-2
1.110351E+0	3.329241E-5	-1.618319E+2	3.619222E-5	1.768048E+2	-1.433279E-1	3.350933E-1
1.112500E+0	3.276790E-5	-1.707597E+2	3.545034E-5	1.786017E+2	-9.155571E-2	1.706443E-1
1.114648E+0	3.784689E-5	-1.720089E+2	3.423336E-5	1.720752E+2	6.317460E-2	3.031723E-1
1.116797E+0	2.684924E-5	1.787828E+2	3.122948E-5	1.660605E+2	-1.613673E-1	1.893370E-1
1.118945E+0	3.515186E-5	1.737322E+2	3.306864E-5	1.641640E+2	4.820891E-2	1.766929E-1
1.121094E+0	3.017964E-5	1.597957E+2	3.618952E-5	1.601134E+2	-1.660797E-1	-4.624061E-3
1.123242E+0	2.908919E-5	1.676283E+2	2.902526E-5	1.521681E+2	-3.406128E-2	2.671561E-1
1.125391E+0	3.708819E-5	1.475232E+2	3.492032E-5	1.398845E+2	5.265555E-2	1.411780E-1
1.127539E+0	3.815822E-5	1.523862E+2	3.464674E-5	1.319396E+2	3.196383E-2	3.847396E-1
1.129687E+0	3.508176E-5	1.456087E+2	3.970183E-5	1.314122E+2	-1.433550E-1	2.167088E-1
1.131836E+0	3.721453E-5	1.384403E+2	4.233684E-5	1.193808E+2	-1.691768E-1	2.870408E-1
1.133984E+0	3.946404E-5	1.336171E+2	3.906262E-5	1.176162E+2	-2.886445E-2	2.784851E-1
1.136133E+0	3.451990E-5	1.266534E+2	3.472152E-5	1.070588E+2	-6.338143E-2	3.334154E-1
1.138281E+0	3.122512E-5	1.210468E+2	3.589355E-5	1.090073E+2	-1.491983E-1	1.814566E-1
1.140430E+0	3.027711E-5	1.183496E+2	3.614500E-5	9.989171E+1	-2.054350E-1	2.652085E-1
1.142578E+0	3.447429E-5	1.033330E+2	4.082217E-5	9.422657E+1	-1.661448E-1	1.336579E-1
1.144726E+0	3.290483E-5	1.073234E+2	3.642807E-5	8.912486E+1	-1.418999E-1	2.821047E-1
1.146875E+0	3.340769E-5	9.674512E+1	3.545701E-5	7.126633E+1	-1.494316E-1	4.053139E-1
1.149023E+0	2.967836E-5	9.343909E+1	3.039884E-5	6.957658E+1	-1.071561E-1	3.949552E-1
1.151172E+0	3.492261E-5	8.370325E+1	3.691817E-5	7.042026E+1	-7.936038E-2	2.173414E-1
1.153320E+0	3.065759E-5	8.234550E+1	3.383107E-5	5.927940E+1	-1.662510E-1	3.550412E-1
1.155469E+0	3.084253E-5	6.868409E+1	3.954964E-5	6.189103E+1	-2.256311E-1	9.224277E-2
1.157617E+0	2.946735E-5	7.070566E+1	3.189323E-5	5.521635E+1	-1.096197E-1	2.467454E-1
1.159766E+0	3.016410E-5	6.031062E+1	3.409474E-5	4.253867E+1	-1.575053E-1	2.700405E-1
1.161914E+0	3.624214E-5	5.512199E+1	3.056015E-5	3.483478E+1	1.123606E-1	4.111924E-1
1.164062E+0	3.028632E-5	4.837859E+1	3.840246E-5	3.498280E+1	-2.328013E-1	1.827129E-1
1.166211E+0	3.207361E-5	4.466806E+1	3.681715E-5	2.708758E+1	-1.695292E-1	2.631295E-1
1.168359E+0	2.662550E-5	4.163075E+1	4.376098E-5	2.457152E+1	-4.183395E-1	1.784892E-1
1.170508E+0	3.037147E-5	3.351175E+1	3.424869E-5	1.975574E+1	-1.386436E-1	2.108683E-1
1.172656E+0	2.777385E-5	1.917902E+1	3.416724E-5	1.114634E+1	-1.950960E-1	1.135901E-1
1.174805E+0	2.778861E-5	2.060295E+1	3.352671E-5	-2.571219E+0	-2.380276E-1	3.261752E-1
1.176953E+0	3.380815E-5	1.172621E+1	3.556500E-5	1.042936E+0	-6.587511E-2	1.762223E-1
1.179101E+0	3.151434E-5	9.826749E+0	3.708636E-5	-1.014406E+1	-2.013430E-1	2.902267E-1
1.181250E+0	2.734885E-5	1.377524E+1	3.605736E-5	-1.620348E+1	-3.429947E-1	3.789969E-1
1.183398E+0	2.981760E-5	-1.493496E+0	4.017503E-5	-1.522853E+1	-2.790313E-1	1.762203E-1
1.185547E+0	2.428800E-5	-6.520772E+0	3.896514E-5	-2.183248E+1	-3.987995E-1	1.646019E-1
1.187695E+0	2.803950E-5	-1.098952E+1	3.826332E-5	-3.777312E+1	-3.458153E-1	3.302175E-1
1.189844E+0	3.215464E-5	-2.074558E+1	4.075864E-5	-3.614664E+1	-2.394255E-1	2.095123E-1
1.191992E+0	3.023953E-5	-1.918937E+1	3.948104E-5	-4.391285E+1	-3.042818E-1	3.203401E-1
1.194141E+0	2.434800E-5	-2.902452E+1	3.510824E-5	-5.264920E+1	-3.646107E-1	2.779207E-1
1.196289E+0	1.850049E-5	-2.876518E+1	3.848923E-5	-6.152113E+1	-5.957676E-1	2.600704E-1
1.198437E+0	2.692613E-5	-3.798694E+1	4.004172E-5	-6.498072E+1	-4.008078E-1	3.052217E-1
1.200586E+0	2.812544E-5	-3.495028E+1	3.535685E-5	-7.189148E+1	-3.642156E-1	4.780757E-1
1.202734E+0	2.441578E-5	-3.192198E+1	3.881690E-5	-7.295953E+1	-5.255592E-1	4.129713E-1
1.204883E+0	2.067010E-5	-3.915084E+1	4.109443E-5	-8.039449E+1	-6.217951E-1	3.316026E-1
1.207031E+0	2.904469E-5	-4.045095E+1	4.077362E-5	-9.291470E+1	-5.659973E-1	5.648630E-1
1.209180E+0	3.134069E-5	-4.337760E+1	3.978058E-5	-9.908047E+1	-5.560648E-1	6.508546E-1
1.211328E+0	4.115621E-5	-4.517393E+1	3.794880E-5	-9.307131E+1	-2.728725E-1	8.046539E-1
1.213476E+0	4.406497E-5	-4.380759E+1	4.201006E-5	-1.064090E+2	-5.173126E-1	9.312545E-1
1.215625E+0	5.153523E-5	-5.553115E+1	4.189798E-5	-1.070981E+2	-2.354217E-1	9.635154E-1
1.217773E+0	6.205627E-5	-5.599829E+1	4.244251E-5	-1.165937E+2	-2.821351E-1	1.273766E+0
1.219922E+0	7.431576E-5	-6.298549E+1	4.105100E-5	-1.358680E+2	-4.671625E-1	1.730136E+0
1.222070E+0	9.953665E-5	-7.000055E+1	3.857677E-5	-1.310401E+2	2.493586E-1	2.257576E+0
1.224219E+0	1.379809E-4	-8.462466E+1	3.180719E-5	-1.333385E+2	1.862327E+0	3.259706E+0
1.226367E+0	1.760310E-4	-1.030762E+2	3.890348E-5	-1.462897E+2	2.297717E+0	3.098225E+0
1.228516E+0	2.212718E-4	-1.235320E+2	3.685107E-5	-1.431699E+2	4.655239E+0	2.017956E+0
1.230664E+0	2.699691E-4	-1.529144E+2	3.618516E-5	-1.591125E+2	6.417157E+0	8.055122E-1
1.232812E+0	2.895193E-4	1.718476E+2	4.119990E-5	-1.515844E+2	4.643886E+0	-4.186631E+0
1.234961E+0	2.634858E-4	1.359855E+2	3.599691E-5	-1.679512E+2	3.086405E+0	-6.072807E+0
1.237109E+0	2.035529E-4	1.017441E+2	4.032577E-5	-1.777918E+2	-1.637679E-1	-4.977963E+0
1.239258E+0	1.383426E-4	7.303551E+1	3.450016E-5	-1.768288E+2	-2.380390E+0	-3.764826E+0
1.241406E+0	1.082054E-4	4.752324E+1	3.912385E-5	1.695562E+2	-2.466954E+0	-2.344615E+0
1.243555E+0	8.582870E-5	1.313994E+1	3.907402E-5	1.691576E+2	-3.006939E+0	-8.928057E-1
1.245703E+0	6.665814E-5	-2.395505E+1	3.514963E-5	1.536960E+2	-2.894817E+0	-7.772521E-2
1.247851E+0	6.326965E-5	-7.485728E+1	4.040355E-5	1.568285E+2	-1.970844E+0	1.228674E+0
1.250000E+0	6.393609E-5	-1.083437E+2	4.055908E-5	1.483424E+2	-1.363016E+0	1.534001E+0
1.252148E+0	7.081246E-5	-1.326275E+2	3.995588E-5	1.436344E+2	-8.066930E-1	1.761692E+0
1.254297E+0	8.863906E-5	-1.561273E+2	4.270058E-5	1.388848E+2	-1.223199E-1	1.881154E+0
1.256445E+0	1.033340E-4	-1.752687E+2	3.983061E-5	1.307327E+2	5.249639E-1	2.098825E+0
1.258594E+0	1.181511E-4	1.621078E+2	3.980473E-5	1.264306E+2	1.411170E+0	1.731147E+0
1.260742E+0	1.325551E-4	1.399313E+2	3.907954E-5	1.207977E+2	2.204550E+0	1.111780E+0
1.262890E+0	1.345164E-4	1.205694E+2	3.718958E-5	1.155044E+2	2.602922E+0	3.193339E-1
1.265039E+0	1.505343E-4	1.006271E+2	4.232335E-5	1.088504E+2	2.520197E+0	-5.087295E-1
1.267187E+0	1.630603E-4	7.736342E+1	3.752180E-5	1.028586E+2	2.922566E+0	-1.870563E+0
1.269336E+0	1.704501E-4	4.341113E+1	4.060982E-5	9.997048E+1	1.312998E+0	-3.502436E+0
1.271484E+0	1.641167E-4	7.677119E+0	4.554156E-5	9.003448E+1	-5.207336E-1	-3.571657E+0
1.273633E+0	1.512070E-4	-3.649356E+1	4.030146E-5	8.424428E+1	-2.917636E+0	-3.224813E+0
1.275781E+0	1.430324E-4	-8.229214E+1	3.756536E-5	7.969438E+1	-4.620929E+0	-1.177453E+0
1.277930E+0	1.465107E-4	-1.296254E+2	3.680656E-5	7.069685E+1	-4.732786E+0	1.382448E+0
1.280078E+0	1.676538E-4	-1.778654E+2	4.369980E-5	7.211204E+1	-2.313576E+0	3.604603E+0
1.282226E+0	1.915193E-4	1.401009E+2	3.782752E-5	6.395407E+1	2.122481E-1	4.915693E+0
1.284375E+0	1.982500E-4	1.006646E+2	4.386968E-5	4.651886E+1	1.646932E+0	3.662746E+0
1.286523E+0	1.832070E-4	6.940505E+1	4.015478E-5	5.040270E+1	3.313887E+0	1.485588E+0
1.288672E+0	1.783005E-4	4.438618E+1	4.073643E-5	3.991274E+1	3.363596E+0	3.413872E-1
1.290820E+0	1.834063E-4	1.499581E+1	3.338876E-5	3.165181E+1	4.262582E+0	-1.574446E+0
1.292969E+0	1.700510E-4	-1.914021E+1	4.090314E-5	3.179034E+1	1.620255E+0	-3.227738E+0
1.295117E+0	1.543376E-4	-5.276449E+1	4.221670E-5	2.480991E+1	-2.133662E-1	-3.570209E+0
1.297265E+0	1.378962E-4	-9.400229E+1	4.501982E-5	1.593005E+1	-2.044212E+0	-2.879524E+0
1.299414E+0	1.281356E-4	-1.346469E+2	3.886348E-5	8.266477E+0	-3.630154E+0	-1.988205E+0
1.301562E+0	1.390212E-4	1.773053E+2	3.987292E-5	7.307884E+0	-4.433610E+0	6.055978E-1
1.303711E+0	1.686504E-4	1.285429E+2	4.109528E-5	7.873718E+0	-3.093312E+0	3.529863E+0
1.305859E+0	2.053901E-4	7.969884E+1	4.721805E-5	-1.018833E+1	-9.914341E-1	4.349813E+0
1.308008E+0	2.193523E-4	3.732328E+1	4.409407E-5	-1.164379E+1	2.265817E+0	3.752535E+0
1.310156E+0	2.163361E-4	4.779065E+0	3.918987E-5	-2.292605E+1	3.887325E+0	2.566460E+0
1.312305E+0	2.036706E-4	-2.658879E+1	3.669633E-5	-2.103744E+1	4.524132E+0	-5.369106E-1
1.314453E+0	1.879876E-4	-5.905106E+1	4.388232E-5	-2.635975E+1	2.605301E+0	-2.313790E+0
1.316601E+0	1.528031E-4	-9.163912E+1	4.383162E-5	-3.698776E+1	1.016906E+0	-2.843458E+0
1.318750E+0	1.150106E-4	-1.293687E+2	4.234104E-5	-4.141360E+1	-9.030755E-1	-2.714562E+0
1.320898E+0	7.688031E-5	-1.690515E+2	4.312901E-5	-4.670612E+1	-1.953711E+0	-1.505980E+0
1.323047E+0	6.269989E-5	1.146414E+2	4.304822E-5	-4.786457E+1	-2.389138E+0	4.378344E-1
1.325195E+0	5.680064E-5	5.422427E+1	4.229992E-5	-6.904842E+1	-1.736697E+0	1.122679E+0
1.327344E+0	7.571738E-5	1.136739E+1	4.268211E-5	-7.210421E+1	-7.983057E-1	1.762481E+0
1.329492E+0	9.508098E-5	-2.455363E+1	4.323816E-5	-7.671151E+1	3.490634E-1	1.736564E+0
1.331640E+0	1.048003E-4	-5.276967E+1	4.465462E-5	-8.195902E+1	1.048881E+0	1.144581E+0
1.333789E+0	9.337041E-5	-8.130451E+1	4.205974E-5	-8.542963E+1	1.214196E+0	1.596913E-1
1.335937E+0	7.445923E-5	-9.901639E+1	4.779672E-5	-9.419435E+1	5.523176E-1	-1.309531E-1
1.338086E+0	6.592070E-5	-1.185320E+2	4.170932E-5	-9.348767E+1	4.318831E-1	-6.690473E-1
1.340234E+0	5.372554E-5	-1.206836E+2	3.665325E-5	-1.021553E+2	3.898024E-1	-4.657848E-1
1.342383E+0	3.275915E-5	-1.195791E+2	4.185703E-5	-1.142017E+2	-2.208005E-1	-7.334595E-2
1.344531E+0	2.899776E-5	-1.199658E+2	3.839438E-5	-1.209535E+2	-2.448517E-1	1.301900E-2
1.346680E+0	2.468274E-5	-1.084037E+2	3.750727E-5	-1.207238E+2	-3.570762E-1	1.404163E-1
1.348828E+0	2.393124E-5	-1.018189E+2	4.192290E-5	-1.213997E+2	-4.621724E-1	1.913087E-1
1.350976E+0	3.181331E-5	-1.054796E+2	4.435766E-5	-1.316588E+2	-3.563715E-1	3.164143E-1
1.353125E+0	3.939926E-5	-1.147428E+2	4.256301E-5	-1.410152E+2	-1.699528E-1	4.097375E-1
1.355273E+0	5.097367E-5	-1.196717E+2	3.759972E-5	-1.524324E+2	1.400536E-1	7.336081E-1
1.357422E+0	4.879010E-5	-1.259205E+2	3.815494E-5	-1.533645E+2	1.348294E-1	5.893457E-1
1.359570E+0	5.491209E-5	-1.400856E+2	3.914509E-5	-1.613663E+2	3.071327E-1	5.091226E-1
1.361719E+0	5.372926E-5	-1.530589E+2	4.192599E-5	-1.677947E+2	2.393757E-1	3.259719E-1
1.363867E+0	6.183597E-5	-1.677772E+2	4.554092E-5	-1.722141E+2	3.537420E-1	1.050418E-1
1.366015E+0	5.501179E-5	-1.794031E+2	4.420863E-5	1.780392E+2	2.431280E-1	5.553048E-2
1.368164E+0	5.496834E-5	1.670996E+2	4.366434E-5	1.745701E+2	2.481985E-1	-1.636747E-1
1.370312E+0	4.921983E-5	1.695702E+2	3.925129E-5	1.635175E+2	2.469767E-1	1.322223E-1
1.372461E+0	3.624252E-5	1.645212E+2	4.458690E-5	1.643721E+2	-1.871514E-1	2.115269E-3
1.374609E+0	3.337651E-5	1.571953E+2	4.198374E-5	1.601286E+2	-2.060550E-1	-4.068215E-2
1.376758E+0	3.425831E-5	1.561944E+2	4.213060E-5	1.541295E+2	-1.873825E-1	2.929886E-2
1.378906E+0	3.605085E-5	1.530544E+2	4.342301E-5	1.430075E+2	-1.825067E-1	1.448362E-1
1.381055E+0	4.447369E-5	1.465332E+2	4.318234E-5	1.359384E+2	1.234681E-2	1.893605E-1
1.383203E+0	5.173710E-5	1.411533E+2	4.024033E-5	1.329544E+2	2.725615E-1	1.833540E-1
1.385351E+0	4.905802E-5	1.297801E+2	4.213492E-5	1.295429E+2	1.642979E-1	4.820129E-3
1.387500E+0	4.843105E-5	1.158546E+2	4.421212E-5	1.209419E+2	9.110958E-2	-9.713516E-2
1.389648E+0	4.681459E-5	1.138635E+2	5.144909E-5	1.073911E+2	-9.587893E-2	1.025704E-1
1.391797E+0	4.560955E-5	1.137100E+2	4.420050E-5	1.052416E+2	2.062827E-2	1.519585E-1
1.393945E+0	4.206317E-5	1.032692E+2	4.388043E-5	9.253098E+1	-5.819997E-2	1.786057E-1
1.396094E+0	5.323954E-5	9.296284E+1	4.278030E-5	9.842747E+1	2.388313E-1	-1.185141E-1
1.398242E+0	5.021032E-5	7.879961E+1	4.255567E-5	9.458375E+1	1.353847E-1	-3.209421E-1
1.400390E+0	4.298381E-5	5.749520E+1	4.368282E-5	8.488173E+1	-1.262850E-1	-4.526303E-1
1.402539E+0	3.812087E-5	6.530350E+1	4.860664E-5	7.266277E+1	-2.221876E-1	-1.004580E-1
1.404687E+0	2.869336E-5	5.573151E+1	4.535251E-5	6.771695E+1	-3.811179E-1	-1.313831E-1
1.406836E+0	2.021110E-5	5.285649E+1	4.045790E-5	7.119566E+1	-5.258135E-1	-1.571819E-1
1.408984E+0	2.575396E-5	1.037677E+2	4.617470E-5	5.879977E+1	-6.053902E-1	3.941683E-1
1.411133E+0	5.318537E-5	1.112644E+2	4.761749E-5	5.612363E+1	-3.616055E-1	9.165062E-1
1.413281E+0	1.048665E-4	9.116517E+1	4.268346E-5	4.899577E+1	8.209207E-1	1.649339E+0
1.415430E+0	1.569439E-4	4.807139E+1	4.407236E-5	4.228997E+1	2.542937E+0	3.587177E-1
1.417578E+0	1.609409E-4	-4.378701E+0	3.848168E-5	3.959634E+1	2.009741E+0	-2.903940E+0
1.419726E+0	1.356612E-4	-6.318386E+1	4.439841E-5	3.371282E+1	-1.366907E+0	-3.033433E+0
1.421875E+0	1.093444E-4	-1.379451E+2	4.596688E-5	2.542345E+1	-3.279251E+0	-6.808367E-1
1.424023E+0	1.233255E-4	1.501933E+2	4.036280E-5	1.553598E+1	-3.147551E+0	2.173395E+0
1.426172E+0	1.607773E-4	8.997301E+1	4.122195E-5	1.636142E+1	1.004549E-1	3.741819E+0
1.428320E+0	1.744355E-4	3.823854E+1	4.087986E-5	1.449555E+0	2.417234E+0	2.555393E+0
1.430469E+0	1.758926E-4	-4.343760E+0	4.612050E-5	4.289883E+0	2.770546E+0	-5.725063E-1
1.432617E+0	1.558339E-4	-4.361827E+1	4.306324E-5	-4.604084E+0	1.811711E+0	-2.278032E+0
1.434765E+0	1.256913E-4	-9.349610E+1	3.807585E-5	-1.453428E+1	-3.679657E-1	-3.240006E+0
1.436914E+0	8.428792E-5	-1.564409E+2	4.573120E-5	-1.568458E+1	-2.427424E+0	-1.165992E+0
1.439062E+0	7.928807E-5	1.094201E+2	4.138419E-5	-2.243538E+1	-2.278394E+0	1.427022E+0
1.441211E+0	1.079449E-4	3.053945E+1	4.576678E-5	-3.087716E+1	1.284357E-1	2.071126E+0
1.443359E+0	1.052627E-4	-1.821939E+1	4.722673E-5	-3.249240E+1	1.160079E+0	5.495136E-1
1.445508E+0	8.411266E-5	-4.694345E+1	5.006151E-5	-4.244842E+1	6.750182E-1	-1.316806E-1
1.447656E+0	6.417837E-5	-7.077975E+1	5.018372E-5	-4.412086E+1	1.429164E-1	-5.737999E-1
1.449805E+0	3.955125E-5	-6.898370E+1	4.788554E-5	-5.081412E+1	-2.152300E-1	-2.575576E-1
1.451953E+0	3.849736E-5	-7.350414E+1	4.771648E-5	-5.938777E+1	-2.175695E-1	-1.967706E-1
1.454101E+0	4.333035E-5	-7.058608E+1	4.578013E-5	-6.721748E+1	-5.514722E-2	-5.561498E-2
1.456250E+0	4.011176E-5	-7.181379E+1	5.137704E-5	-7.139185E+1	-2.192880E-1	-5.749456E-3
1.458398E+0	4.715703E-5	-7.498232E+1	4.668438E-5	-7.773763E+1	8.956603E-3	4.855738E-2
1.460547E+0	5.194857E-5	-7.437440E+1	5.274482E-5	-8.201524E+1	-2.384121E-2	1.309556E-1
1.462695E+0	4.963081E-5	-7.810420E+1	5.162626E-5	-9.685934E+1	-8.969819E-2	3.090969E-1
1.464844E+0	5.662972E-5	-9.336265E+1	5.083341E-5	-9.091511E+1	1.130093E-1	-4.757406E-2
1.466992E+0	5.087900E-5	-1.029382E+2	4.605968E-5	-1.064984E+2	1.025003E-1	6.859460E-2
1.469140E+0	5.040733E-5	-1.052915E+2	4.525850E-5	-1.102895E+2	1.095301E-1	9.703228E-2
1.471289E+0	5.848016E-5	-1.139038E+2	4.784440E-5	-1.229731E+2	2.070183E-1	1.926697E-1
1.473437E+0	5.408274E-5	-1.312616E+2	4.523105E-5	-1.265309E+2	1.916261E-1	-9.861233E-2
1.475586E+0	4.971855E-5	-1.321509E+2	4.646795E-5	-1.338382E+2	6.948967E-2	3.150445E-2
1.477734E+0	3.874935E-5	-1.495638E+2	4.767883E-5	-1.332008E+2	-2.202021E-1	-2.289599E-1
1.479883E+0	4.363638E-5	-1.419265E+2	4.570137E-5	-1.451238E+2	-4.667069E-2	5.325432E-2
1.482031E+0	4.666458E-5	-1.445508E+2	5.025261E-5	-1.541860E+2	-8.449927E-2	1.554240E-1
1.484180E+0	5.079523E-5	-1.467865E+2	4.615145E-5	-1.527704E+2	9.462343E-2	1.147386E-1
1.486328E+0	4.546809E-5	-1.653766E+2	4.465062E-5	-1.581558E+2	1.023208E-2	-1.279946E-1
1.488476E+0	5.052157E-5	-1.663869E+2	4.160815E-5	-1.720575E+2	2.082810E-1	1.199763E-1
1.490625E+0	4.670854E-5	-1.697893E+2	4.939342E-5	-1.721690E+2	-5.517256E-2	3.926467E-2
1.492773E+0	4.681520E-5	1.761177E+2	4.523390E-5	-1.789540E+2	3.113204E-2	-8.891227E-2
1.494922E+0	4.242437E-5	1.787782E+2	4.384543E-5	1.779141E+2	-3.252071E-2	1.459204E-2
1.497070E+0	4.532684E-5	1.760496E+2	4.426861E-5	1.757631E+2	2.389195E-2	5.119880E-3
1.499219E+0	4.218674E-5	1.673599E+2	4.670158E-5	1.627836E+2	-9.955408E-2	7.207330E-2
1.501367E+0	4.571097E-5	1.599812E+2	4.558238E-5	1.550896E+2	-8.314203E-4	8.551140E-2
1.503515E+0	4.185396E-5	1.543768E+2	4.348948E-5	1.532119E+2	-3.780616E-2	1.956539E-2
1.505664E+0	4.021145E-5	1.451139E+2	4.611937E-5	1.400012E+2	-1.315696E-1	7.769938E-2
1.507812E+0	4.284842E-5	1.359320E+2	4.680467E-5	1.443472E+2	-9.438322E-2	-1.339754E-1
1.509961E+0	4.886305E-5	1.313084E+2	4.435455E-5	1.342303E+2	1.002146E-1	-5.615609E-2
1.512109E+0	4.331595E-5	1.294747E+2	4.325714E-5	1.247241E+2	-2.080491E-3	8.293124E-2
1.514258E+0	4.477343E-5	1.233362E+2	4.614428E-5	1.233384E+2	-2.970791E-2	-3.725654E-5
1.516406E+0	4.541847E-5	1.237023E+2	4.747945E-5	1.157928E+2	-5.250822E-2	1.316355E-1
1.518554E+0	4.087666E-5	1.178693E+2	4.936998E-5	1.110744E+2	-1.778497E-1	9.796127E-2
1.520703E+0	5.203493E-5	1.072480E+2	5.017782E-5	1.056011E+2	3.658221E-2	2.980355E-2
1.522851E+0	5.471028E-5	9.562514E+1	4.578738E-5	9.566865E+1	1.948765E-1	-9.073807E-4
1.525000E+0	5.518825E-5	7.961826E+1	4.247333E-5	9.843039E+1	2.299518E-1	-4.190003E-1
1.527148E+0	3.763479E-5	5.872794E+1	4.476236E-5	9.240830E+1	-3.003592E-1	-4.662560E-1
1.529297E+0	2.431214E-5	8.385923E+1	4.290240E-5	8.206747E+1	-4.335922E-1	1.771854E-2
1.531445E+0	4.202988E-5	1.094283E+2	5.008426E-5	7.315120E+1	-3.234798E-1	4.965373E-1
1.533594E+0	7.118340E-5	8.943014E+1	4.923662E-5	6.767846E+1	3.428023E-1	5.357695E-1
1.535742E+0	8.175369E-5	6.642323E+1	4.913572E-5	6.136522E+1	6.573551E-1	1.466908E-1
1.537890E+0	6.751964E-5	3.395537E+1	4.141152E-5	5.596002E+1	5.116824E-1	-6.109021E-1
1.540039E+0	4.549012E-5	2.025628E+1	4.229544E-5	5.433067E+1	-1.091248E-1	-6.025873E-1
1.542187E+0	2.663713E-5	1.636665E+1	4.186371E-5	4.171836E+1	-4.249941E-1	-2.724392E-1
1.544336E+0	2.541333E-5	6.140671E+1	4.520649E-5	3.442031E+1	-4.990502E-1	2.550969E-1
1.546484E+0	5.519160E-5	6.275066E+1	4.443056E-5	3.741575E+1	1.227268E-1	5.315477E-1
1.548633E+0	6.341664E-5	3.703901E+1	4.530264E-5	2.341991E+1	3.604842E-1	3.296159E-1
1.550781E+0	6.044274E-5	1.708976E+1	4.601846E-5	1.509490E+1	3.126495E-1	4.572083E-2
1.552929E+0	5.072028E-5	7.062299E+0	4.403300E-5	2.146373E+1	1.156745E-1	-2.864862E-1
1.555078E+0	5.008991E-5	3.443388E+0	4.280934E-5	6.700174E+0	1.681799E-1	-6.647287E-2
1.557226E+0	4.419320E-5	7.986781E+0	5.040471E-5	1.572074E+0	-1.287219E-1	9.795596E-2
1.559375E+0	4.495142E-5	-5.436572E-1	4.762543E-5	-4.053629E+0	-5.791720E-2	5.778483E-2
1.561523E+0	4.075761E-5	-7.337324E+0	5.337358E-5	-7.335467E+0	-2.363711E-1	-2.474980E-5
1.563672E+0	4.549954E-5	-1.324052E+1	5.048917E-5	-1.428370E+1	-9.897511E-2	1.640671E-2
1.565820E+0	5.477009E-5	-2.221771E+1	5.029577E-5	-1.921175E+1	8.746185E-2	-5.710489E-2
1.567969E+0	5.210019E-5	-2.316031E+1	5.179334E-5	-3.038269E+1	-2.056830E-3	1.264656E-1
1.570117E+0	5.137820E-5	-3.179231E+1	4.989865E-5	-3.275112E+1	2.950693E-2	1.722978E-2
1.572265E+0	5.707118E-5	-4.033807E+1	5.300177E-5	-4.167317E+1	7.648644E-2	2.508871E-2
1.574414E+0	5.231549E-5	-4.511904E+1	5.120031E-5	-4.578763E+1	2.171116E-2	1.192299E-2
1.576562E+0	4.962976E-5	-5.254627E+1	4.583380E-5	-4.933822E+1	8.112323E-2	-6.059655E-2
1.578711E+0	4.845861E-5	-4.906901E+1	5.565795E-5	-5.544732E+1	-1.347390E-1	9.672291E-2
1.580859E+0	4.989458E-5	-6.975788E+1	5.269827E-5	-6.816681E+1	-5.356773E-2	-2.628862E-2
1.583008E+0	4.915254E-5	-7.081431E+1	4.919244E-5	-6.764095E+1	-2.343246E-3	-5.531237E-2
1.585156E+0	5.286217E-5	-7.760786E+1	5.446247E-5	-7.390965E+1	-3.140472E-2	-6.260586E-2
1.587304E+0	4.950340E-5	-8.291323E+1	4.669189E-5	-8.114451E+1	5.970897E-2	-3.272360E-2
1.589453E+0	5.193888E-5	-8.808488E+1	4.887523E-5	-9.244100E+1	5.961322E-2	8.071653E-2
1.591601E+0	4.573402E-5	-9.597925E+1	5.107154E-5	-9.827863E+1	-1.052317E-1	3.592791E-2
1.593750E+0	5.634271E-5	-1.002015E+2	4.914998E-5	-1.045509E+2	1.430411E-1	8.693685E-2
1.595898E+0	5.575146E-5	-1.052090E+2	5.339033E-5	-1.091169E+2	4.179599E-2	7.116684E-2
1.598047E+0	4.793358E-5	-1.194855E+2	4.973802E-5	-1.210650E+2	-3.664506E-2	2.656399E-2
1.600195E+0	5.384984E-5	-1.233942E+2	5.114795E-5	-1.239359E+2	5.277794E-2	9.953731E-3
1.602344E+0	4.778611E-5	-1.261249E+2	5.215903E-5	-1.307906E+2	-8.687414E-2	7.452230E-2
1.604492E+0	5.134824E-5	-1.369880E+2	5.457898E-5	-1.395415E+2	-6.012802E-2	4.191501E-2
1.606640E+0	5.123101E-5	-1.366753E+2	4.637889E-5	-1.389371E+2	1.037586E-1	4.359446E-2
1.608789E+0	4.958534E-5	-1.523768E+2	5.020385E-5	-1.465391E+2	-1.744208E-2	-1.004578E-1
1.610937E+0	4.556634E-5	-1.541865E+2	5.134697E-5	-1.534193E+2	-1.126593E-1	-1.188235E-2
1.613086E+0	5.052477E-5	-1.587306E+2	5.070727E-5	-1.585137E+2	-3.606229E-3	-3.771985E-3
1.615234E+0	5.205248E-5	-1.653372E+2	4.873378E-5	-1.723155E+2	6.018633E-2	1.297669E-1
1.617383E+0	5.442543E-5	-1.664778E+2	4.743554E-5	-1.717535E+2	1.424951E-1	1.054974E-1
1.619531E+0	4.251496E-5	1.739284E+2	4.743126E-5	-1.733446E+2	-1.256736E-1	-1.974710E-1
1.621679E+0	4.197101E-5	1.697452E+2	4.853787E-5	1.761965E+2	-1.407691E-1	-9.715726E-2
1.623828E+0	4.402720E-5	1.661894E+2	4.539347E-5	1.707954E+2	-3.323070E-2	-7.788631E-2
1.625976E+0	4.038917E-5	1.748635E+2	5.054036E-5	1.675420E+2	-2.073688E-1	1.018407E-1
1.628125E+0	5.196844E-5	-1.765894E+2	4.814899E-5	1.587290E+2	-1.927903E-2	4.506997E-1
1.630273E+0	6.388579E-5	1.607537E+2	4.963570E-5	1.524259E+2	2.735220E-1	1.864179E-1
1.632422E+0	6.310658E-5	1.334556E+2	5.089590E-5	1.486676E+2	1.964701E-1	-3.253428E-1
1.634570E+0	4.118969E-5	1.176593E+2	5.208471E-5	1.467838E+2	-3.091670E-1	-3.848997E-1
1.636719E+0	2.846129E-5	1.473702E+2	5.091518E-5	1.329674E+2	-4.585744E-1	1.390427E-1
1.638867E+0	4.313320E-5	1.578357E+2	4.854613E-5	1.297458E+2	-2.161572E-1	4.183555E-1
1.641015E+0	6.590339E-5	1.455038E+2	4.612007E-5	1.275760E+2	3.595700E-1	4.398577E-1
1.643164E+0	7.234012E-5	1.125804E+2	5.358275E-5	1.134121E+2	3.499214E-1	-1.959670E-2
1.645312E+0	5.683631E-5	9.595090E+1	4.795011E-5	1.089588E+2	1.549053E-1	-2.667986E-1
1.647461E+0	4.668495E-5	9.993936E+1	5.124012E-5	1.066022E+2	-9.505198E-2	-1.057120E-1
1.649609E+0	4.652711E-5	1.136935E+2	4.913975E-5	1.002959E+2	-7.893504E-2	2.193879E-1
1.651758E+0	5.018656E-5	1.023356E+2	5.136867E-5	1.001037E+2	-2.375343E-2	3.804796E-2
1.653906E+0	5.571768E-5	9.489130E+1	4.926155E-5	8.733257E+1	1.212299E-1	1.487821E-1
1.656054E+0	5.447420E-5	9.063960E+1	5.226776E-5	8.380083E+1	3.479898E-2	1.241025E-1
1.658203E+0	6.275285E-5	7.267477E+1	5.369953E-5	8.210224E+1	1.528089E-1	-1.914142E-1
1.660351E+0	5.695681E-5	6.221072E+1	5.499283E-5	6.752722E+1	3.125780E-2	-9.596644E-2
1.662500E+0	5.164223E-5	5.529773E+1	5.014406E-5	6.253960E+1	2.166183E-2	-1.298245E-1
1.664648E+0	4.916839E-5	5.502322E+1	5.571324E-5	5.928453E+1	-1.199136E-1	-6.557641E-2
1.666797E+0	5.294675E-5	4.654890E+1	5.002084E-5	5.068243E+1	5.574044E-2	-7.629744E-2
1.668945E+0	5.688850E-5	4.770823E+1	4.426828E-5	4.072995E+1	2.755654E-1	1.561289E-1
1.671094E+0	4.892775E-5	3.909963E+1	5.404771E-5	3.592031E+1	-9.612373E-2	5.020728E-2
1.673242E+0	5.426506E-5	3.703633E+1	4.923946E-5	3.093941E+1	9.583083E-2	1.170510E-1
1.675390E+0	4.812513E-5	2.327349E+1	5.006749E-5	2.687201E+1	-4.068999E-2	-6.032979E-2
1.677539E+0	5.188998E-5	1.913253E+1	5.220470E-5	2.625514E+1	-1.369897E-2	-1.232456E-1
1.679687E+0	5.249397E-5	1.188921E+1	5.045291E-5	1.350653E+1	4.004027E-2	-2.936560E-2
1.681836E+0	5.445824E-5	1.170465E+1	5.339881E-5	7.805468E+0	1.747928E-2	6.935018E-2
1.683984E+0	5.010575E-5	-6.140915E+0	5.132870E-5	3.511065E+0	-3.764425E-2	-1.636685E-1
1.686133E+0	5.210164E-5	-3.426972E+0	4.361330E-5	-4.924455E+0	1.942193E-1	3.121924E-2
1.688281E+0	4.922402E-5	-7.518499E+0	4.792008E-5	-7.752180E+0	2.720218E-2	4.189470E-3
1.690429E+0	5.172546E-5	-1.772527E+1	5.103184E-5	-1.724284E+1	1.355598E-2	-8.534335E-3
1.692578E+0	4.694820E-5	-2.322888E+1	4.849158E-5	-2.493616E+1	-3.225758E-2	2.884499E-2
1.694726E+0	4.275961E-5	-2.434130E+1	5.175585E-5	-2.475881E+1	-1.738427E-1	6.020252E-3
1.696875E+0	5.455065E-5	-3.015244E+1	5.423646E-5	-2.993108E+1	5.785460E-3	-3.885832E-3
1.699023E+0	4.904023E-5	-3.495427E+1	4.748038E-5	-3.060979E+1	2.988474E-2	-7.824151E-2
1.701172E+0	5.147907E-5	-4.672892E+1	5.317167E-5	-4.639170E+1	-3.184951E-2	-5.698212E-3
1.703320E+0	5.686561E-5	-5.273752E+1	4.910305E-5	-4.533329E+1	1.484306E-1	-1.492413E-1
1.705469E+0	4.669245E-5	-4.886439E+1	4.359062E-5	-5.678636E+1	6.093580E-2	1.476317E-1
1.707617E+0	4.540590E-5	-6.178570E+1	5.549194E-5	-5.658653E+1	-1.851233E-1	-7.414768E-2
1.709765E+0	5.258204E-5	-6.934134E+1	5.228592E-5	-6.697366E+1	4.804933E-3	-4.154602E-2
1.711914E+0	5.388538E-5	-5.953645E+1	5.552997E-5	-7.513913E+1	-6.537491E-2	2.609991E-1
1.714062E+0	5.813074E-5	-7.986255E+1	5.105004E-5	-7.758132E+1	1.377987E-1	-4.532538E-2
1.716211E+0	5.498202E-5	-8.610482E+1	5.318735E-5	-8.157387E+1	3.051178E-2	-8.166317E-2
1.718359E+0	6.166083E-5	-9.466694E+1	5.466893E-5	-9.221189E+1	1.268601E-1	-4.831407E-2
1.720508E+0	4.858226E-5	-9.956256E+1	4.909005E-5	-9.802293E+1	-1.070134E-2	-2.659045E-2
1.722656E+0	5.580842E-5	-9.957628E+1	4.688183E-5	-1.016340E+2	1.896386E-1	4.274304E-2
1.724804E+0	6.079760E-5	-1.079941E+2	5.961833E-5	-1.093603E+2	1.949043E-2	2.431404E-2
1.726953E+0	6.421313E-5	-1.151197E+2	5.893258E-5	-1.166018E+2	8.923872E-2	2.818220E-2
1.729101E+0	6.314665E-5	-1.271659E+2	5.474618E-5	-1.251572E+2	1.527352E-1	-4.042965E-2
1.731250E+0	5.296246E-5	-1.317073E+2	5.479331E-5	-1.324884E+2	-3.350357E-2	1.317684E-2
1.733398E+0	5.209902E-5	-1.360713E+2	5.551756E-5	-1.368635E+2	-6.166553E-2	1.297471E-2
1.735547E+0	5.839051E-5	-1.343989E+2	5.487498E-5	-1.425473E+2	5.332186E-2	1.508178E-1
1.737695E+0	5.673787E-5	-1.522421E+2	5.254549E-5	-1.518605E+2	7.976178E-2	-7.191510E-3
1.739844E+0	5.463158E-5	-1.672221E+2	5.052491E-5	-1.548410E+2	5.613284E-2	-2.318407E-1
1.741992E+0	5.361761E-5	-1.730911E+2	4.654533E-5	-1.628062E+2	1.334346E-1	-2.056714E-1
1.744140E+0	5.267890E-5	-1.749639E+2	4.545302E-5	-1.720010E+2	1.574254E-1	-5.990661E-2
1.746289E+0	5.385428E-5	-1.794801E+2	4.943464E-5	-1.704432E+2	7.588136E-2	-1.711132E-1
1.748437E+0	5.347054E-5	-1.793993E+2	5.440796E-5	1.769664E+2	-1.920585E-2	6.229583E-2
1.750586E+0	5.145640E-5	1.628288E+2	5.881687E-5	1.710496E+2	-1.341319E-1	-1.250944E-1
1.752734E+0	5.009947E-5	1.601367E+2	5.997645E-5	1.641105E+2	-1.666892E-1	-5.788786E-2
1.754883E+0	5.088131E-5	1.603402E+2	5.100805E-5	1.607857E+2	-2.514859E-3	-7.756044E-3
1.757031E+0	5.409618E-5	1.558327E+2	5.066012E-5	1.539931E+2	6.727539E-2	3.427887E-2
1.759179E+0	4.995681E-5	1.472605E+2	5.028447E-5	1.501499E+2	-7.779143E-3	-5.007971E-2
1.761328E+0	5.608656E-5	1.393152E+2	5.113582E-5	1.460593E+2	8.922615E-2	-1.288047E-1
1.763476E+0	5.412392E-5	1.363592E+2	4.876537E-5	1.375812E+2	1.096319E-1	-2.366973E-2
1.765625E+0	4.814841E-5	1.337397E+2	5.551107E-5	1.308920E+2	-1.337052E-1	4.309185E-2
1.767773E+0	4.987064E-5	1.206841E+2	4.599112E-5	1.308816E+2	6.722450E-2	-1.919759E-1
1.769922E+0	4.595812E-5	1.193023E+2	5.398640E-5	1.216818E+2	-1.494433E-1	-3.534403E-2
1.772070E+0	5.442073E-5	1.164710E+2	4.441334E-5	1.178400E+2	2.249742E-1	-2.927456E-2
1.774219E+0	4.995548E-5	1.146487E+2	4.701839E-5	1.088207E+2	5.697516E-2	1.078855E-1
1.776367E+0	5.984290E-5	1.009274E+2	4.749275E-5	1.042441E+2	2.579323E-1	-7.289979E-2
1.778515E+0	5.307969E-5	9.587038E+1	5.150052E-5	1.026604E+2	2.343423E-2	-1.218563E-1
1.780664E+0	5.424762E-5	8.996864E+1	4.729505E-5	8.898369E+1	1.468347E-1	1.971674E-2
1.782812E+0	5.407018E-5	8.362343E+1	5.467822E-5	8.800273E+1	-1.400746E-2	-7.550967E-2
1.784961E+0	5.376380E-5	7.579556E+1	5.592380E-5	7.785502E+1	-3.924497E-2	-3.454860E-2
1.787109E+0	6.052624E-5	7.486476E+1	5.198388E-5	6.859835E+1	1.573704E-1	1.270881E-1
1.789258E+0	5.360170E-5	6.685464E+1	5.291575E-5	6.968230E+1	1.172971E-2	-4.997144E-2
1.791406E+0	5.542445E-5	6.587262E+1	4.836400E-5	6.222239E+1	1.436608E-1	7.295969E-2
1.793554E+0	5.760134E-5	5.068400E+1	5.572912E-5	5.528283E+1	3.026736E-2	-8.287217E-2
1.795703E+0	5.153648E-5	4.465210E+1	5.388714E-5	4.878206E+1	-4.610538E-2	-6.887739E-2
1.797851E+0	5.773507E-5	3.687302E+1	5.068854E-5	4.491007E+1	1.278287E-1	-1.592498E-1
1.800000E+0	5.229010E-5	3.601545E+1	5.797693E-5	4.032645E+1	-1.006396E-1	-6.779689E-2
