7.021484E-1	1.965988E-5	-8.719439E+1	2.606970E-5	-1.009383E+2	-2.674651E-1	1.791676E-1
7.042969E-1	2.400836E-5	-1.232571E+2	2.647591E-5	-1.139236E+2	-1.052049E-1	-1.470656E-1
7.064453E-1	2.100421E-5	-1.066117E+2	1.711824E-5	-1.036079E+2	2.253217E-1	-6.429788E-2
7.085937E-1	2.382796E-5	-1.183132E+2	1.743728E-5	-1.274088E+2	3.493129E-1	2.160186E-1
7.107422E-1	2.034717E-5	-1.394486E+2	2.133396E-5	-1.229607E+2	-8.547273E-2	-2.706853E-1
7.128906E-1	2.186658E-5	-1.237725E+2	2.232456E-5	-1.299689E+2	-2.623703E-2	1.057226E-1
7.150391E-1	2.290865E-5	-1.459671E+2	2.754526E-5	-1.318020E+2	-1.936143E-1	-2.035244E-1
7.171875E-1	2.671355E-5	-1.383833E+2	2.711997E-5	-1.297872E+2	-2.605110E-2	-1.472281E-1
7.193359E-1	2.751603E-5	-1.466888E+2	2.515366E-5	-1.361510E+2	7.546804E-2	-2.000602E-1
7.214844E-1	2.786946E-5	-1.510188E+2	2.264622E-5	-1.505863E+2	2.306101E-1	-9.289497E-3
7.236328E-1	1.961770E-5	-1.624308E+2	2.193908E-5	-1.589451E+2	-1.074645E-1	-5.436622E-2
7.257812E-1	1.845033E-5	-1.705677E+2	2.549758E-5	-1.579445E+2	-2.938798E-1	-1.581368E-1
7.279297E-1	3.029157E-5	-1.762157E+2	2.293902E-5	-1.695883E+2	3.117017E-1	-1.524048E-1
7.300781E-1	2.572674E-5	-1.764115E+2	2.468310E-5	1.737683E+2	2.700987E-2	1.777683E-1
7.322266E-1	2.607701E-5	1.710115E+2	2.618762E-5	1.731010E+2	-4.885851E-3	-3.630657E-2
7.343750E-1	2.258155E-5	1.778639E+2	2.606605E-5	1.691593E+2	-1.436581E-1	1.311091E-1
7.365234E-1	2.608659E-5	1.644036E+2	2.777334E-5	1.721098E+2	-6.921551E-2	-1.259496E-1
7.386719E-1	2.665259E-5	1.580407E+2	2.809385E-5	1.670354E+2	-6.296795E-2	-1.483224E-1
7.408203E-1	2.685243E-5	1.615593E+2	2.735739E-5	1.492556E+2	-4.100214E-2	2.091602E-1
7.429687E-1	3.033730E-5	1.347375E+2	2.848733E-5	1.429202E+2	5.409821E-2	-1.515730E-1
7.451172E-1	2.704311E-5	1.452960E+2	1.852715E-5	1.358515E+2	4.398621E-1	2.395167E-1
7.472656E-1	2.077035E-5	1.324632E+2	2.831213E-5	1.394550E+2	-2.718353E-1	-8.930160E-2
7.494141E-1	2.742639E-5	1.223451E+2	2.576319E-5	1.233909E+2	6.437989E-2	-1.942992E-2
7.515625E-1	2.407724E-5	1.191308E+2	1.938507E-5	1.105602E+2	2.281807E-1	1.851003E-1
7.537109E-1	2.404848E-5	1.156416E+2	2.707919E-5	1.209405E+2	-1.157155E-1	-8.201547E-2
7.558594E-1	2.172402E-5	1.005843E+2	2.395428E-5	1.081683E+2	-1.010380E-1	-1.196916E-1
7.580078E-1	2.840467E-5	1.097066E+2	3.027095E-5	1.112246E+2	-6.198182E-2	-2.485776E-2
7.601562E-1	2.397991E-5	1.012769E+2	2.684838E-5	9.874460E+1	-1.077118E-1	3.946214E-2
7.623047E-1	2.604125E-5	1.061212E+2	3.035439E-5	8.146198E+1	-2.203293E-1	3.579363E-1
7.644531E-1	2.675721E-5	8.253462E+1	2.770167E-5	9.086019E+1	-4.427340E-2	-1.398611E-1
7.666015E-1	2.640885E-5	6.760999E+1	2.606082E-5	7.827683E+1	-4.156148E-3	-1.875698E-1
7.687500E-1	2.368538E-5	5.933070E+1	1.804813E-5	7.544220E+1	2.608010E-1	-3.641857E-1
7.708984E-1	2.208003E-5	6.882513E+1	1.987621E-5	6.016418E+1	9.820966E-2	1.672838E-1
7.730469E-1	2.218766E-5	5.021844E+1	2.301431E-5	6.282038E+1	-5.914427E-2	-2.103396E-1
7.751953E-1	1.979738E-5	5.434845E+1	2.802298E-5	4.411089E+1	-3.047780E-1	1.255607E-1
7.773437E-1	2.854835E-5	4.020589E+1	2.755109E-5	5.463414E+1	3.515548E-3	-2.581865E-1
7.794922E-1	2.757769E-5	4.953036E+1	2.508288E-5	5.723327E+1	8.954154E-2	-1.473681E-1
7.816406E-1	2.652370E-5	5.265438E+1	2.812126E-5	3.552257E+1	-9.865940E-2	2.778364E-1
7.837890E-1	3.602040E-5	4.040511E+1	2.447218E-5	3.034374E+1	4.492558E-1	2.571438E-1
7.859375E-1	2.947499E-5	2.423820E+1	3.085486E-5	2.454294E+1	-4.473483E-2	-5.080832E-3
7.880859E-1	2.536134E-5	2.280363E+1	2.195149E-5	3.019617E+1	1.457325E-1	-1.486530E-1
7.902344E-1	2.988846E-5	5.316790E+0	2.748606E-5	7.230397E+0	8.679788E-2	-3.631119E-2
7.923828E-1	2.599779E-5	4.070635E+0	3.225468E-5	8.828838E+0	-1.967618E-1	-6.685974E-2
7.945312E-1	2.392562E-5	-1.158059E+1	2.683651E-5	1.127725E+1	-1.784783E-1	-3.463122E-1
7.966797E-1	2.784162E-5	-1.761788E+1	2.187883E-5	-1.232655E+1	2.671143E-1	-1.173532E-1
7.988281E-1	3.195757E-5	-2.965975E+1	2.443773E-5	-2.650529E+1	3.057329E-1	-7.196078E-2
8.009765E-1	2.608790E-5	-3.288890E+1	2.624943E-5	-1.583693E+1	-4.984397E-2	-2.914345E-1
8.031250E-1	2.673637E-5	-9.086531E+0	2.352464E-5	-2.824162E+1	7.360114E-2	3.729241E-1
8.052734E-1	2.867690E-5	-3.823265E+1	2.523118E-5	-2.942262E+1	1.231563E-1	-1.740751E-1
8.074218E-1	2.529135E-5	-3.160162E+1	2.832219E-5	-4.807622E+1	-1.436740E-1	2.532424E-1
8.095703E-1	2.758426E-5	-4.833307E+1	2.769977E-5	-4.589317E+1	-5.072864E-3	-4.239389E-2
8.117187E-1	2.301793E-5	-4.582896E+1	2.837741E-5	-5.027999E+1	-1.913107E-1	6.294982E-2
8.138672E-1	2.665720E-5	-7.404515E+1	2.783163E-5	-5.475423E+1	-9.597509E-2	-3.164242E-1
8.160156E-1	2.624769E-5	-6.552610E+1	2.451126E-5	-7.179543E+1	6.443802E-2	1.169384E-1
8.181640E-1	3.048241E-5	-6.766377E+1	2.734956E-5	-5.903524E+1	1.019338E-1	-1.672131E-1
8.203125E-1	2.298541E-5	-7.740965E+1	2.546395E-5	-7.936722E+1	-9.786205E-2	3.083448E-2
8.224609E-1	3.152507E-5	-8.894169E+1	2.940083E-5	-8.142096E+1	6.302706E-2	-1.403415E-1
8.246093E-1	2.547196E-5	-8.810175E+1	2.471803E-5	-8.754817E+1	3.045312E-2	-9.956335E-3
8.267578E-1	2.319715E-5	-1.010913E+2	2.658897E-5	-8.840079E+1	-1.488777E-1	-1.916606E-1
8.289062E-1	2.751548E-5	-1.019021E+2	2.554396E-5	-1.029553E+2	7.699948E-2	1.979943E-2
8.310547E-1	2.477735E-5	-1.025294E+2	2.250727E-5	-9.286067E+1	8.522245E-2	-1.848909E-1
8.332031E-1	3.358773E-5	-1.092666E+2	3.003055E-5	-1.133852E+2	1.155637E-1	8.032861E-2
8.353515E-1	2.788742E-5	-1.251253E+2	2.998710E-5	-1.231871E+2	-7.055149E-2	-3.145336E-2
8.375000E-1	2.411876E-5	-1.202712E+2	3.037666E-5	-1.323777E+2	-2.236689E-1	1.665231E-1
8.396484E-1	2.379720E-5	-1.355055E+2	3.074193E-5	-1.300437E+2	-2.294187E-1	-7.368006E-2
8.417968E-1	2.459322E-5	-1.346467E+2	2.562619E-5	-1.415760E+2	-4.731895E-2	1.157814E-1
8.439453E-1	2.993978E-5	-1.519050E+2	3.302131E-5	-1.432483E+2	-1.036484E-1	-1.364679E-1
8.460937E-1	2.621450E-5	-1.438718E+2	2.883372E-5	-1.440816E+2	-9.084488E-2	3.329069E-3
8.482422E-1	2.603978E-5	-1.550103E+2	2.713533E-5	-1.483461E+2	-4.685742E-2	-1.113648E-1
8.503906E-1	2.662273E-5	-1.585848E+2	2.573273E-5	-1.681951E+2	2.006696E-2	1.727200E-1
8.525390E-1	3.172048E-5	-1.647136E+2	2.809390E-5	-1.774953E+2	1.011091E-1	2.497960E-1
8.546875E-1	3.025854E-5	-1.619238E+2	3.061342E-5	-1.781342E+2	-5.088840E-2	2.759292E-1
8.568359E-1	2.683484E-5	-1.761690E+2	2.328647E-5	-1.778346E+2	1.518922E-1	3.349518E-2
8.589843E-1	2.482975E-5	1.781823E+2	2.476615E-5	-1.738893E+2	-7.015312E-3	-1.382897E-1
8.611328E-1	2.593629E-5	1.703117E+2	2.872073E-5	1.711998E+2	-9.705727E-2	-1.399698E-2
8.632812E-1	2.369754E-5	1.656872E+2	3.489231E-5	1.648800E+2	-3.209051E-1	9.567924E-3
8.654296E-1	2.812387E-5	1.632707E+2	3.197943E-5	1.656014E+2	-1.212913E-1	-3.576418E-2
8.675781E-1	2.776909E-5	1.582843E+2	2.593990E-5	1.492895E+2	5.735182E-2	1.673697E-1
8.697265E-1	2.357038E-5	1.510898E+2	2.976749E-5	1.375595E+2	-2.301596E-1	1.852530E-1
8.718750E-1	3.196748E-5	1.328425E+2	2.671828E-5	1.432755E+2	1.766840E-1	-2.166625E-1
8.740234E-1	3.159859E-5	1.347894E+2	3.577605E-5	1.252207E+2	-1.290554E-1	1.468199E-1
8.761718E-1	2.587145E-5	1.359333E+2	2.774672E-5	1.331280E+2	-6.870268E-2	4.563439E-2
8.783203E-1	2.817850E-5	1.246658E+2	2.808025E-5	1.270521E+2	2.628681E-3	-4.178244E-2
8.804687E-1	2.773812E-5	1.086717E+2	2.955659E-5	1.162454E+2	-6.971215E-2	-1.236923E-1
8.826171E-1	2.344232E-5	1.194155E+2	2.788206E-5	1.006766E+2	-2.037999E-1	2.701015E-1
8.847656E-1	2.951733E-5	9.975084E+1	2.527183E-5	9.776709E+1	1.672934E-1	4.043132E-2
8.869140E-1	3.104340E-5	9.892945E+1	3.105407E-5	1.003700E+2	-6.595377E-4	-2.513105E-2
8.890625E-1	2.709282E-5	8.093966E+1	3.246857E-5	1.012554E+2	-2.174748E-1	-2.897093E-1
8.912109E-1	2.860573E-5	8.177008E+1	3.167790E-5	9.396450E+1	-1.173568E-1	-1.907442E-1
8.933593E-1	2.732549E-5	7.975493E+1	3.219508E-5	7.660580E+1	-1.525343E-1	4.662595E-2
8.955078E-1	2.968368E-5	7.516640E+1	3.128155E-5	7.949268E+1	-5.378409E-2	-7.158280E-2
8.976562E-1	3.216638E-5	6.746447E+1	2.345448E-5	6.476316E+1	3.699147E-1	6.463493E-2
8.998046E-1	2.534906E-5	6.408590E+1	2.603146E-5	5.326006E+1	-4.354524E-2	1.829006E-1
9.019531E-1	3.328042E-5	5.747630E+1	2.820885E-5	5.230705E+1	1.749882E-1	1.062965E-1
9.041015E-1	2.606929E-5	5.967926E+1	2.827459E-5	4.202844E+1	-1.214018E-1	2.795657E-1
9.062500E-1	2.620307E-5	4.463259E+1	3.073794E-5	4.580523E+1	-1.477118E-1	-1.744573E-2
9.083984E-1	3.381045E-5	3.498777E+1	3.151727E-5	3.176379E+1	7.106163E-2	6.033133E-2
9.105468E-1	2.707702E-5	2.501852E+1	3.278726E-5	3.342931E+1	-1.830424E-1	-1.207950E-1
9.126953E-1	2.782716E-5	2.611832E+1	3.275760E-5	3.445418E+1	-1.594875E-1	-1.231548E-1
9.148437E-1	2.741642E-5	2.683437E+1	2.811270E-5	1.597840E+1	-4.222047E-2	1.836761E-1
9.169921E-1	3.676982E-5	1.038230E+1	3.015098E-5	9.960719E+0	2.194902E-1	8.973142E-3
9.191406E-1	3.135695E-5	-1.574341E+0	3.460722E-5	3.012777E+0	-9.682112E-2	-7.246367E-2
9.212890E-1	3.129351E-5	-6.540291E-1	3.068688E-5	-7.101466E+0	1.331864E-2	1.145115E-1
9.234374E-1	2.772350E-5	2.457969E+0	3.327976E-5	-6.577669E+0	-1.772935E-1	1.308285E-1
9.255859E-1	2.741562E-5	-1.353449E+1	3.073109E-5	-1.677363E+1	-1.093118E-1	5.040758E-2
9.277343E-1	3.629683E-5	-2.421798E+1	3.465790E-5	-2.154917E+1	4.615286E-2	-4.876457E-2
9.298828E-1	2.903409E-5	-2.503330E+1	3.024709E-5	-2.486644E+1	-4.010710E-2	-2.795462E-3
9.320312E-1	2.713841E-5	-2.857026E+1	2.592506E-5	-3.707735E+1	3.528483E-2	1.548553E-1
9.341796E-1	3.090640E-5	-3.659227E+1	3.258277E-5	-3.590335E+1	-5.151815E-2	-1.140502E-2
9.363281E-1	2.446171E-5	-4.211249E+1	3.369522E-5	-3.381129E+1	-2.816364E-1	-1.048133E-1
9.384765E-1	2.572919E-5	-4.406184E+1	3.472673E-5	-5.619512E+1	-2.756463E-1	1.557281E-1
9.406249E-1	3.035254E-5	-5.220128E+1	2.824407E-5	-6.272237E+1	5.658447E-2	1.962287E-1
9.427734E-1	3.065104E-5	-5.308257E+1	2.826451E-5	-5.551207E+1	8.346081E-2	4.596930E-2
9.449218E-1	3.089217E-5	-6.217413E+1	2.765026E-5	-6.443530E+1	1.163771E-1	4.408055E-2
9.470703E-1	3.297104E-5	-7.139945E+1	2.521119E-5	-6.867847E+1	3.063194E-1	-6.208387E-2
9.492187E-1	2.977243E-5	-7.660564E+1	2.569610E-5	-8.761939E+1	1.372956E-1	2.213511E-1
9.513671E-1	2.773159E-5	-1.014500E+2	2.813848E-5	-7.869821E+1	-9.114621E-2	-3.811474E-1
9.535156E-1	2.885743E-5	-9.993305E+1	2.564836E-5	-1.000011E+2	1.251171E-1	1.336298E-3
9.556640E-1	3.407260E-5	-1.050937E+2	2.755501E-5	-9.474381E+1	2.164105E-1	-2.221536E-1
9.578124E-1	2.748932E-5	-1.017056E+2	2.525302E-5	-1.076518E+2	8.269889E-2	1.127685E-1
9.599609E-1	2.826022E-5	-1.060525E+2	2.647834E-5	-1.101409E+2	6.457975E-2	7.609339E-2
9.621093E-1	3.136352E-5	-1.130518E+2	2.548450E-5	-1.180826E+2	2.259490E-1	1.079207E-1
9.642578E-1	3.095127E-5	-1.129561E+2	2.956769E-5	-1.213522E+2	3.557440E-2	1.528483E-1
9.664062E-1	3.173187E-5	-1.293968E+2	3.425656E-5	-1.309786E+2	-7.405244E-2	2.556970E-2
9.685546E-1	3.598947E-5	-1.449557E+2	2.744159E-5	-1.333233E+2	2.845574E-1	-2.644389E-1
9.707031E-1	2.483646E-5	-1.461519E+2	2.717318E-5	-1.349090E+2	-1.035339E-1	-1.782027E-1
9.728515E-1	3.344092E-5	-1.453630E+2	2.608799E-5	-1.527313E+2	2.712660E-1	1.643935E-1
9.749999E-1	3.316692E-5	-1.597277E+2	2.816992E-5	-1.487635E+2	1.558960E-1	-2.239340E-1
9.771484E-1	3.117234E-5	-1.523699E+2	2.960679E-5	-1.574377E+2	4.876223E-2	9.300547E-2
9.792968E-1	2.961978E-5	-1.727439E+2	2.948545E-5	-1.656966E+2	-3.033407E-3	-1.232476E-1
9.814452E-1	2.962339E-5	-1.668653E+2	3.031208E-5	-1.719491E+2	-2.656445E-2	8.659939E-2
9.835937E-1	3.408388E-5	-1.733754E+2	2.936425E-5	-1.778438E+2	1.571990E-1	9.043139E-2
9.857421E-1	3.219265E-5	1.711671E+2	2.951344E-5	1.684288E+2	8.953383E-2	5.211106E-2
9.878906E-1	3.378391E-5	1.699865E+2	2.920681E-5	1.648015E+2	1.519803E-1	1.045343E-1
9.900390E-1	2.661837E-5	1.723611E+2	3.201854E-5	1.663969E+2	-1.731576E-1	8.638233E-2
9.921874E-1	3.208892E-5	1.629123E+2	3.856170E-5	1.582567E+2	-1.706007E-1	6.754200E-2
9.943359E-1	3.232236E-5	1.467685E+2	3.285550E-5	1.590999E+2	-3.892376E-2	-2.101003E-1
9.964843E-1	3.166088E-5	1.475438E+2	3.578371E-5	1.510403E+2	-1.168623E-1	-5.396087E-2
9.986327E-1	2.633561E-5	1.346162E+2	3.113589E-5	1.439036E+2	-1.652597E-1	-1.365055E-1
1.000781E+0	3.705488E-5	1.320476E+2	3.280193E-5	1.316151E+2	1.296233E-1	8.527179E-3
1.002930E+0	3.018550E-5	1.264963E+2	3.778839E-5	1.303648E+2	-2.030165E-1	-5.389270E-2
1.005078E+0	3.336433E-5	1.139900E+2	2.939603E-5	1.220393E+2	1.238124E-1	-1.589277E-1
1.007226E+0	3.208356E-5	1.208754E+2	3.422832E-5	1.154721E+2	-6.682542E-2	8.826520E-2
1.009375E+0	4.027804E-5	1.066962E+2	3.443409E-5	1.092020E+2	1.685956E-1	-5.114051E-2
1.011523E+0	3.141343E-5	1.044256E+2	3.321519E-5	1.032747E+2	-5.443585E-2	1.899610E-2
1.013672E+0	2.906674E-5	9.475896E+1	2.935798E-5	1.011234E+2	-1.602225E-2	-1.097525E-1
1.015820E+0	3.334377E-5	9.582798E+1	3.218833E-5	9.151791E+1	3.296666E-2	7.785173E-2
1.017969E+0	3.202779E-5	8.946567E+1	3.352380E-5	8.457041E+1	-4.811017E-2	8.152642E-2
1.020117E+0	3.232613E-5	8.111768E+1	2.680945E-5	7.940281E+1	2.052337E-1	3.608357E-2
1.022266E+0	2.892724E-5	7.436758E+1	3.344603E-5	7.262059E+1	-1.355089E-1	2.636713E-2
1.024414E+0	3.031414E-5	7.432124E+1	3.364473E-5	7.103349E+1	-1.004759E-1	5.167328E-2
1.026562E+0	3.154935E-5	7.209147E+1	4.026054E-5	6.914444E+1	-2.174068E-1	4.028851E-2
1.028711E+0	3.700967E-5	4.925150E+1	3.223070E-5	5.400913E+1	1.443174E-1	-9.523889E-2
1.030859E+0	3.145928E-5	4.937663E+1	3.436469E-5	4.359395E+1	-8.920493E-2	9.223703E-2
1.033008E+0	3.561411E-5	5.426019E+1	2.918437E-5	4.931398E+1	2.157702E-1	1.052161E-1
1.035156E+0	2.819275E-5	3.349067E+1	3.397206E-5	3.159677E+1	-1.705728E-1	2.742653E-2
1.037305E+0	3.176161E-5	3.316798E+1	3.699774E-5	2.891269E+1	-1.438922E-1	6.369928E-2
1.039453E+0	3.353252E-5	2.505470E+1	2.804992E-5	2.320556E+1	1.948361E-1	3.857504E-2
1.041601E+0	3.058736E-5	2.279039E+1	3.133099E-5	1.125578E+1	-4.345121E-2	1.952139E-1
1.043750E+0	3.235841E-5	2.376508E+1	3.043535E-5	1.757745E+1	5.699124E-2	1.145951E-1
1.045898E+0	2.811835E-5	1.989773E+0	3.033650E-5	7.653658E+0	-7.764325E-2	-9.147630E-2
1.048047E+0	3.082780E-5	7.171095E+0	3.209238E-5	2.787295E+0	-4.221468E-2	7.342516E-2
1.050195E+0	3.327001E-5	-2.918292E+0	3.103646E-5	2.045509E+0	6.794502E-2	-9.275324E-2
1.052344E+0	3.458757E-5	-1.026758E+1	3.216706E-5	-1.031276E+1	7.524776E-2	8.478758E-4
1.054492E+0	2.965034E-5	-1.425413E+1	3.303220E-5	-1.072147E+1	-1.040863E-1	-5.530905E-2
1.056641E+0	2.780765E-5	-2.730930E+1	3.114613E-5	-2.146431E+1	-1.118293E-1	-9.092175E-2
1.058789E+0	3.344876E-5	-3.069938E+1	3.056054E-5	-2.699371E+1	9.221978E-2	-7.073922E-2
1.060937E+0	3.763128E-5	-2.987000E+1	4.104156E-5	-3.169274E+1	-8.355727E-2	2.916446E-2
1.063086E+0	3.203341E-5	-4.442059E+1	2.997619E-5	-4.421219E+1	6.862140E-2	-3.886878E-3
1.065234E+0	3.378989E-5	-4.075391E+1	3.775900E-5	-4.816023E+1	-1.125830E-1	1.153549E-1
1.067383E+0	3.007730E-5	-4.922412E+1	3.687736E-5	-4.757090E+1	-1.847361E-1	-2.353026E-2
1.069531E+0	3.185993E-5	-5.832048E+1	3.184688E-5	-6.484837E+1	-6.076250E-3	1.137334E-1
1.071680E+0	3.816883E-5	-5.840723E+1	3.062658E-5	-6.789278E+1	2.292249E-1	2.053830E-1
1.073828E+0	3.411563E-5	-6.280266E+1	3.568362E-5	-7.029192E+1	-5.209729E-2	1.246130E-1
1.075976E+0	3.594092E-5	-8.431590E+1	3.436156E-5	-7.754392E+1	3.866561E-2	-1.233382E-1
1.078125E+0	3.122165E-5	-8.439789E+1	3.662234E-5	-8.961369E+1	-1.509998E-1	7.750113E-2
1.080273E+0	3.136986E-5	-9.244135E+1	3.356730E-5	-8.957738E+1	-6.663097E-2	-4.669401E-2
1.082422E+0	3.348238E-5	-9.537194E+1	3.307371E-5	-9.441116E+1	1.221401E-2	-1.697518E-2
1.084570E+0	3.707791E-5	-1.033791E+2	3.399604E-5	-1.056176E+2	8.982151E-2	4.260013E-2
1.086719E+0	3.087628E-5	-1.185827E+2	3.761709E-5	-1.078468E+2	-1.935626E-1	-1.529013E-1
1.088867E+0	3.712316E-5	-1.223268E+2	2.790440E-5	-1.061675E+2	2.778087E-1	-3.702536E-1
1.091016E+0	3.700172E-5	-1.188092E+2	3.705867E-5	-1.256583E+2	-8.662109E-3	1.190716E-1
1.093164E+0	3.408608E-5	-1.264163E+2	3.373956E-5	-1.268528E+2	1.024112E-2	7.696532E-3
1.095312E+0	3.211439E-5	-1.328683E+2	3.213153E-5	-1.310251E+2	-1.050563E-3	-3.214720E-2
1.097461E+0	3.212448E-5	-1.394192E+2	3.429485E-5	-1.353303E+2	-6.566989E-2	-6.679168E-2
1.099609E+0	3.415782E-5	-1.400057E+2	3.103090E-5	-1.387757E+2	1.005143E-1	-2.362898E-2
1.101758E+0	2.809134E-5	-1.649658E+2	3.210272E-5	-1.538036E+2	-1.415077E-1	-1.693976E-1
1.103906E+0	3.502317E-5	-1.601429E+2	3.060596E-5	-1.542044E+2	1.381842E-1	-1.183929E-1
1.106055E+0	3.454790E-5	-1.628607E+2	2.980070E-5	-1.483376E+2	1.222548E-1	-2.907176E-1
1.108203E+0	3.455876E-5	-1.711019E+2	3.299139E-5	-1.660307E+2	4.340811E-2	-9.259307E-2
1.110351E+0	3.621715E-5	-1.722888E+2	3.619222E-5	1.768048E+2	-1.738604E-2	1.893355E-1
1.112500E+0	3.524712E-5	-1.799832E+2	3.545034E-5	1.786017E+2	-6.035762E-3	2.455407E-2
1.114648E+0	3.374602E-5	1.650359E+2	3.423336E-5	1.720752E+2	-2.166619E-2	-1.208055E-1
1.116797E+0	3.691677E-5	1.638939E+2	3.122948E-5	1.660605E+2	1.812678E-1	-4.469012E-2
1.118945E+0	3.402145E-5	1.671387E+2	3.306864E-5	1.641640E+2	2.742682E-2	5.339024E-2
1.121094E+0	3.410155E-5	1.658893E+2	3.618952E-5	1.601134E+2	-6.247939E-2	9.483147E-2
1.123242E+0	2.916125E-5	1.460939E+2	2.902526E-5	1.521681E+2	-9.553815E-4	-1.063121E-1
1.125391E+0	3.491393E-5	1.351924E+2	3.492032E-5	1.398845E+2	-3.533700E-3	-8.178612E-2
1.127539E+0	3.893904E-5	1.363339E+2	3.464674E-5	1.319396E+2	1.205838E-1	8.611208E-2
1.129687E+0	3.423224E-5	1.280608E+2	3.970183E-5	1.314122E+2	-1.392413E-1	-5.040583E-2
1.131836E+0	3.961979E-5	1.206256E+2	4.233684E-5	1.193808E+2	-6.439782E-2	2.032996E-2
1.133984E+0	3.337707E-5	1.188295E+2	3.906262E-5	1.176162E+2	-1.457412E-1	1.809256E-2
1.136133E+0	3.313101E-5	1.132665E+2	3.472152E-5	1.070588E+2	-5.140258E-2	1.031796E-1
1.138281E+0	3.337621E-5	9.479350E+1	3.589355E-5	1.090073E+2	-9.860020E-2	-2.283202E-1
1.140430E+0	3.626714E-5	9.379414E+1	3.614500E-5	9.989171E+1	-2.297501E-3	-1.065808E-1
1.142578E+0	3.470575E-5	9.487981E+1	4.082217E-5	9.422657E+1	-1.498861E-1	9.692729E-3
1.144726E+0	3.355550E-5	8.490481E+1	3.642807E-5	8.912486E+1	-8.135337E-2	-6.778440E-2
1.146875E+0	3.693437E-5	8.260387E+1	3.545701E-5	7.126633E+1	2.133922E-2	2.047797E-1
1.149023E+0	3.607964E-5	7.137746E+1	3.039884E-5	6.957658E+1	1.862893E-1	3.729888E-2
1.151172E+0	3.197518E-5	6.935444E+1	3.691817E-5	7.042026E+1	-1.340403E-1	-1.611050E-2
1.153320E+0	3.061088E-5	7.038080E+1	3.383107E-5	5.927940E+1	-1.121153E-1	1.742186E-1
1.155469E+0	3.381576E-5	6.484541E+1	3.954964E-5	6.189103E+1	-1.461157E-1	4.406846E-2
1.157617E+0	3.737922E-5	5.472126E+1	3.189323E-5	5.521635E+1	1.719674E-1	-1.012716E-2
1.159766E+0	3.282506E-5	4.692597E+1	3.409474E-5	4.253867E+1	-4.006091E-2	7.364925E-2
1.161914E+0	3.702812E-5	4.519528E+1	3.056015E-5	3.483478E+1	1.918921E-1	2.179039E-1
1.164062E+0	2.694880E-5	2.944703E+1	3.840246E-5	3.498280E+1	-3.015261E-1	-6.769551E-2
1.166211E+0	3.619534E-5	2.991005E+1	3.681715E-5	2.708758E+1	-1.808175E-2	4.840983E-2
1.168359E+0	3.168936E-5	2.211636E+1	4.376098E-5	2.457152E+1	-2.765182E-1	-3.102063E-2
1.170508E+0	3.417274E-5	1.630459E+1	3.424869E-5	1.975574E+1	-4.027096E-3	-6.006402E-2
1.172656E+0	2.638076E-5	1.270625E+1	3.416724E-5	1.114634E+1	-2.281793E-1	2.101845E-2
1.174805E+0	3.593723E-5	-4.062728E+0	3.352671E-5	-2.571219E+0	7.153533E-2	-2.790023E-2
1.176953E+0	3.446580E-5	-6.741931E+0	3.556500E-5	1.042936E+0	-3.983829E-2	-1.312674E-1
1.179101E+0	3.093849E-5	-6.648102E+0	3.708636E-5	-1.014406E+1	-1.673241E-1	5.086968E-2
1.181250E+0	4.036188E-5	-1.167237E+1	3.605736E-5	-1.620348E+1	1.158813E-1	8.843143E-2
1.183398E+0	3.712032E-5	-2.467268E+1	4.017503E-5	-1.522853E+1	-8.855845E-2	-1.516098E-1
1.185547E+0	3.325345E-5	-3.079423E+1	3.896514E-5	-2.183248E+1	-1.570026E-1	-1.329408E-1
1.187695E+0	3.405322E-5	-3.710620E+1	3.826332E-5	-3.777312E+1	-1.100899E-1	1.035898E-2
1.189844E+0	3.165134E-5	-3.367475E+1	4.075864E-5	-3.614664E+1	-2.241672E-1	3.349224E-2
1.191992E+0	3.817258E-5	-4.866754E+1	3.948104E-5	-4.391285E+1	-3.646871E-2	-8.014269E-2
1.194141E+0	3.376359E-5	-4.405364E+1	3.510824E-5	-5.264920E+1	-4.910197E-2	1.437344E-1
1.196289E+0	3.816377E-5	-5.428387E+1	3.848923E-5	-6.152113E+1	-1.635552E-2	1.249131E-1
1.198437E+0	3.648937E-5	-6.279457E+1	4.004172E-5	-6.498072E+1	-8.937948E-2	3.476207E-2
1.200586E+0	3.798613E-5	-6.832765E+1	3.535685E-5	-7.189148E+1	7.228645E-2	6.678297E-2
1.202734E+0	3.597002E-5	-6.930875E+1	3.881690E-5	-7.295953E+1	-7.522173E-2	5.900502E-2
1.204883E+0	3.366799E-5	-8.771452E+1	4.109443E-5	-8.039449E+1	-1.873937E-1	-1.043860E-1
1.207031E+0	3.602426E-5	-8.752074E+1	4.077362E-5	-9.291470E+1	-1.203935E-1	8.305374E-2
1.209180E+0	3.902366E-5	-1.026931E+2	3.978058E-5	-9.908047E+1	-2.097670E-2	-6.181159E-2
1.211328E+0	3.893123E-5	-9.071577E+1	3.794880E-5	-9.307131E+1	2.502145E-2	4.216437E-2
1.213476E+0	3.489472E-5	-1.017412E+2	4.201006E-5	-1.064090E+2	-1.721272E-1	6.759515E-2
1.215625E+0	3.820321E-5	-1.097473E+2	4.189798E-5	-1.070981E+2	-8.915942E-2	-4.214481E-2
1.217773E+0	3.009537E-5	-1.243454E+2	4.244251E-5	-1.165937E+2	-2.973942E-1	-9.564169E-2
1.219922E+0	3.778881E-5	-1.258786E+2	4.105100E-5	-1.358680E+2	-9.342217E-2	1.596812E-1
1.222070E+0	3.585281E-5	-1.292967E+2	3.857677E-5	-1.310401E+2	-7.104162E-2	2.827514E-2
1.224219E+0	3.762036E-5	-1.289254E+2	3.180719E-5	-1.333385E+2	1.792561E-1	9.101004E-2
1.226367E+0	3.412183E-5	-1.410767E+2	3.890348E-5	-1.462897E+2	-1.265384E-1	7.969106E-2
1.228516E+0	3.899802E-5	-1.503519E+2	3.685107E-5	-1.431699E+2	4.995710E-2	-1.323053E-1
1.230664E+0	4.060718E-5	-1.597649E+2	3.618516E-5	-1.591125E+2	1.221326E-1	-1.277775E-2
1.232812E+0	3.635867E-5	-1.543549E+2	4.119990E-5	-1.515844E+2	-1.185374E-1	-4.265580E-2
1.234961E+0	3.360810E-5	-1.587456E+2	3.599691E-5	-1.679512E+2	-7.838620E-2	1.493613E-1
1.237109E+0	3.649257E-5	-1.745814E+2	4.032577E-5	-1.777918E+2	-9.647605E-2	5.067935E-2
1.239258E+0	3.591222E-5	-1.731977E+2	3.450016E-5	-1.768288E+2	3.883942E-2	6.592437E-2
1.241406E+0	3.857627E-5	-1.778625E+2	3.912385E-5	1.695562E+2	-3.767208E-2	2.147760E-1
1.243555E+0	3.281093E-5	1.742421E+2	3.907402E-5	1.691576E+2	-1.635920E-1	7.441936E-2
1.245703E+0	3.776180E-5	1.569163E+2	3.514963E-5	1.536960E+2	7.261929E-2	6.034995E-2
1.247851E+0	3.300036E-5	1.604424E+2	4.040355E-5	1.568285E+2	-1.848553E-1	5.148309E-2
1.250000E+0	3.263023E-5	1.526740E+2	4.055908E-5	1.483424E+2	-1.977869E-1	6.076367E-2
1.252148E+0	3.563546E-5	1.514685E+2	3.995588E-5	1.436344E+2	-1.164537E-1	1.215665E-1
1.254297E+0	3.450521E-5	1.354606E+2	4.270058E-5	1.388848E+2	-1.933691E-1	-4.826461E-2
1.256445E+0	3.300835E-5	1.345724E+2	3.983061E-5	1.307327E+2	-1.731421E-1	5.549532E-2
1.258594E+0	3.000983E-5	1.250034E+2	3.980473E-5	1.264306E+2	-2.463077E-1	-1.877786E-2
1.260742E+0	3.115588E-5	1.215402E+2	3.907954E-5	1.207977E+2	-2.028242E-1	1.033124E-2
1.262890E+0	2.886803E-5	1.066347E+2	3.718958E-5	1.155044E+2	-2.330429E-1	-1.196868E-1
1.265039E+0	3.066455E-5	1.051770E+2	4.232335E-5	1.088504E+2	-2.769583E-1	-4.641994E-2
1.267187E+0	3.027853E-5	9.936328E+1	3.752180E-5	1.028586E+2	-1.945428E-1	-4.919784E-2
1.269336E+0	3.112561E-5	9.954098E+1	4.060982E-5	9.997048E+1	-2.335663E-1	-5.745440E-3
1.271484E+0	3.025011E-5	9.516371E+1	4.554156E-5	9.003448E+1	-3.384290E-1	5.938385E-2
1.273633E+0	3.108538E-5	8.709605E+1	4.030146E-5	8.424428E+1	-2.296338E-1	3.837496E-2
1.275781E+0	3.319621E-5	8.606552E+1	3.756536E-5	7.969438E+1	-1.217657E-1	9.806185E-2
1.277930E+0	2.675981E-5	8.611933E+1	3.680656E-5	7.069685E+1	-2.991407E-1	1.933447E-1
1.280078E+0	2.297581E-5	9.071083E+1	4.369980E-5	7.211204E+1	-5.016933E-1	1.676870E-1
1.282226E+0	2.097624E-5	7.954099E+1	3.782752E-5	6.395407E+1	-4.658699E-1	1.490004E-1
1.284375E+0	2.044045E-5	7.259608E+1	4.386968E-5	4.651886E+1	-5.814954E-1	2.048170E-1
1.286523E+0	2.664710E-5	9.553233E+1	4.015478E-5	5.040270E+1	-5.318200E-1	4.703033E-1
1.288672E+0	2.556402E-5	9.762247E+1	4.073643E-5	3.991274E+1	-6.647589E-1	5.304984E-1
1.290820E+0	3.315083E-5	9.633940E+1	3.338876E-5	3.165181E+1	-5.754931E-1	8.975481E-1
1.292969E+0	3.403458E-5	8.683819E+1	4.090314E-5	3.179034E+1	-5.233094E-1	6.819963E-1
1.295117E+0	4.614199E-5	9.298376E+1	4.221670E-5	2.480991E+1	-5.936394E-1	1.014631E+0
1.297265E+0	5.622540E-5	8.502389E+1	4.501982E-5	1.593005E+1	-5.543433E-1	1.166683E+0
1.299414E+0	6.845210E-5	7.870876E+1	3.886348E-5	8.266477E+0	-4.103778E-1	1.659726E+0
1.301562E+0	7.683452E-5	7.156298E+1	3.987292E-5	7.307884E+0	-1.629849E-1	1.735706E+0
1.303711E+0	1.048044E-4	6.078653E+1	4.109528E-5	7.873718E+0	5.378934E-1	2.034405E+0
1.305859E+0	1.373077E-4	4.261618E+1	4.721805E-5	-1.018833E+1	7.579613E-1	2.316407E+0
1.308008E+0	1.699325E-4	2.488918E+1	4.409407E-5	-1.164379E+1	2.096635E+0	2.294148E+0
1.310156E+0	2.090480E-4	-3.892296E+0	3.918987E-5	-2.292605E+1	4.042595E+0	1.739628E+0
1.312305E+0	2.266751E-4	-3.577982E+1	3.669633E-5	-2.103744E+1	4.973701E+0	-1.571895E+0
1.314453E+0	2.117188E-4	-6.567082E+1	4.388232E-5	-2.635975E+1	2.732952E+0	-3.056591E+0
1.316601E+0	1.854611E-4	-9.239594E+1	4.383162E-5	-3.698776E+1	1.402173E+0	-3.483212E+0
1.318750E+0	1.576705E-4	-1.164772E+2	4.234104E-5	-4.141360E+1	-4.019722E-2	-3.598004E+0
1.320898E+0	1.403840E-4	-1.415140E+2	4.312901E-5	-4.670612E+1	-1.272816E+0	-3.243525E+0
1.323047E+0	1.080867E-4	-1.732023E+2	4.304822E-5	-4.786457E+1	-2.452251E+0	-2.048226E+0
1.325195E+0	8.012285E-5	1.533450E+2	4.229992E-5	-6.904842E+1	-2.398900E+0	-1.277077E+0
1.327344E+0	6.118370E-5	1.047577E+2	4.268211E-5	-7.210421E+1	-2.431325E+0	7.847213E-2
1.329492E+0	4.917088E-5	5.053270E+1	4.323816E-5	-7.671151E+1	-1.688255E+0	9.052912E-1
1.331640E+0	5.947339E-5	1.241345E+1	4.465462E-5	-8.195902E+1	-1.101540E+0	1.327977E+0
1.333789E+0	8.027408E-5	-2.053930E+1	4.205974E-5	-8.542963E+1	-1.900928E-1	1.728207E+0
1.335937E+0	9.111955E-5	-4.312999E+1	4.779672E-5	-9.419435E+1	1.980699E-1	1.482896E+0
1.338086E+0	1.092630E-4	-6.226002E+1	4.170932E-5	-9.348767E+1	1.240083E+0	1.358120E+0
1.340234E+0	1.315066E-4	-8.160361E+1	3.665325E-5	-1.021553E+2	2.359510E+0	1.259525E+0
1.342383E+0	1.428206E-4	-1.056151E+2	4.185703E-5	-1.142017E+2	2.373860E+0	5.094413E-1
1.344531E+0	1.560167E-4	-1.335175E+2	3.839438E-5	-1.209535E+2	2.966223E+0	-8.839396E-1
1.346680E+0	1.602605E-4	-1.624981E+2	3.750727E-5	-1.207238E+2	2.186536E+0	-2.846521E+0
1.348828E+0	1.388145E-4	1.687938E+2	4.192290E-5	-1.213997E+2	1.429939E-1	-3.107654E+0
1.350976E+0	1.203039E-4	1.312509E+2	4.435766E-5	-1.316588E+2	-1.334768E+0	-2.691394E+0
1.353125E+0	1.065231E-4	9.189025E+1	4.256301E-5	-1.410152E+2	-2.509468E+0	-1.996269E+0
1.355273E+0	8.619818E-5	3.928622E+1	3.759972E-5	-1.524324E+2	-3.244738E+0	-4.656238E-1
1.357422E+0	9.765527E-5	-1.588997E+1	3.815494E-5	-1.533645E+2	-2.886248E+0	1.729971E+0
1.359570E+0	1.093543E-4	-5.935309E+1	3.914509E-5	-1.613663E+2	-1.581445E+0	2.732384E+0
1.361719E+0	1.288784E-4	-9.697404E+1	4.192599E-5	-1.677947E+2	9.872821E-3	2.903330E+0
1.363867E+0	1.425134E-4	-1.348730E+2	4.554092E-5	-1.722141E+2	1.487953E+0	1.898134E+0
1.366015E+0	1.434169E-4	-1.617413E+2	4.420863E-5	1.780392E+2	2.044177E+0	1.121216E+0
1.368164E+0	1.467704E-4	1.721633E+2	4.366434E-5	1.745701E+2	2.358368E+0	-1.411566E-1
1.370312E+0	1.417735E-4	1.419737E+2	3.925129E-5	1.635175E+2	2.359604E+0	-1.326351E+0
1.372461E+0	1.393296E-4	1.081025E+2	4.458690E-5	1.643721E+2	7.352124E-1	-2.598853E+0
1.374609E+0	1.164905E-4	7.288818E+1	4.198374E-5	1.601286E+2	-8.664137E-1	-2.771440E+0
1.376758E+0	1.042281E-4	2.344634E+1	4.213060E-5	1.541295E+2	-2.612694E+0	-1.876044E+0
1.378906E+0	9.506006E-5	-3.560821E+1	4.342301E-5	1.430075E+2	-3.188524E+0	-5.288596E-2
1.381055E+0	1.059886E-4	-9.557396E+1	4.318234E-5	1.359384E+2	-2.527512E+0	1.921197E+0
1.383203E+0	1.240755E-4	-1.431419E+2	4.024033E-5	1.329544E+2	-6.725474E-1	3.065925E+0
1.385351E+0	1.493566E-4	-1.790239E+2	4.213492E-5	1.295429E+2	1.209874E+0	2.771554E+0
1.387500E+0	1.596414E-4	1.475346E+2	4.421212E-5	1.209419E+2	2.228824E+0	1.616360E+0
1.389648E+0	1.560545E-4	1.111566E+2	5.144909E-5	1.073911E+2	2.026635E+0	1.991984E-1
1.391797E+0	1.301598E-4	8.193870E+1	4.420050E-5	1.052416E+2	1.704544E+0	-1.164923E+0
1.393945E+0	1.095788E-4	5.261644E+1	4.388043E-5	9.253098E+1	9.153686E-1	-1.602323E+0
1.396094E+0	7.943506E-5	1.522885E+1	4.278030E-5	9.842747E+1	-7.801014E-1	-1.843747E+0
1.398242E+0	5.250592E-5	-2.460213E+1	4.255567E-5	9.458375E+1	-1.601664E+0	-1.077175E+0
1.400390E+0	3.370455E-5	-1.094967E+2	4.368282E-5	8.488173E+1	-1.747406E+0	1.916014E-1
1.402539E+0	5.028158E-5	1.714539E+2	4.860664E-5	7.266277E+1	-1.158099E+0	1.022306E+0
1.404687E+0	6.328899E-5	1.293902E+2	4.535251E-5	6.771695E+1	-3.378409E-1	1.228389E+0
1.406836E+0	7.404755E-5	9.695085E+1	4.045790E-5	7.119566E+1	6.484193E-1	7.952872E-1
1.408984E+0	8.260150E-5	7.333514E+1	4.617470E-5	5.879977E+1	7.316337E-1	4.489716E-1
1.411133E+0	7.307374E-5	5.138872E+1	4.761749E-5	5.612363E+1	5.293616E-1	-1.266746E-1
1.413281E+0	7.294985E-5	3.419014E+1	4.268346E-5	4.899577E+1	6.523447E-1	-4.367420E-1
1.415430E+0	5.554935E-5	2.350334E+1	4.407236E-5	4.228997E+1	1.932632E-1	-4.059092E-1
1.417578E+0	4.528017E-5	2.802391E+0	3.848168E-5	3.959634E+1	-5.773041E-2	-7.047525E-1
1.419726E+0	3.232656E-5	9.240070E+0	4.439841E-5	3.371282E+1	-3.373121E-1	-3.016237E-1
1.421875E+0	2.824253E-5	1.076054E+1	4.596688E-5	2.542345E+1	-4.055998E-1	-1.555268E-1
1.424023E+0	2.932076E-5	2.808352E+1	4.036280E-5	1.553598E+1	-2.909197E-1	1.578167E-1
1.426172E+0	3.640895E-5	3.778112E+1	4.122195E-5	1.636142E+1	-1.777634E-1	3.225572E-1
1.428320E+0	4.083473E-5	2.602911E+1	4.087986E-5	1.449555E+0	-9.161934E-2	4.154971E-1
1.430469E+0	4.894673E-5	1.756554E+1	4.612050E-5	4.289883E+0	3.291819E-2	2.437082E-1
1.432617E+0	5.472134E-5	1.554624E+1	4.306324E-5	-4.604084E+0	1.929423E-1	4.377434E-1
1.434765E+0	6.023124E-5	-1.752710E+0	3.807585E-5	-1.453428E+1	5.426772E-1	3.499659E-1
1.436914E+0	6.217550E-5	-1.551287E+1	4.573120E-5	-1.568458E+1	3.595799E-1	4.074544E-3
1.439062E+0	5.768024E-5	-2.751395E+1	4.138419E-5	-2.243538E+1	3.883032E-1	-1.233794E-1
1.441211E+0	5.716144E-5	-3.840378E+1	4.576678E-5	-3.087716E+1	2.382113E-1	-1.635989E-1
1.443359E+0	4.653278E-5	-4.254360E+1	4.722673E-5	-3.249240E+1	-2.981630E-2	-1.719636E-1
1.445508E+0	4.345480E-5	-5.924149E+1	5.006151E-5	-4.244842E+1	-1.689894E-1	-2.507872E-1
1.447656E+0	3.637935E-5	-4.753338E+1	5.018372E-5	-4.412086E+1	-2.763621E-1	-4.315070E-2
1.449805E+0	4.386180E-5	-5.256293E+1	4.788554E-5	-5.081412E+1	-8.445493E-2	-2.795340E-2
1.451953E+0	4.542646E-5	-4.741322E+1	4.771648E-5	-5.938777E+1	-6.870805E-2	1.975199E-1
1.454101E+0	4.335675E-5	-5.677454E+1	4.578013E-5	-6.721748E+1	-6.862246E-2	1.716614E-1
1.456250E+0	5.018164E-5	-5.761276E+1	5.137704E-5	-7.139185E+1	-5.137633E-2	2.326373E-1
1.458398E+0	5.343201E-5	-6.849492E+1	4.668438E-5	-7.773763E+1	1.296775E-1	1.838321E-1
1.460547E+0	6.001912E-5	-8.648192E+1	5.274482E-5	-8.201524E+1	1.344589E-1	-8.862006E-2
1.462695E+0	5.132913E-5	-8.920713E+1	5.162626E-5	-9.685934E+1	-1.460954E-2	1.323932E-1
1.464844E+0	5.751790E-5	-9.867599E+1	5.083341E-5	-9.091511E+1	1.211338E-1	-1.527965E-1
1.466992E+0	5.176291E-5	-1.054690E+2	4.605968E-5	-1.064984E+2	1.236412E-1	2.018998E-2
1.469140E+0	4.641841E-5	-1.207733E+2	4.525850E-5	-1.102895E+2	8.507117E-3	-1.866208E-1
1.471289E+0	4.972894E-5	-1.295898E+2	4.784440E-5	-1.229731E+2	3.246580E-2	-1.197653E-1
1.473437E+0	4.349852E-5	-1.339000E+2	4.523105E-5	-1.265309E+2	-4.624715E-2	-1.233479E-1
1.475586E+0	3.196525E-5	-1.403575E+2	4.646795E-5	-1.338382E+2	-3.165493E-1	-7.810259E-2
1.477734E+0	2.965486E-5	-1.447208E+2	4.767883E-5	-1.332008E+2	-3.905584E-1	-1.242139E-1
1.479883E+0	3.278044E-5	-1.021648E+2	4.570137E-5	-1.451238E+2	-4.750685E-1	4.888047E-1
1.482031E+0	5.518286E-5	-1.047869E+2	5.025261E-5	-1.541860E+2	-2.853657E-1	8.337517E-1
1.484180E+0	8.530990E-5	-1.253782E+2	4.615145E-5	-1.527704E+2	6.412222E-1	8.504454E-1
1.486328E+0	1.197622E-4	-1.587583E+2	4.465062E-5	-1.581558E+2	1.682059E+0	-2.820452E-2
1.488476E+0	1.140947E-4	1.580170E+2	4.160815E-5	-1.720575E+2	1.376530E+0	-1.367973E+0
1.490625E+0	8.954669E-5	1.109274E+2	4.939342E-5	-1.721690E+2	-5.892086E-1	-1.765774E+0
1.492773E+0	5.496015E-5	3.334368E+1	4.523390E-5	-1.789540E+2	-2.027037E+0	-6.492079E-1
1.494922E+0	6.836778E-5	-6.351530E+1	4.384543E-5	1.779141E+2	-1.745717E+0	1.369414E+0
1.497070E+0	1.007155E-4	-1.209664E+2	4.426861E-5	1.757631E+2	2.329185E-2	2.031982E+0
1.499219E+0	1.236890E-4	-1.667539E+2	4.670158E-5	1.627836E+2	1.282902E+0	1.342720E+0
1.501367E+0	1.281732E-4	1.527554E+2	4.558238E-5	1.550896E+2	1.809569E+0	-1.145237E-1
1.503515E+0	1.113659E-4	1.168237E+2	4.348948E-5	1.532119E+2	1.061449E+0	-1.519176E+0
1.505664E+0	7.096466E-5	7.244653E+1	4.611937E-5	1.400012E+2	-4.125152E-1	-1.422150E+0
1.507812E+0	2.881653E-5	-3.485307E+0	4.680467E-5	1.443472E+2	-1.521167E+0	-3.277837E-1
1.509961E+0	4.112514E-5	-1.427377E+2	4.435455E-5	1.342303E+2	-8.875178E-1	9.203428E-1
1.512109E+0	6.698078E-5	1.736026E+2	4.325714E-5	1.247241E+2	1.833926E-2	1.166460E+0
1.514258E+0	7.327245E-5	1.356867E+2	4.614428E-5	1.233384E+2	5.511639E-1	3.395785E-1
1.516406E+0	6.783649E-5	1.201734E+2	4.747945E-5	1.157928E+2	4.245809E-1	1.091303E-1
1.518554E+0	5.927019E-5	1.034686E+2	4.936998E-5	1.110744E+2	1.899689E-1	-1.588984E-1
1.520703E+0	4.964553E-5	9.212451E+1	5.017782E-5	1.056011E+2	-3.785076E-2	-2.305759E-1
1.522851E+0	3.655671E-5	9.486475E+1	4.578738E-5	9.566865E+1	-2.016771E-1	-1.120176E-2
1.525000E+0	3.949284E-5	9.449183E+1	4.247333E-5	9.843039E+1	-7.236920E-2	-6.386675E-2
1.527148E+0	4.564457E-5	8.961640E+1	4.476236E-5	9.240830E+1	1.849839E-2	-4.966855E-2
1.529297E+0	4.750811E-5	8.425789E+1	4.290240E-5	8.206747E+1	1.065441E-1	4.232385E-2
1.531445E+0	4.817394E-5	7.711445E+1	5.008426E-5	7.315120E+1	-4.044232E-2	6.648036E-2
1.533594E+0	4.733458E-5	7.228323E+1	4.923662E-5	6.767846E+1	-4.173371E-2	7.718057E-2
1.535742E+0	5.624292E-5	6.632465E+1	4.913572E-5	6.136522E+1	1.403589E-1	9.895488E-2
1.537890E+0	5.459344E-5	6.003850E+1	4.141152E-5	5.596002E+1	3.149767E-1	9.376228E-2
1.540039E+0	4.362683E-5	5.483398E+1	4.229544E-5	5.433067E+1	3.143854E-2	9.060819E-3
1.542187E+0	5.580574E-5	3.801664E+1	4.186371E-5	4.171836E+1	3.302527E-1	-8.606368E-2
1.544336E+0	4.616736E-5	2.501190E+1	4.520649E-5	3.442031E+1	7.517391E-3	-1.669454E-1
1.546484E+0	4.811196E-5	2.424496E+1	4.443056E-5	3.741575E+1	5.437303E-2	-2.467339E-1
1.548633E+0	4.660782E-5	2.125628E+1	4.530264E-5	2.341991E+1	2.807678E-2	-3.884118E-2
1.550781E+0	4.581008E-5	1.727505E+1	4.601846E-5	1.509490E+1	-5.248749E-3	3.786935E-2
1.552929E+0	4.942062E-5	2.119267E+1	4.403300E-5	2.146373E+1	1.223416E-1	-5.309714E-3
1.555078E+0	5.455759E-5	9.982367E+0	4.280934E-5	6.700174E+0	2.723414E-1	7.296601E-2
1.557226E+0	5.028294E-5	4.856085E+0	5.040471E-5	1.572074E+0	-4.054037E-3	5.714703E-2
1.559375E+0	4.824044E-5	-6.580327E-1	4.762543E-5	-4.053629E+0	1.113519E-2	5.999451E-2
1.561523E+0	5.169717E-5	-1.047657E+1	5.337358E-5	-7.335467E+0	-3.286418E-2	-5.307407E-2
1.563672E+0	4.675277E-5	-1.931474E+1	5.048917E-5	-1.428370E+1	-7.757154E-2	-8.120561E-2
1.565820E+0	4.514676E-5	-2.883622E+1	5.029577E-5	-1.921175E+1	-1.150089E-1	-1.500738E-1
1.567969E+0	4.508364E-5	-3.351768E+1	5.179334E-5	-3.038269E+1	-1.308502E-1	-4.760383E-2
1.570117E+0	4.737550E-5	-3.596220E+1	4.989865E-5	-3.275112E+1	-5.205616E-2	-5.318218E-2
1.572265E+0	4.930312E-5	-3.425450E+1	5.300177E-5	-4.167317E+1	-7.757023E-2	1.201084E-1
1.574414E+0	5.042150E-5	-4.705728E+1	5.120031E-5	-4.578763E+1	-1.545282E-2	-2.182072E-2
1.576562E+0	4.787589E-5	-5.607904E+1	4.583380E-5	-4.933822E+1	3.733352E-2	-1.226080E-1
1.578711E+0	5.132029E-5	-5.738153E+1	5.565795E-5	-5.544732E+1	-7.845959E-2	-3.112149E-2
1.580859E+0	5.408774E-5	-6.660219E+1	5.269827E-5	-6.816681E+1	2.598386E-2	2.802430E-2
1.583008E+0	4.813615E-5	-7.048911E+1	4.919244E-5	-6.764095E+1	-2.268136E-2	-4.862234E-2
1.585156E+0	5.041679E-5	-7.539040E+1	5.446247E-5	-7.390965E+1	-7.459294E-2	-2.392151E-2
1.587304E+0	5.937724E-5	-7.947571E+1	4.669189E-5	-8.114451E+1	2.711427E-1	3.703385E-2
1.589453E+0	5.674270E-5	-9.124429E+1	4.887523E-5	-9.244100E+1	1.607173E-1	2.424688E-2
1.591601E+0	5.373681E-5	-1.023351E+2	5.107154E-5	-9.827863E+1	4.955107E-2	-7.443131E-2
1.593750E+0	3.529888E-5	-1.216687E+2	4.914998E-5	-1.045509E+2	-3.136275E-1	-2.113892E-1
1.595898E+0	3.927894E-5	-9.519574E+1	5.339033E-5	-1.091169E+2	-2.859151E-1	1.769980E-1
1.598047E+0	4.978386E-5	-9.200393E+1	4.973802E-5	-1.210650E+2	-1.250919E-1	4.861893E-1
1.600195E+0	6.295634E-5	-1.042573E+2	5.114795E-5	-1.239359E+2	1.589802E-1	4.144867E-1
1.602344E+0	7.247123E-5	-1.254781E+2	5.215903E-5	-1.307906E+2	3.834600E-1	1.286441E-1
1.604492E+0	7.040522E-5	-1.489295E+2	5.457898E-5	-1.395415E+2	2.726921E-1	-2.104190E-1
1.606640E+0	5.285783E-5	-1.595490E+2	4.637889E-5	-1.389371E+2	6.673989E-2	-4.012140E-1
1.608789E+0	3.664720E-5	-1.558199E+2	5.020385E-5	-1.465391E+2	-2.795875E-1	-1.177242E-1
1.610937E+0	3.946826E-5	-1.372117E+2	5.134697E-5	-1.534193E+2	-2.618910E-1	2.145467E-1
1.613086E+0	4.825984E-5	-1.458980E+2	5.070727E-5	-1.585137E+2	-7.124362E-2	2.078689E-1
1.615234E+0	5.652684E-5	-1.612184E+2	4.873378E-5	-1.723155E+2	1.382233E-1	2.232507E-1
1.617383E+0	5.481849E-5	-1.720999E+2	4.743554E-5	-1.717535E+2	1.556206E-1	-6.986760E-3
1.619531E+0	4.749842E-5	1.718313E+2	4.743126E-5	-1.733446E+2	-3.191533E-2	-2.562147E-1
1.621679E+0	5.110617E-5	1.754516E+2	4.853787E-5	1.761965E+2	5.282434E-2	-1.368850E-2
1.623828E+0	4.673655E-5	1.677031E+2	4.539347E-5	1.707954E+2	2.808836E-2	-5.554071E-2
1.625976E+0	4.616423E-5	1.636025E+2	5.054036E-5	1.675420E+2	-8.874510E-2	-6.275430E-2
1.628125E+0	5.086867E-5	1.634837E+2	4.814899E-5	1.587290E+2	5.284900E-2	8.757197E-2
1.630273E+0	4.374007E-5	1.615562E+2	4.963570E-5	1.524259E+2	-1.299431E-1	1.398325E-1
1.632422E+0	4.765312E-5	1.539226E+2	5.089590E-5	1.486676E+2	-6.764924E-2	8.575305E-2
1.634570E+0	5.155316E-5	1.480259E+2	5.208471E-5	1.467838E+2	-1.043807E-2	2.145581E-2
1.636719E+0	5.671779E-5	1.337625E+2	5.091518E-5	1.329674E+2	1.138589E-1	1.545814E-2
1.638867E+0	5.573992E-5	1.270591E+2	4.854613E-5	1.297458E+2	1.469225E-1	-5.382067E-2
1.641015E+0	4.756056E-5	1.275300E+2	4.612007E-5	1.275760E+2	3.123314E-2	-8.279272E-4
1.643164E+0	5.277071E-5	1.174216E+2	5.358275E-5	1.134121E+2	-1.756531E-2	6.886222E-2
1.645312E+0	4.939869E-5	1.069277E+2	4.795011E-5	1.089588E+2	2.956291E-2	-3.651267E-2
1.647461E+0	5.085186E-5	1.160942E+2	5.124012E-5	1.066022E+2	-2.116489E-2	1.636603E-1
1.649609E+0	5.858037E-5	1.041857E+2	4.913975E-5	1.002959E+2	1.893716E-1	8.087050E-2
1.651758E+0	5.281338E-5	9.649066E+1	5.136867E-5	1.001037E+2	2.608085E-2	-6.478999E-2
1.653906E+0	5.228739E-5	8.870320E+1	4.926155E-5	8.733257E+1	6.112028E-2	2.538897E-2
1.656054E+0	4.934464E-5	8.058970E+1	5.226776E-5	8.380083E+1	-5.740816E-2	-5.288274E-2
1.658203E+0	5.471686E-5	7.402545E+1	5.369953E-5	8.210224E+1	8.837592E-3	-1.431619E-1
1.660351E+0	5.687087E-5	7.419764E+1	5.499283E-5	6.752722E+1	2.715021E-2	1.201248E-1
1.662500E+0	5.611598E-5	6.252886E+1	5.014406E-5	6.253960E+1	1.190952E-1	-2.097726E-4
1.664648E+0	5.238704E-5	5.589660E+1	5.571324E-5	5.928453E+1	-6.134551E-2	-5.556792E-2
1.666797E+0	5.543456E-5	4.659261E+1	5.002084E-5	5.068243E+1	1.054072E-1	-7.903916E-2
1.668945E+0	5.225575E-5	4.183532E+1	4.426828E-5	4.072995E+1	1.802136E-1	2.277191E-2
1.671094E+0	5.663096E-5	4.332628E+1	5.404771E-5	3.592031E+1	3.905475E-2	1.350597E-1
1.673242E+0	4.999179E-5	2.721521E+1	4.923946E-5	3.093941E+1	1.313501E-2	-6.594622E-2
1.675390E+0	4.953092E-5	2.602667E+1	5.006749E-5	2.687201E+1	-1.082461E-2	-1.459532E-2
1.677539E+0	5.630651E-5	1.970719E+1	5.220470E-5	2.625514E+1	7.153589E-2	-1.229946E-1
1.679687E+0	5.163749E-5	1.498414E+1	5.045291E-5	1.350653E+1	2.313859E-2	2.639174E-2
1.681836E+0	5.246635E-5	3.678053E+0	5.339881E-5	7.805468E+0	-2.001044E-2	-7.071786E-2
1.683984E+0	4.973942E-5	4.816709E-1	5.132870E-5	3.511065E+0	-3.231697E-2	-5.121194E-2
1.686133E+0	4.547201E-5	-9.384397E-1	4.361330E-5	-4.924455E+0	4.009592E-2	7.247549E-2
1.688281E+0	4.259237E-5	-1.005242E+0	4.792008E-5	-7.752180E+0	-1.173344E-1	1.044225E-1
1.690429E+0	5.692190E-5	-3.670414E-1	5.103184E-5	-1.724284E+1	6.738522E-2	3.238040E-1
1.692578E+0	6.073472E-5	-1.147268E+1	4.849158E-5	-2.493616E+1	2.180597E-1	2.916093E-1
1.694726E+0	6.358253E-5	-2.714731E+1	5.175585E-5	-2.475881E+1	2.274417E-1	-5.119826E-2
1.696875E+0	5.124232E-5	-4.410233E+1	5.423646E-5	-2.993108E+1	-8.395699E-2	-2.313055E-1
1.699023E+0	3.623764E-5	-3.187299E+1	4.748038E-5	-3.060979E+1	-2.369725E-1	-1.682519E-2
1.701172E+0	4.612822E-5	-3.131674E+1	5.317167E-5	-4.639170E+1	-1.623212E-1	2.256304E-1
1.703320E+0	5.196653E-5	-3.786113E+1	4.910305E-5	-4.533329E+1	4.932869E-2	1.376281E-1
1.705469E+0	6.262578E-5	-5.539373E+1	4.359062E-5	-5.678636E+1	4.362558E-1	3.491648E-2
1.707617E+0	6.090774E-5	-7.240239E+1	5.549194E-5	-5.658653E+1	5.604400E-2	-2.991461E-1
1.709765E+0	4.510548E-5	-7.102664E+1	5.228592E-5	-6.697366E+1	-1.394877E-1	-6.097252E-2
1.711914E+0	4.725527E-5	-7.540186E+1	5.552997E-5	-7.513913E+1	-1.490222E-1	-3.902189E-3
1.714062E+0	4.953873E-5	-7.536031E+1	5.105004E-5	-7.758132E+1	-3.033347E-2	3.760693E-2
1.716211E+0	5.766290E-5	-8.201299E+1	5.318735E-5	-8.157387E+1	8.411505E-2	-8.308918E-3
1.718359E+0	5.304982E-5	-8.841512E+1	5.466893E-5	-9.221189E+1	-3.174643E-2	6.425651E-2
1.720508E+0	6.275473E-5	-9.626701E+1	4.909005E-5	-9.802293E+1	2.777592E-1	3.917122E-2
1.722656E+0	6.099785E-5	-1.055683E+2	4.688183E-5	-1.016340E+2	2.980317E-1	-8.927163E-2
1.724804E+0	5.504636E-5	-1.150937E+2	5.961833E-5	-1.093603E+2	-8.130619E-2	-9.223874E-2
1.726953E+0	5.525505E-5	-1.285742E+2	5.893258E-5	-1.166018E+2	-8.279729E-2	-1.944957E-1
1.729101E+0	5.329591E-5	-1.269203E+2	5.474618E-5	-1.251572E+2	-2.695167E-2	-2.995200E-2
1.731250E+0	5.764313E-5	-1.320275E+2	5.479331E-5	-1.324884E+2	5.197633E-2	8.462514E-3
1.733398E+0	5.356608E-5	-1.355053E+2	5.551756E-5	-1.368635E+2	-3.542176E-2	2.286967E-2
1.735547E+0	5.819539E-5	-1.433605E+2	5.487498E-5	-1.425473E+2	6.040182E-2	-1.505131E-2
1.737695E+0	5.985542E-5	-1.478061E+2	5.254549E-5	-1.518605E+2	1.362654E-1	8.053960E-2
1.739844E+0	6.030783E-5	-1.587791E+2	5.052491E-5	-1.548410E+2	1.908073E-1	-8.197667E-2
1.741992E+0	5.831678E-5	-1.662773E+2	4.654533E-5	-1.628062E+2	2.506044E-1	-7.585710E-2
1.744140E+0	5.202242E-5	1.793174E+2	4.545302E-5	-1.720010E+2	1.314181E-1	-1.727595E-1
1.746289E+0	5.744050E-5	1.798092E+2	4.943464E-5	-1.704432E+2	1.451735E-1	-1.967274E-1
1.748437E+0	4.768237E-5	1.747377E+2	5.440796E-5	1.769664E+2	-1.242770E-1	-3.408120E-2
1.750586E+0	4.846514E-5	1.625264E+2	5.881687E-5	1.710496E+2	-1.850997E-1	-1.221250E-1
1.752734E+0	5.142734E-5	1.636465E+2	5.997645E-5	1.641105E+2	-1.425692E-1	-6.943907E-3
1.754883E+0	4.745519E-5	1.580864E+2	5.100805E-5	1.607857E+2	-7.068519E-2	-4.381399E-2
1.757031E+0	5.447632E-5	1.455267E+2	5.066012E-5	1.539931E+2	6.361093E-2	-1.583201E-1
1.759179E+0	4.716806E-5	1.488971E+2	5.028447E-5	1.501499E+2	-6.219982E-2	-2.050872E-2
1.761328E+0	4.544497E-5	1.452428E+2	5.113582E-5	1.460593E+2	-1.113792E-1	-1.266425E-2
1.763476E+0	4.989110E-5	1.372090E+2	4.876537E-5	1.375812E+2	2.306303E-2	-6.646029E-3
1.765625E+0	4.343235E-5	1.358944E+2	5.551107E-5	1.308920E+2	-2.205714E-1	6.822407E-2
1.767773E+0	5.034300E-5	1.190463E+2	4.599112E-5	1.308816E+2	7.135397E-2	-2.245065E-1
1.769922E+0	4.937065E-5	1.285746E+2	5.398640E-5	1.216818E+2	-9.210801E-2	1.097512E-1
1.772070E+0	5.430958E-5	1.096066E+2	4.441334E-5	1.178400E+2	2.102176E-1	-1.751152E-1
1.774219E+0	5.358241E-5	1.080590E+2	4.701839E-5	1.088207E+2	1.395047E-1	-1.514966E-2
1.776367E+0	5.520591E-5	1.020209E+2	4.749275E-5	1.042441E+2	1.615321E-1	-4.509259E-2
1.778515E+0	5.516709E-5	9.736272E+1	5.150052E-5	1.026604E+2	6.661914E-2	-9.890371E-2
1.780664E+0	4.463537E-5	9.356118E+1	4.729505E-5	8.898369E+1	-5.924622E-2	7.531927E-2
1.782812E+0	4.833656E-5	9.688905E+1	5.467822E-5	8.800273E+1	-1.265925E-1	1.365583E-1
1.784961E+0	5.345262E-5	8.558575E+1	5.592380E-5	7.785502E+1	-5.287553E-2	1.285736E-1
1.787109E+0	5.729435E-5	6.712768E+1	5.198388E-5	6.859835E+1	1.017930E-1	-2.828707E-2
1.789258E+0	5.843700E-5	6.022541E+1	5.291575E-5	6.968230E+1	8.933186E-2	-1.814492E-1
1.791406E+0	5.348587E-5	6.114447E+1	4.836400E-5	6.222239E+1	1.057068E-1	-2.080440E-2
1.793554E+0	4.933117E-5	5.835764E+1	5.572912E-5	5.528283E+1	-1.160788E-1	4.748172E-2
1.795703E+0	5.186889E-5	4.953089E+1	5.388714E-5	4.878206E+1	-3.753548E-2	1.257969E-2
1.797851E+0	5.481078E-5	4.425194E+1	5.068854E-5	4.491007E+1	8.125356E-2	-1.242040E-2
1.800000E+0	5.167465E-5	3.949301E+1	5.797693E-5	4.032645E+1	-1.087975E-1	-1.296459E-2
