1.201172E+0	6.737625E-1	1.112405E+2	6.712643E-1	1.123480E+2	3.534129E-3	-1.940025E-2
1.202344E+0	6.738456E-1	1.078214E+2	6.713742E-1	1.089366E+2	3.490993E-3	-1.953433E-2
1.203516E+0	6.739317E-1	1.044026E+2	6.714228E-1	1.055245E+2	3.544277E-3	-1.965276E-2
1.204688E+0	6.739999E-1	1.009824E+2	6.714782E-1	1.021100E+2	3.561067E-3	-1.975297E-2
1.205859E+0	6.740534E-1	9.756264E+1	6.715275E-1	9.869499E+1	3.565404E-3	-1.983628E-2
1.207031E+0	6.740734E-1	9.414068E+1	6.715184E-1	9.527913E+1	3.606663E-3	-1.994399E-2
1.208203E+0	6.740959E-1	9.071653E+1	6.715173E-1	9.186315E+1	3.638952E-3	-2.008780E-2
1.209375E+0	6.740886E-1	8.729187E+1	6.715142E-1	8.844476E+1	3.630513E-3	-2.019750E-2
1.210547E+0	6.740615E-1	8.386749E+1	6.714477E-1	8.502661E+1	3.687357E-3	-2.030783E-2
1.211719E+0	6.740088E-1	8.044219E+1	6.713623E-1	8.160861E+1	3.733954E-3	-2.043671E-2
1.212891E+0	6.739491E-1	7.701302E+1	6.712621E-1	7.818966E+1	3.791202E-3	-2.061700E-2
1.214063E+0	6.738559E-1	7.358597E+1	6.711448E-1	7.476984E+1	3.825193E-3	-2.074442E-2
1.215234E+0	6.737314E-1	7.015854E+1	6.710244E-1	7.134956E+1	3.817212E-3	-2.086958E-2
1.216406E+0	6.736274E-1	6.672741E+1	6.708657E-1	6.792770E+1	3.896295E-3	-2.103371E-2
1.217578E+0	6.735034E-1	6.329807E+1	6.706706E-1	6.450541E+1	4.000887E-3	-2.115950E-2
1.218750E+0	6.733254E-1	5.986880E+1	6.705179E-1	6.108421E+1	3.961135E-3	-2.130013E-2
1.219922E+0	6.731369E-1	5.643863E+1	6.702963E-1	5.766492E+1	4.007826E-3	-2.149186E-2
1.221094E+0	6.729741E-1	5.301044E+1	6.700961E-1	5.424567E+1	4.061526E-3	-2.164975E-2
1.222266E+0	6.727861E-1	4.958200E+1	6.698558E-1	5.082667E+1	4.137544E-3	-2.181690E-2
1.223438E+0	6.726022E-1	4.615529E+1	6.696326E-1	4.741057E+1	4.193619E-3	-2.200417E-2
1.224609E+0	6.723848E-1	4.273035E+1	6.694029E-1	4.399562E+1	4.209658E-3	-2.217970E-2
1.225781E+0	6.721506E-1	3.930675E+1	6.691525E-1	4.058253E+1	4.231443E-3	-2.236448E-2
1.226953E+0	6.719261E-1	3.588533E+1	6.688845E-1	3.717274E+1	4.293695E-3	-2.256982E-2
1.228125E+0	6.717226E-1	3.246535E+1	6.686389E-1	3.376208E+1	4.354628E-3	-2.273464E-2
1.229297E+0	6.714755E-1	2.904790E+1	6.683682E-1	3.035550E+1	4.387465E-3	-2.292604E-2
1.230469E+0	6.712391E-1	2.563197E+1	6.681330E-1	2.695136E+1	4.382566E-3	-2.313271E-2
1.231641E+0	6.710353E-1	2.221746E+1	6.678913E-1	2.354762E+1	4.436613E-3	-2.332286E-2
1.232813E+0	6.708155E-1	1.879861E+1	6.676339E-1	2.014329E+1	4.488787E-3	-2.357877E-2
1.233984E+0	6.706030E-1	1.539769E+1	6.674068E-1	1.675548E+1	4.506856E-3	-2.380917E-2
1.235156E+0	6.704025E-1	1.201188E+1	6.671709E-1	1.338026E+1	4.557176E-3	-2.399614E-2
1.236328E+0	6.701931E-1	8.613469E+0	6.669565E-1	9.991746E+0	4.562067E-3	-2.416988E-2
1.237500E+0	6.700012E-1	5.206737E+0	6.667346E-1	6.597493E+0	4.603376E-3	-2.438980E-2
1.238672E+0	6.698263E-1	1.795043E+0	6.665386E-1	3.199545E+0	4.630583E-3	-2.463163E-2
1.239844E+0	6.696652E-1	-1.619763E+0	6.663693E-1	-2.019311E-1	4.638379E-3	-2.486569E-2
1.241016E+0	6.695139E-1	-5.036678E+0	6.661923E-1	-3.605975E+0	4.672647E-3	-2.509237E-2
1.242187E+0	6.693721E-1	-8.451073E+0	6.660286E-1	-7.008981E+0	4.701736E-3	-2.529293E-2
1.243359E+0	6.692500E-1	-1.186550E+1	6.658941E-1	-1.041042E+1	4.715606E-3	-2.552118E-2
1.244531E+0	6.691245E-1	-1.527839E+1	6.657659E-1	-1.380903E+1	4.714238E-3	-2.577172E-2
1.245703E+0	6.690328E-1	-1.869067E+1	6.656498E-1	-1.720706E+1	4.745320E-3	-2.602257E-2
1.246875E+0	6.689407E-1	-2.210013E+1	6.655064E-1	-2.060410E+1	4.817809E-3	-2.624241E-2
1.248047E+0	6.688465E-1	-2.551258E+1	6.654221E-1	-2.400094E+1	4.796403E-3	-2.651579E-2
1.249219E+0	6.687647E-1	-2.892466E+1	6.653303E-1	-2.739994E+1	4.806058E-3	-2.674559E-2
1.250391E+0	6.687019E-1	-3.233640E+1	6.652443E-1	-3.079885E+1	4.835572E-3	-2.697155E-2
1.251563E+0	6.686721E-1	-3.575656E+1	6.652075E-1	-3.420522E+1	4.839858E-3	-2.721369E-2
1.252734E+0	6.686968E-1	-3.918309E+1	6.652024E-1	-3.761816E+1	4.878197E-3	-2.745325E-2
1.253906E+0	6.687334E-1	-4.261362E+1	6.652092E-1	-4.103291E+1	4.915325E-3	-2.773124E-2
1.255078E+0	6.687585E-1	-4.604370E+1	6.652411E-1	-4.444893E+1	4.898018E-3	-2.797754E-2
1.256250E+0	6.688023E-1	-4.947762E+1	6.652022E-1	-4.786659E+1	5.014621E-3	-2.826623E-2
1.257422E+0	6.687953E-1	-5.290916E+1	6.652209E-1	-5.128302E+1	4.968361E-3	-2.853017E-2
1.258594E+0	6.688231E-1	-5.634409E+1	6.652147E-1	-5.470308E+1	5.012063E-3	-2.879245E-2
1.259766E+0	6.688257E-1	-5.977916E+1	6.652051E-1	-5.812299E+1	5.022821E-3	-2.905890E-2
1.260938E+0	6.688126E-1	-6.321804E+1	6.651579E-1	-6.154266E+1	5.064651E-3	-2.939737E-2
1.262109E+0	6.688065E-1	-6.665269E+1	6.651235E-1	-6.496465E+1	5.100945E-3	-2.962071E-2
1.263281E+0	6.687718E-1	-7.009184E+1	6.650369E-1	-6.838612E+1	5.170484E-3	-2.993320E-2
1.264453E+0	6.687089E-1	-7.353291E+1	6.649434E-1	-7.181031E+1	5.208410E-3	-3.023074E-2
1.265625E+0	6.686513E-1	-7.697024E+1	6.648670E-1	-7.523223E+1	5.229156E-3	-3.050197E-2
1.266797E+0	6.685695E-1	-8.041161E+1	6.647458E-1	-7.865521E+1	5.279595E-3	-3.082647E-2
1.267969E+0	6.684684E-1	-8.385184E+1	6.645913E-1	-8.207737E+1	5.351471E-3	-3.114604E-2
1.269141E+0	6.683313E-1	-8.729269E+1	6.644375E-1	-8.549950E+1	5.367712E-3	-3.147534E-2
1.270313E+0	6.681952E-1	-9.073428E+1	6.642628E-1	-8.892343E+1	5.417584E-3	-3.178710E-2
1.271484E+0	6.680514E-1	-9.417546E+1	6.640617E-1	-9.234336E+1	5.493760E-3	-3.216281E-2
1.272656E+0	6.678586E-1	-9.761717E+1	6.638752E-1	-9.576225E+1	5.473073E-3	-3.256303E-2
1.273828E+0	6.676754E-1	-1.010543E+2	6.636175E-1	-9.918211E+1	5.577744E-3	-3.286984E-2
1.275000E+0	6.674868E-1	-1.044924E+2	6.633785E-1	-1.025962E+2	5.642017E-3	-3.329381E-2
1.276172E+0	6.672581E-1	-1.079396E+2	6.631134E-1	-1.060215E+2	5.686554E-3	-3.368011E-2
1.277344E+0	6.670069E-1	-1.113776E+2	6.628490E-1	-1.094378E+2	5.696120E-3	-3.406176E-2
1.278516E+0	6.667656E-1	-1.148144E+2	6.625594E-1	-1.128520E+2	5.758203E-3	-3.446104E-2
1.279688E+0	6.664950E-1	-1.182497E+2	6.622580E-1	-1.162633E+2	5.793047E-3	-3.488404E-2
1.280859E+0	6.662136E-1	-1.216862E+2	6.619514E-1	-1.196744E+2	5.818491E-3	-3.533136E-2
1.282031E+0	6.659289E-1	-1.251212E+2	6.616180E-1	-1.230832E+2	5.879033E-3	-3.579402E-2
1.283203E+0	6.656391E-1	-1.285546E+2	6.612868E-1	-1.264898E+2	5.928006E-3	-3.626689E-2
1.284375E+0	6.653393E-1	-1.319859E+2	6.609457E-1	-1.298938E+2	5.976451E-3	-3.674859E-2
1.285547E+0	6.650389E-1	-1.354154E+2	6.606318E-1	-1.332969E+2	5.982989E-3	-3.721298E-2
1.286719E+0	6.647415E-1	-1.388453E+2	6.603009E-1	-1.366976E+2	6.017932E-3	-3.772769E-2
1.287891E+0	6.644399E-1	-1.422719E+2	6.599816E-1	-1.400962E+2	6.029426E-3	-3.822046E-2
1.289062E+0	6.641268E-1	-1.456983E+2	6.596353E-1	-1.434936E+2	6.063789E-3	-3.873172E-2
1.290234E+0	6.638252E-1	-1.491235E+2	6.593404E-1	-1.468866E+2	6.034753E-3	-3.929684E-2
1.291406E+0	6.635497E-1	-1.525448E+2	6.590387E-1	-1.502781E+2	6.057013E-3	-3.982178E-2
1.292578E+0	6.632635E-1	-1.559678E+2	6.587617E-1	-1.536687E+2	6.023255E-3	-4.039024E-2
1.293750E+0	6.629980E-1	-1.593900E+2	6.584883E-1	-1.570587E+2	6.015219E-3	-4.095622E-2
1.294922E+0	6.627359E-1	-1.628121E+2	6.582235E-1	-1.604445E+2	5.995921E-3	-4.159386E-2
1.296094E+0	6.624955E-1	-1.662325E+2	6.580019E-1	-1.638296E+2	5.943864E-3	-4.221254E-2
1.297266E+0	6.622782E-1	-1.696502E+2	6.577779E-1	-1.672156E+2	5.932855E-3	-4.276963E-2
1.298438E+0	6.620461E-1	-1.730667E+2	6.575782E-1	-1.705960E+2	5.858558E-3	-4.340139E-2
1.299609E+0	6.618637E-1	-1.764840E+2	6.573926E-1	-1.739775E+2	5.838023E-3	-4.403016E-2
1.300781E+0	6.616887E-1	-1.799014E+2	6.572556E-1	-1.773589E+2	5.753816E-3	-4.465964E-2
1.301953E+0	6.615333E-1	1.766791E+2	6.571276E-1	1.792626E+2	5.681259E-3	-4.537751E-2
1.303125E+0	6.613927E-1	1.732615E+2	6.570188E-1	1.758821E+2	5.604425E-3	-4.602653E-2
1.304297E+0	6.612904E-1	1.698403E+2	6.569483E-1	1.725010E+2	5.524326E-3	-4.672811E-2
1.305469E+0	6.611748E-1	1.664192E+2	6.568813E-1	1.691187E+2	5.419221E-3	-4.740557E-2
1.306641E+0	6.610997E-1	1.629958E+2	6.568535E-1	1.657377E+2	5.312214E-3	-4.814616E-2
1.307813E+0	6.610444E-1	1.595726E+2	6.568699E-1	1.623545E+2	5.169170E-3	-4.884268E-2
1.308984E+0	6.610064E-1	1.561464E+2	6.568550E-1	1.589691E+2	5.099153E-3	-4.955672E-2
1.310156E+0	6.610056E-1	1.527201E+2	6.569139E-1	1.555858E+2	4.970347E-3	-5.030645E-2
1.311328E+0	6.609790E-1	1.492890E+2	6.569526E-1	1.522003E+2	4.830354E-3	-5.110120E-2
1.312500E+0	6.610123E-1	1.458576E+2	6.570176E-1	1.488131E+2	4.741844E-3	-5.187382E-2
1.313672E+0	6.610510E-1	1.424228E+2	6.571008E-1	1.454228E+2	4.632855E-3	-5.265058E-2
1.314844E+0	6.610974E-1	1.389843E+2	6.572454E-1	1.420324E+2	4.437780E-3	-5.348594E-2
1.316016E+0	6.612003E-1	1.355430E+2	6.573517E-1	1.386400E+2	4.385654E-3	-5.434284E-2
1.317188E+0	6.612779E-1	1.320979E+2	6.575006E-1	1.352455E+2	4.227669E-3	-5.522380E-2
1.318359E+0	6.613756E-1	1.286482E+2	6.576601E-1	1.318483E+2	4.081432E-3	-5.613863E-2
1.319531E+0	6.614750E-1	1.251942E+2	6.578417E-1	1.284490E+2	3.901070E-3	-5.709001E-2
1.320703E+0	6.615703E-1	1.217350E+2	6.580225E-1	1.250468E+2	3.712545E-3	-5.808110E-2
1.321875E+0	6.616592E-1	1.182741E+2	6.581983E-1	1.216438E+2	3.520102E-3	-5.908753E-2
1.323047E+0	6.617758E-1	1.148080E+2	6.583769E-1	1.182354E+2	3.364663E-3	-6.009238E-2
1.324219E+0	6.618525E-1	1.113370E+2	6.585609E-1	1.148263E+2	3.135087E-3	-6.116634E-2
1.325391E+0	6.619430E-1	1.078622E+2	6.587269E-1	1.114159E+2	2.950051E-3	-6.228663E-2
1.326563E+0	6.619824E-1	1.043830E+2	6.588818E-1	1.080025E+2	2.701765E-3	-6.342726E-2
1.327734E+0	6.620051E-1	1.008978E+2	6.590278E-1	1.045878E+2	2.435216E-3	-6.464889E-2
1.328906E+0	6.619982E-1	9.740813E+1	6.591923E-1	1.011704E+2	2.092294E-3	-6.589612E-2
1.330078E+0	6.619806E-1	9.391199E+1	6.592919E-1	9.775351E+1	1.822181E-3	-6.727017E-2
1.331250E+0	6.619115E-1	9.041174E+1	6.593928E-1	9.433552E+1	1.466737E-3	-6.869074E-2
1.332422E+0	6.617937E-1	8.690722E+1	6.594922E-1	9.091451E+1	1.036441E-3	-7.012728E-2
1.333594E+0	6.616083E-1	8.340450E+1	6.595240E-1	8.749532E+1	6.044833E-4	-7.156308E-2
1.334766E+0	6.613860E-1	7.990043E+1	6.595833E-1	8.407603E+1	7.141046E-5	-7.301248E-2
1.335937E+0	6.610773E-1	7.639581E+1	6.596025E-1	8.065848E+1	-5.365200E-4	-7.449521E-2
1.337109E+0	6.606825E-1	7.288972E+1	6.595847E-1	7.724031E+1	-1.221874E-3	-7.598543E-2
1.338281E+0	6.601960E-1	6.938315E+1	6.595630E-1	7.382175E+1	-2.042311E-3	-7.746500E-2
1.339453E+0	6.596664E-1	6.587584E+1	6.595018E-1	7.040829E+1	-2.878460E-3	-7.904342E-2
1.340625E+0	6.590013E-1	6.237152E+1	6.594008E-1	6.699599E+1	-3.859345E-3	-8.057578E-2
1.341797E+0	6.582238E-1	5.886254E+1	6.592684E-1	6.357907E+1	-4.965412E-3	-8.209575E-2
1.342969E+0	6.574108E-1	5.534766E+1	6.591247E-1	6.015478E+1	-6.108667E-3	-8.358377E-2
1.344141E+0	6.564913E-1	5.183528E+1	6.589518E-1	5.673043E+1	-7.367818E-3	-8.501396E-2
1.345313E+0	6.554418E-1	4.832951E+1	6.587315E-1	5.330732E+1	-8.746779E-3	-8.633659E-2
1.346484E+0	6.543649E-1	4.482841E+1	6.585258E-1	4.988457E+1	-1.018513E-2	-8.757528E-2
1.347656E+0	6.532428E-1	4.132673E+1	6.582863E-1	4.645698E+1	-1.163687E-2	-8.873506E-2
1.348828E+0	6.520528E-1	3.781432E+1	6.580287E-1	4.301333E+1	-1.315819E-2	-8.979245E-2
1.350000E+0	6.508135E-1	3.438492E+1	6.577376E-1	3.965166E+1	-1.470455E-2	-9.082624E-2
1.351172E+0	6.495942E-1	3.091038E+1	6.574513E-1	3.624788E+1	-1.623500E-2	-9.191057E-2
1.352344E+0	6.483467E-1	2.741451E+1	6.571773E-1	3.281967E+1	-1.782393E-2	-9.293222E-2
1.353516E+0	6.470814E-1	2.393506E+1	6.568806E-1	2.940667E+1	-1.940624E-2	-9.393008E-2
1.354688E+0	6.457644E-1	2.045714E+1	6.565839E-1	2.599643E+1	-2.107128E-2	-9.493767E-2
1.355859E+0	6.444609E-1	1.698511E+1	6.563014E-1	2.259272E+1	-2.274049E-2	-9.595218E-2
1.357031E+0	6.431684E-1	1.351241E+1	6.560110E-1	1.918767E+1	-2.438248E-2	-9.695413E-2
1.358203E+0	6.418640E-1	1.003492E+1	6.557208E-1	1.578185E+1	-2.605207E-2	-9.801869E-2
1.359375E+0	6.405692E-1	6.558700E+0	6.554537E-1	1.237146E+1	-2.773376E-2	-9.897797E-2
1.360547E+0	6.392770E-1	3.126137E+0	6.551902E-1	9.009424E+0	-2.942722E-2	-1.000128E-1
1.361719E+0	6.379883E-1	-3.278894E-1	6.549531E-1	5.627432E+0	-3.115942E-2	-1.010655E-1
1.362891E+0	6.367122E-1	-3.792961E+0	6.547325E-1	2.236258E+0	-3.290244E-2	-1.021447E-1
1.364063E+0	6.354323E-1	-7.261514E+0	6.545119E-1	-1.154679E+0	-3.466020E-2	-1.032815E-1
1.365234E+0	6.341605E-1	-1.073192E+1	6.543514E-1	-4.542764E+0	-3.650512E-2	-1.044845E-1
1.366406E+0	6.328612E-1	-1.420314E+1	6.541890E-1	-7.927723E+0	-3.839860E-2	-1.057442E-1
1.367578E+0	6.314809E-1	-1.768103E+1	6.540386E-1	-1.131330E+1	-4.044653E-2	-1.070840E-1
1.368750E+0	6.300193E-1	-2.116314E+1	6.539451E-1	-1.470464E+1	-4.270108E-2	-1.083681E-1
1.369922E+0	6.285773E-1	-2.463969E+1	6.538527E-1	-1.809397E+1	-4.492291E-2	-1.095894E-1
1.371094E+0	6.270846E-1	-2.811921E+1	6.537784E-1	-2.148292E+1	-4.725670E-2	-1.108477E-1
1.372266E+0	6.254982E-1	-3.160051E+1	6.537275E-1	-2.487422E+1	-4.976783E-2	-1.120687E-1
1.373438E+0	6.238272E-1	-3.507811E+1	6.537244E-1	-2.826245E+1	-5.247734E-2	-1.132479E-1
1.374609E+0	6.220649E-1	-3.853393E+1	6.537339E-1	-3.163640E+1	-5.533013E-2	-1.142763E-1
1.375781E+0	6.202065E-1	-4.201083E+1	6.537278E-1	-3.503260E+1	-5.830493E-2	-1.152624E-1
1.376953E+0	6.182234E-1	-4.548501E+1	6.537495E-1	-3.842893E+1	-6.150411E-2	-1.161653E-1
1.378125E+0	6.161569E-1	-4.892394E+1	6.538207E-1	-4.180413E+1	-6.487237E-2	-1.168047E-1
1.379297E+0	6.140415E-1	-5.236831E+1	6.538856E-1	-4.519054E+1	-6.829358E-2	-1.173347E-1
1.380469E+0	6.118621E-1	-5.583244E+1	6.539572E-1	-4.859875E+1	-7.181665E-2	-1.178114E-1
1.381641E+0	6.096311E-1	-5.927384E+1	6.540451E-1	-5.199319E+1	-7.542182E-2	-1.181238E-1
1.382812E+0	6.073778E-1	-6.271711E+1	6.541299E-1	-5.539617E+1	-7.904161E-2	-1.183196E-1
1.383984E+0	6.049429E-1	-6.615918E+1	6.542235E-1	-5.880031E+1	-8.294305E-2	-1.184355E-1
1.385156E+0	6.024777E-1	-6.958945E+1	6.543218E-1	-6.220605E+1	-8.686793E-2	-1.183261E-1
1.386328E+0	5.998167E-1	-7.301448E+1	6.544165E-1	-6.561242E+1	-9.107098E-2	-1.180825E-1
1.387500E+0	5.970978E-1	-7.643349E+1	6.544967E-1	-6.901919E+1	-9.532705E-2	-1.177261E-1
1.388672E+0	5.942241E-1	-7.984032E+1	6.545898E-1	-7.243032E+1	-9.980031E-2	-1.170753E-1
1.389844E+0	5.912032E-1	-8.323256E+1	6.546503E-1	-7.584352E+1	-1.044169E-1	-1.161417E-1
1.391016E+0	5.880632E-1	-8.662112E+1	6.546928E-1	-7.925964E+1	-1.091759E-1	-1.150889E-1
1.392188E+0	5.847493E-1	-9.000362E+1	6.547353E-1	-8.268393E+1	-1.141702E-1	-1.137868E-1
1.393359E+0	5.813414E-1	-9.336414E+1	6.547532E-1	-8.610732E+1	-1.192333E-1	-1.121542E-1
1.394531E+0	5.778314E-1	-9.668874E+1	6.547145E-1	-8.951072E+1	-1.243469E-1	-1.102794E-1
1.395703E+0	5.742828E-1	-1.000015E+2	6.547151E-1	-9.292348E+1	-1.295353E-1	-1.080830E-1
1.396875E+0	5.704951E-1	-1.032957E+2	6.546450E-1	-9.634498E+1	-1.349475E-1	-1.054599E-1
1.398047E+0	5.664486E-1	-1.065541E+2	6.545663E-1	-9.976434E+1	-1.406892E-1	-1.023109E-1
1.399219E+0	5.622397E-1	-1.097669E+2	6.544603E-1	-1.031857E+2	-1.465719E-1	-9.846123E-2
1.400391E+0	5.577786E-1	-1.129293E+2	6.543151E-1	-1.066088E+2	-1.527198E-1	-9.384746E-2
1.401563E+0	5.531712E-1	-1.160426E+2	6.541327E-1	-1.100295E+2	-1.589969E-1	-8.858740E-2
1.402734E+0	5.484381E-1	-1.190938E+2	6.539279E-1	-1.134501E+2	-1.653825E-1	-8.247770E-2
1.403906E+0	5.435838E-1	-1.220618E+2	6.536795E-1	-1.168696E+2	-1.718368E-1	-7.525508E-2
1.405078E+0	5.389007E-1	-1.249717E+2	6.534189E-1	-1.202889E+2	-1.780130E-1	-6.733121E-2
1.406250E+0	5.344197E-1	-1.278468E+2	6.531186E-1	-1.237073E+2	-1.838764E-1	-5.906603E-2
1.407422E+0	5.304869E-1	-1.306904E+2	6.527802E-1	-1.271265E+2	-1.889138E-1	-5.051618E-2
1.408594E+0	5.269657E-1	-1.335204E+2	6.524071E-1	-1.305436E+2	-1.933646E-1	-4.194646E-2
1.409766E+0	5.238569E-1	-1.363222E+2	6.520226E-1	-1.339604E+2	-1.972488E-1	-3.310911E-2
1.410938E+0	5.210394E-1	-1.390922E+2	6.516149E-1	-1.373735E+2	-2.007473E-1	-2.398236E-2
1.412109E+0	5.186973E-1	-1.418275E+2	6.511719E-1	-1.407852E+2	-2.035721E-1	-1.448987E-2
1.413281E+0	5.168366E-1	-1.445367E+2	6.507111E-1	-1.441947E+2	-2.057498E-1	-4.740956E-3
1.414453E+0	5.154811E-1	-1.472309E+2	6.502460E-1	-1.475996E+2	-2.072686E-1	5.101320E-3
1.415625E+0	5.147421E-1	-1.499412E+2	6.497738E-1	-1.510034E+2	-2.079495E-1	1.468542E-2
1.416797E+0	5.147145E-1	-1.526722E+2	6.492499E-1	-1.544043E+2	-2.075789E-1	2.396286E-2
1.417969E+0	5.151817E-1	-1.554319E+2	6.487520E-1	-1.578008E+2	-2.065667E-1	3.282329E-2
1.419141E+0	5.161768E-1	-1.582214E+2	6.482445E-1	-1.611932E+2	-2.048022E-1	4.128211E-2
1.420313E+0	5.175852E-1	-1.610403E+2	6.477368E-1	-1.645817E+2	-2.024587E-1	4.935817E-2
1.421484E+0	5.194210E-1	-1.638659E+2	6.472384E-1	-1.679674E+2	-1.995365E-1	5.739900E-2
1.422656E+0	5.218523E-1	-1.667161E+2	6.467336E-1	-1.713477E+2	-1.957304E-1	6.515646E-2
1.423828E+0	5.248977E-1	-1.696131E+2	6.462626E-1	-1.747278E+2	-1.910290E-1	7.240795E-2
1.425000E+0	5.283300E-1	-1.725519E+2	6.458062E-1	-1.781008E+2	-1.857398E-1	7.910578E-2
1.426172E+0	5.321115E-1	-1.755399E+2	6.453682E-1	1.785266E+2	-1.799089E-1	8.523282E-2
1.427344E+0	5.361063E-1	-1.785749E+2	6.449441E-1	1.751593E+2	-1.737210E-1	9.072286E-2
1.428516E+0	5.403380E-1	1.783473E+2	6.445773E-1	1.717927E+2	-1.671967E-1	9.568996E-2
1.429687E+0	5.446522E-1	1.752267E+2	6.442254E-1	1.684298E+2	-1.605045E-1	1.000577E-1
1.430859E+0	5.491822E-1	1.720657E+2	6.439104E-1	1.650683E+2	-1.534665E-1	1.039022E-1
1.432031E+0	5.538819E-1	1.688547E+2	6.436448E-1	1.617090E+2	-1.461441E-1	1.070451E-1
1.433203E+0	5.586953E-1	1.655938E+2	6.433924E-1	1.583502E+2	-1.385718E-1	1.094897E-1
1.434375E+0	5.635635E-1	1.622887E+2	6.431808E-1	1.549924E+2	-1.308818E-1	1.112796E-1
1.435547E+0	5.683576E-1	1.589486E+2	6.430243E-1	1.516380E+2	-1.233032E-1	1.124723E-1
1.436719E+0	5.731022E-1	1.555712E+2	6.429186E-1	1.482831E+2	-1.157948E-1	1.130827E-1
1.437891E+0	5.777159E-1	1.521607E+2	6.428267E-1	1.449285E+2	-1.084383E-1	1.131395E-1
1.439063E+0	5.821648E-1	1.487295E+2	6.427762E-1	1.415757E+2	-1.013468E-1	1.127902E-1
1.440234E+0	5.864048E-1	1.452748E+2	6.427937E-1	1.382204E+2	-9.463065E-2	1.120381E-1
1.441406E+0	5.903974E-1	1.418077E+2	6.428391E-1	1.348677E+2	-8.830733E-2	1.109728E-1
1.442578E+0	5.941445E-1	1.383264E+2	6.429241E-1	1.315195E+2	-8.238543E-2	1.095310E-1
1.443750E+0	5.976177E-1	1.347792E+2	6.430427E-1	1.281139E+2	-7.692214E-2	1.078700E-1
1.444922E+0	6.009069E-1	1.312821E+2	6.432014E-1	1.247656E+2	-7.179218E-2	1.060267E-1
1.446094E+0	6.040305E-1	1.277682E+2	6.434079E-1	1.214062E+2	-6.698277E-2	1.040281E-1
1.447266E+0	6.069533E-1	1.242416E+2	6.436174E-1	1.180432E+2	-6.247867E-2	1.018209E-1
1.448438E+0	6.096756E-1	1.207089E+2	6.438847E-1	1.146740E+2	-5.837675E-2	9.954853E-2
1.449609E+0	6.122022E-1	1.171689E+2	6.441772E-1	1.113038E+2	-5.461188E-2	9.711439E-2
1.450781E+0	6.145339E-1	1.136299E+2	6.444963E-1	1.079297E+2	-5.120453E-2	9.470572E-2
1.451953E+0	6.166661E-1	1.100911E+2	6.448410E-1	1.045512E+2	-4.815950E-2	9.232086E-2
1.453125E+0	6.186033E-1	1.065517E+2	6.451548E-1	1.011713E+2	-4.537981E-2	8.990871E-2
1.454297E+0	6.203460E-1	1.030153E+2	6.455187E-1	9.778532E+1	-4.299690E-2	8.759903E-2
1.455469E+0	6.207631E-1	9.948122E+1	6.458998E-1	9.439798E+1	-4.269725E-2	8.515474E-2
1.456641E+0	6.223275E-1	9.594705E+1	6.462646E-1	9.100722E+1	-4.061591E-2	8.292010E-2
1.457813E+0	6.237850E-1	9.241301E+1	6.466491E-1	8.760783E+1	-3.874825E-2	8.080608E-2
1.458984E+0	6.251111E-1	8.888528E+1	6.470116E-1	8.421320E+1	-3.705903E-2	7.869577E-2
1.460156E+0	6.263306E-1	8.535821E+1	6.473875E-1	8.081264E+1	-3.556904E-2	7.667422E-2
1.461328E+0	6.274659E-1	8.182935E+1	6.477492E-1	7.740672E+1	-3.419790E-2	7.469815E-2
1.462500E+0	6.284872E-1	7.830292E+1	6.480922E-1	7.399564E+1	-3.298929E-2	7.283346E-2
1.463672E+0	6.294399E-1	7.477968E+1	6.484286E-1	7.058144E+1	-3.188888E-2	7.106374E-2
1.464844E+0	6.302862E-1	7.125874E+1	6.487334E-1	6.716512E+1	-3.091443E-2	6.935645E-2
1.466016E+0	6.310257E-1	6.774030E+1	6.490122E-1	6.374569E+1	-3.007572E-2	6.773202E-2
1.467188E+0	6.316890E-1	6.422266E+1	6.492488E-1	6.032162E+1	-2.930062E-2	6.619335E-2
1.468359E+0	6.322497E-1	6.070654E+1	6.494647E-1	5.689805E+1	-2.865627E-2	6.466115E-2
1.469531E+0	6.327673E-1	5.719538E+1	6.496548E-1	5.346827E+1	-2.805462E-2	6.331471E-2
1.470703E+0	6.331934E-1	5.368445E+1	6.497663E-1	5.003973E+1	-2.747694E-2	6.194807E-2
1.471875E+0	6.335557E-1	5.017522E+1	6.499161E-1	4.660863E+1	-2.706117E-2	6.064256E-2
1.473047E+0	6.338187E-1	4.666975E+1	6.499430E-1	4.317519E+1	-2.662207E-2	5.944158E-2
1.474219E+0	6.340380E-1	4.316758E+1	6.499739E-1	3.974252E+1	-2.626017E-2	5.827821E-2
1.475391E+0	6.342121E-1	3.966874E+1	6.499217E-1	3.630718E+1	-2.585055E-2	5.721930E-2
1.476562E+0	6.342705E-1	3.617134E+1	6.498700E-1	3.287390E+1	-2.561990E-2	5.613872E-2
1.477734E+0	6.342974E-1	3.268399E+1	6.497670E-1	2.944087E+1	-2.537132E-2	5.522602E-2
1.478906E+0	6.342416E-1	2.919631E+1	6.496006E-1	2.600711E+1	-2.515587E-2	5.431792E-2
1.480078E+0	6.341251E-1	2.571597E+1	6.494085E-1	2.257364E+1	-2.500251E-2	5.352644E-2
1.481250E+0	6.339666E-1	2.223971E+1	6.491553E-1	1.914357E+1	-2.482317E-2	5.274780E-2
1.482422E+0	6.337687E-1	1.876884E+1	6.488905E-1	1.571363E+1	-2.469232E-2	5.205614E-2
1.483594E+0	6.335101E-1	1.530299E+1	6.485677E-1	1.228755E+1	-2.456916E-2	5.138375E-2
1.484766E+0	6.332330E-1	1.184343E+1	6.482207E-1	8.862579E+0	-2.444304E-2	5.079984E-2
1.485938E+0	6.328887E-1	8.389872E+0	6.478246E-1	5.442791E+0	-2.434753E-2	5.022822E-2
1.487109E+0	6.325454E-1	4.939467E+0	6.474376E-1	2.022598E+0	-2.426753E-2	4.971649E-2
1.488281E+0	6.321787E-1	1.495848E+0	6.470133E-1	-1.395211E+0	-2.417139E-2	4.928068E-2
1.489453E+0	6.318112E-1	-1.944784E+0	6.465346E-1	-4.808955E+0	-2.399355E-2	4.883048E-2
1.490625E+0	6.314200E-1	-5.375421E+0	6.460988E-1	-8.219686E+0	-2.392304E-2	4.849405E-2
1.491797E+0	6.310351E-1	-8.803311E+0	6.456450E-1	-1.162617E+1	-2.381435E-2	4.813385E-2
1.492969E+0	6.306792E-1	-1.222428E+1	6.451821E-1	-1.503077E+1	-2.365121E-2	4.786228E-2
1.494141E+0	6.303233E-1	-1.564298E+1	6.446963E-1	-1.843019E+1	-2.345083E-2	4.754271E-2
1.495313E+0	6.299777E-1	-1.905593E+1	6.442501E-1	-2.182578E+1	-2.329592E-2	4.725362E-2
1.496484E+0	6.296803E-1	-2.246354E+1	6.438082E-1	-2.521743E+1	-2.307380E-2	4.699161E-2
1.497656E+0	6.293950E-1	-2.586959E+1	6.433746E-1	-2.860616E+1	-2.284417E-2	4.670659E-2
1.498828E+0	6.291785E-1	-2.927022E+1	6.429687E-1	-3.199130E+1	-2.255104E-2	4.645575E-2
1.500000E+0	6.289791E-1	-3.266923E+1	6.425675E-1	-3.537070E+1	-2.223487E-2	4.613537E-2
1.501172E+0	6.288218E-1	-3.607165E+1	6.422356E-1	-3.876052E+1	-2.196410E-2	4.593259E-2
1.502344E+0	6.287387E-1	-3.948101E+1	6.419291E-1	-4.215457E+1	-2.161419E-2	4.568702E-2
1.503516E+0	6.286889E-1	-4.288999E+1	6.416550E-1	-4.554452E+1	-2.125865E-2	4.537784E-2
1.504688E+0	6.286687E-1	-4.629795E+1	6.414233E-1	-4.893653E+1	-2.092396E-2	4.512022E-2
1.505859E+0	6.286727E-1	-4.970520E+1	6.412270E-1	-5.232713E+1	-2.060493E-2	4.484971E-2
1.507031E+0	6.287172E-1	-5.311293E+1	6.410406E-1	-5.571492E+1	-2.023524E-2	4.452496E-2
1.508203E+0	6.288188E-1	-5.651991E+1	6.409121E-1	-5.910393E+1	-1.986652E-2	4.423368E-2
1.509375E+0	6.289286E-1	-5.992753E+1	6.408038E-1	-6.249162E+1	-1.951437E-2	4.390783E-2
1.510547E+0	6.290888E-1	-6.333503E+1	6.407230E-1	-6.588052E+1	-1.912673E-2	4.360613E-2
1.511719E+0	6.292628E-1	-6.674641E+1	6.406581E-1	-6.927129E+1	-1.874041E-2	4.326964E-2
1.512891E+0	6.294603E-1	-7.015544E+1	6.406401E-1	-7.266233E+1	-1.839131E-2	4.297623E-2
1.514063E+0	6.296725E-1	-7.356792E+1	6.406702E-1	-7.605462E+1	-1.809145E-2	4.264269E-2
1.515234E+0	6.299045E-1	-7.698192E+1	6.406893E-1	-7.944778E+1	-1.774350E-2	4.229986E-2
1.516406E+0	6.301245E-1	-8.039703E+1	6.407245E-1	-8.284363E+1	-1.744025E-2	4.198203E-2
1.517578E+0	6.303703E-1	-8.381420E+1	6.407796E-1	-8.623976E+1	-1.712614E-2	4.163386E-2
1.518750E+0	6.306086E-1	-8.723295E+1	6.408640E-1	-8.964034E+1	-1.687092E-2	4.133234E-2
1.519922E+0	6.308771E-1	-9.065284E+1	6.409404E-1	-9.304001E+1	-1.655503E-2	4.099795E-2
1.521094E+0	6.311299E-1	-9.407475E+1	6.410322E-1	-9.644292E+1	-1.628830E-2	4.068230E-2
1.522266E+0	6.313745E-1	-9.750109E+1	6.411175E-1	-9.984804E+1	-1.602298E-2	4.032823E-2
1.523437E+0	6.316075E-1	-1.009263E+2	6.412087E-1	-1.032563E+2	-1.578797E-2	4.004621E-2
1.524609E+0	6.318519E-1	-1.043546E+2	6.413034E-1	-1.066641E+2	-1.553826E-2	3.970356E-2
1.525781E+0	6.320741E-1	-1.077850E+2	6.413988E-1	-1.100785E+2	-1.532748E-2	3.943665E-2
1.526953E+0	6.322843E-1	-1.112178E+2	6.414682E-1	-1.134919E+2	-1.509329E-2	3.911201E-2
1.528125E+0	6.324846E-1	-1.146299E+2	6.415430E-1	-1.169069E+2	-1.489814E-2	3.916970E-2
1.529297E+0	6.326415E-1	-1.180673E+2	6.415936E-1	-1.203251E+2	-1.471840E-2	3.884616E-2
1.530469E+0	6.328123E-1	-1.215020E+2	6.416289E-1	-1.237444E+2	-1.449621E-2	3.858963E-2
1.531641E+0	6.329473E-1	-1.249404E+2	6.416503E-1	-1.271641E+2	-1.430630E-2	3.827487E-2
1.532813E+0	6.330656E-1	-1.283813E+2	6.416345E-1	-1.305852E+2	-1.408462E-2	3.794226E-2
1.533984E+0	6.331439E-1	-1.318202E+2	6.416137E-1	-1.340084E+2	-1.392035E-2	3.767798E-2
1.535156E+0	6.332042E-1	-1.352597E+2	6.415500E-1	-1.374297E+2	-1.371660E-2	3.737202E-2
1.536328E+0	6.332431E-1	-1.387002E+2	6.414900E-1	-1.408535E+2	-1.355290E-2	3.709029E-2
1.537500E+0	6.332569E-1	-1.421389E+2	6.413960E-1	-1.442753E+2	-1.337593E-2	3.680552E-2
1.538672E+0	6.332419E-1	-1.455792E+2	6.412575E-1	-1.476989E+2	-1.317553E-2	3.652497E-2
1.539844E+0	6.331786E-1	-1.490161E+2	6.411421E-1	-1.511226E+2	-1.308818E-2	3.630053E-2
1.541016E+0	6.331483E-1	-1.524546E+2	6.409802E-1	-1.545449E+2	-1.287592E-2	3.602886E-2
1.542188E+0	6.330670E-1	-1.558924E+2	6.408029E-1	-1.579680E+2	-1.272037E-2	3.578090E-2
1.543359E+0	6.329561E-1	-1.593278E+2	6.405922E-1	-1.613898E+2	-1.256018E-2	3.555201E-2
1.544531E+0	6.328188E-1	-1.627646E+2	6.403875E-1	-1.648085E+2	-1.244762E-2	3.524369E-2
1.545703E+0	6.326600E-1	-1.661966E+2	6.401149E-1	-1.682284E+2	-1.226757E-2	3.504126E-2
1.546875E+0	6.324732E-1	-1.696294E+2	6.398756E-1	-1.716453E+2	-1.218024E-2	3.476989E-2
1.548047E+0	6.322731E-1	-1.730558E+2	6.395763E-1	-1.750621E+2	-1.202483E-2	3.460962E-2
1.549219E+0	6.320693E-1	-1.764852E+2	6.392801E-1	-1.784769E+2	-1.187688E-2	3.436270E-2
1.550391E+0	6.318421E-1	-1.799161E+2	6.389730E-1	1.781025E+2	-1.175116E-2	3.418921E-2
1.551563E+0	6.316176E-1	1.766645E+2	6.386427E-1	1.746952E+2	-1.158417E-2	3.398600E-2
1.552734E+0	6.313789E-1	1.732478E+2	6.383198E-1	1.712905E+2	-1.145080E-2	3.378330E-2
1.553906E+0	6.311080E-1	1.698321E+2	6.379883E-1	1.678865E+2	-1.135464E-2	3.358446E-2
1.555078E+0	6.308618E-1	1.664193E+2	6.376387E-1	1.644852E+2	-1.119176E-2	3.339130E-2
1.556250E+0	6.306249E-1	1.630079E+2	6.373050E-1	1.610853E+2	-1.103883E-2	3.319775E-2
1.557422E+0	6.303905E-1	1.596010E+2	6.369738E-1	1.576882E+2	-1.088673E-2	3.303348E-2
1.558594E+0	6.301453E-1	1.561947E+2	6.366413E-1	1.542943E+2	-1.074795E-2	3.282378E-2
1.559766E+0	6.299121E-1	1.527901E+2	6.363232E-1	1.509020E+2	-1.061268E-2	3.261564E-2
1.560938E+0	6.296887E-1	1.493885E+2	6.359960E-1	1.475094E+2	-1.044962E-2	3.246541E-2
1.562109E+0	6.294795E-1	1.459901E+2	6.356955E-1	1.441226E+2	-1.030421E-2	3.226960E-2
1.563281E+0	6.292922E-1	1.425942E+2	6.353890E-1	1.407363E+2	-1.011603E-2	3.210970E-2
1.564453E+0	6.291255E-1	1.392001E+2	6.351126E-1	1.373544E+2	-9.940753E-3	3.190435E-2
1.565625E+0	6.289595E-1	1.358080E+2	6.348910E-1	1.339741E+2	-9.849963E-3	3.170315E-2
1.566797E+0	6.288329E-1	1.324172E+2	6.346530E-1	1.305944E+2	-9.671901E-3	3.151679E-2
1.567969E+0	6.287516E-1	1.290281E+2	6.344699E-1	1.272187E+2	-9.506833E-3	3.129016E-2
1.569141E+0	6.286817E-1	1.256394E+2	6.342788E-1	1.238423E+2	-9.311864E-3	3.108344E-2
1.570312E+0	6.286319E-1	1.222516E+2	6.341624E-1	1.204690E+2	-9.200678E-3	3.083594E-2
1.571484E+0	6.286237E-1	1.188652E+2	6.340405E-1	1.170946E+2	-9.016677E-3	3.063391E-2
1.572656E+0	6.286409E-1	1.154804E+2	6.340080E-1	1.137220E+2	-8.932261E-3	3.042529E-2
1.573828E+0	6.287029E-1	1.120941E+2	6.339847E-1	1.103476E+2	-8.791791E-3	3.022354E-2
1.575000E+0	6.287777E-1	1.087086E+2	6.339907E-1	1.069748E+2	-8.676568E-3	3.000712E-2
1.576172E+0	6.288950E-1	1.053233E+2	6.340204E-1	1.035997E+2	-8.532754E-3	2.983481E-2
1.577344E+0	6.290346E-1	1.019335E+2	6.340854E-1	1.002258E+2	-8.406087E-3	2.956320E-2
1.578516E+0	6.292257E-1	9.854588E+1	6.342141E-1	9.684991E+1	-8.300093E-3	2.936315E-2
1.579688E+0	6.294386E-1	9.515494E+1	6.343730E-1	9.347169E+1	-8.206542E-3	2.914555E-2
1.580859E+0	6.296810E-1	9.176215E+1	6.345390E-1	9.009189E+1	-8.077575E-3	2.892426E-2
1.582031E+0	6.299284E-1	8.836666E+1	6.347651E-1	8.671055E+1	-8.034194E-3	2.868033E-2
1.583203E+0	6.302193E-1	8.497037E+1	6.349816E-1	8.332474E+1	-7.909248E-3	2.850233E-2
1.584375E+0	6.305026E-1	8.157003E+1	6.352620E-1	7.993835E+1	-7.894465E-3	2.826101E-2
1.585547E+0	6.308527E-1	7.816840E+1	6.355284E-1	7.654705E+1	-7.754598E-3	2.808595E-2
1.586719E+0	6.311776E-1	7.476138E+1	6.358279E-1	7.315417E+1	-7.704301E-3	2.784230E-2
1.587891E+0	6.315179E-1	7.135225E+1	6.361206E-1	6.975616E+1	-7.620752E-3	2.765189E-2
1.589063E+0	6.318886E-1	6.793861E+1	6.364760E-1	6.635223E+1	-7.588012E-3	2.748448E-2
1.590234E+0	6.322346E-1	6.451949E+1	6.367787E-1	6.294875E+1	-7.509149E-3	2.721554E-2
1.591406E+0	6.325578E-1	6.110263E+1	6.370861E-1	5.954071E+1	-7.476738E-3	2.706353E-2
1.592578E+0	6.329089E-1	5.768235E+1	6.374041E-1	5.613170E+1	-7.415979E-3	2.686980E-2
1.593750E+0	6.332109E-1	5.425693E+1	6.376988E-1	5.271590E+1	-7.396780E-3	2.670354E-2
1.594922E+0	6.335235E-1	5.082495E+1	6.379915E-1	4.929696E+1	-7.356320E-3	2.647855E-2
1.596094E+0	6.337997E-1	4.739293E+1	6.382397E-1	4.587447E+1	-7.305352E-3	2.631468E-2
1.597266E+0	6.340553E-1	4.395686E+1	6.384559E-1	4.244907E+1	-7.236424E-3	2.613150E-2
1.598438E+0	6.342456E-1	4.051958E+1	6.386464E-1	3.902135E+1	-7.230335E-3	2.596590E-2
1.599609E+0	6.344045E-1	3.708203E+1	6.388206E-1	3.559492E+1	-7.247378E-3	2.577265E-2
1.600781E+0	6.345346E-1	3.364122E+1	6.389313E-1	3.216357E+1	-7.211586E-3	2.560955E-2
1.601953E+0	6.346048E-1	3.020014E+1	6.390088E-1	2.873119E+1	-7.218295E-3	2.545853E-2
1.603125E+0	6.346736E-1	2.675576E+1	6.390433E-1	2.529798E+1	-7.159322E-3	2.526636E-2
1.604297E+0	6.346787E-1	2.331138E+1	6.390516E-1	2.186024E+1	-7.161317E-3	2.515117E-2
1.605469E+0	6.346397E-1	1.986782E+1	6.390104E-1	1.842306E+1	-7.155522E-3	2.504069E-2
1.606641E+0	6.345619E-1	1.641969E+1	6.389348E-1	1.498666E+1	-7.154668E-3	2.483732E-2
1.607813E+0	6.344363E-1	1.297248E+1	6.387975E-1	1.154846E+1	-7.133935E-3	2.468161E-2
1.608984E+0	6.342829E-1	9.525804E+0	6.386524E-1	8.105216E+0	-7.147001E-3	2.462178E-2
1.610156E+0	6.340590E-1	6.080454E+0	6.384489E-1	4.667016E+0	-7.178059E-3	2.449704E-2
1.611328E+0	6.338171E-1	2.636542E+0	6.381971E-1	1.230429E+0	-7.162140E-3	2.437043E-2
1.612500E+0	6.335424E-1	-8.035470E-1	6.379169E-1	-2.204060E+0	-7.154157E-3	2.427352E-2
1.613672E+0	6.332293E-1	-4.240994E+0	6.376100E-1	-5.637262E+0	-7.165382E-3	2.419965E-2
1.614844E+0	6.329094E-1	-7.676217E+0	6.372887E-1	-9.064969E+0	-7.163482E-3	2.406938E-2
1.616016E+0	6.325380E-1	-1.110553E+1	6.368867E-1	-1.249022E+1	-7.118083E-3	2.400005E-2
1.617187E+0	6.321606E-1	-1.453318E+1	6.365153E-1	-1.591251E+1	-7.129248E-3	2.390684E-2
1.618359E+0	6.317950E-1	-1.795459E+1	6.361147E-1	-1.933303E+1	-7.078179E-3	2.389264E-2
1.619531E+0	6.313969E-1	-2.137480E+1	6.357022E-1	-2.274590E+1	-7.056886E-3	2.376587E-2
1.620703E+0	6.309766E-1	-2.478996E+1	6.352682E-1	-2.615862E+1	-7.038940E-3	2.372399E-2
1.621875E+0	6.305406E-1	-2.820201E+1	6.348234E-1	-2.956768E+1	-7.028577E-3	2.367239E-2
1.623047E+0	6.301470E-1	-3.161069E+1	6.344087E-1	-3.297354E+1	-6.998572E-3	2.362421E-2
1.624219E+0	6.297446E-1	-3.501654E+1	6.339762E-1	-3.637449E+1	-6.953672E-3	2.354030E-2
1.625391E+0	6.293442E-1	-3.841867E+1	6.335391E-1	-3.977306E+1	-6.898903E-3	2.347986E-2
1.626563E+0	6.289794E-1	-4.181802E+1	6.331011E-1	-4.316938E+1	-6.786653E-3	2.342996E-2
1.627734E+0	6.285719E-1	-4.521389E+1	6.327229E-1	-4.656278E+1	-6.835829E-3	2.338596E-2
1.628906E+0	6.282224E-1	-4.860781E+1	6.323231E-1	-4.995325E+1	-6.759044E-3	2.332793E-2
1.630078E+0	6.278845E-1	-5.200128E+1	6.319540E-1	-5.334173E+1	-6.711446E-3	2.324249E-2
1.631250E+0	6.275889E-1	-5.539040E+1	6.315993E-1	-5.672732E+1	-6.620084E-3	2.318339E-2
1.632422E+0	6.273116E-1	-5.873305E+1	6.312631E-1	-6.006962E+1	-6.530044E-3	2.317942E-2
1.633594E+0	6.270398E-1	-6.204925E+1	6.309501E-1	-6.338008E+1	-6.465550E-3	2.308134E-2
1.634766E+0	6.268215E-1	-6.543292E+1	6.306877E-1	-6.675637E+1	-6.395258E-3	2.295492E-2
1.635938E+0	6.266608E-1	-6.883768E+1	6.304404E-1	-7.015889E+1	-6.259438E-3	2.291919E-2
1.637109E+0	6.265109E-1	-7.223629E+1	6.302605E-1	-7.355305E+1	-6.211785E-3	2.284306E-2
1.638281E+0	6.263865E-1	-7.562294E+1	6.300705E-1	-7.693298E+1	-6.106818E-3	2.272884E-2
1.639453E+0	6.263004E-1	-7.900141E+1	6.299568E-1	-8.030763E+1	-6.062559E-3	2.266355E-2
1.640625E+0	6.262453E-1	-8.237762E+1	6.298453E-1	-8.367854E+1	-5.971971E-3	2.257362E-2
1.641797E+0	6.262344E-1	-8.575135E+1	6.297811E-1	-8.704522E+1	-5.885173E-3	2.245321E-2
1.642969E+0	6.262599E-1	-8.911728E+1	6.297636E-1	-9.040759E+1	-5.815674E-3	2.239297E-2
1.644141E+0	6.263389E-1	-9.251428E+1	6.297932E-1	-9.379875E+1	-5.734716E-3	2.229340E-2
1.645313E+0	6.264507E-1	-9.597781E+1	6.298460E-1	-9.725510E+1	-5.637820E-3	2.217091E-2
1.646484E+0	6.265861E-1	-9.934763E+1	6.299354E-1	-1.006186E+2	-5.561610E-3	2.206286E-2
1.647656E+0	6.267490E-1	-1.027195E+2	6.300511E-1	-1.039847E+2	-5.483521E-3	2.196439E-2
1.648828E+0	6.269463E-1	-1.061018E+2	6.301998E-1	-1.073581E+2	-5.401785E-3	2.181162E-2
1.650000E+0	6.271599E-1	-1.094870E+2	6.303960E-1	-1.107360E+2	-5.369813E-3	2.168554E-2
1.651172E+0	6.274066E-1	-1.128768E+2	6.305894E-1	-1.141190E+2	-5.281168E-3	2.156936E-2
1.652344E+0	6.276483E-1	-1.162727E+2	6.308322E-1	-1.175096E+2	-5.278978E-3	2.147735E-2
1.653516E+0	6.279343E-1	-1.196683E+2	6.310648E-1	-1.208985E+2	-5.190014E-3	2.136289E-2
1.654688E+0	6.282446E-1	-1.230725E+2	6.313500E-1	-1.242930E+2	-5.144424E-3	2.119536E-2
1.655859E+0	6.285319E-1	-1.264805E+2	6.316265E-1	-1.276941E+2	-5.122631E-3	2.107596E-2
1.657031E+0	6.288203E-1	-1.298963E+2	6.319084E-1	-1.311019E+2	-5.107229E-3	2.093731E-2
1.658203E+0	6.291521E-1	-1.333162E+2	6.322085E-1	-1.345155E+2	-5.052483E-3	2.082902E-2
1.659375E+0	6.294370E-1	-1.367041E+2	6.324787E-1	-1.378978E+2	-5.025150E-3	2.073230E-2
1.660547E+0	6.297110E-1	-1.400493E+2	6.327559E-1	-1.412365E+2	-5.025754E-3	2.061936E-2
1.661719E+0	6.299877E-1	-1.434200E+2	6.330409E-1	-1.445978E+2	-5.033327E-3	2.045590E-2
1.662891E+0	6.302355E-1	-1.468346E+2	6.332833E-1	-1.480059E+2	-5.020642E-3	2.034324E-2
1.664062E+0	6.304705E-1	-1.502737E+2	6.335052E-1	-1.514399E+2	-4.996475E-3	2.025513E-2
1.665234E+0	6.306762E-1	-1.537206E+2	6.337143E-1	-1.548804E+2	-4.998003E-3	2.014391E-2
1.666406E+0	6.308478E-1	-1.571658E+2	6.338952E-1	-1.583188E+2	-5.008920E-3	2.002555E-2
1.667578E+0	6.309806E-1	-1.606124E+2	6.340327E-1	-1.617609E+2	-5.013719E-3	1.994728E-2
1.668750E+0	6.310634E-1	-1.640660E+2	6.341421E-1	-1.652084E+2	-5.052709E-3	1.984053E-2
1.669922E+0	6.311354E-1	-1.675374E+2	6.342090E-1	-1.686757E+2	-5.042740E-3	1.976950E-2
1.671094E+0	6.311538E-1	-1.710197E+2	6.342162E-1	-1.721541E+2	-5.023685E-3	1.970213E-2
1.672266E+0	6.311511E-1	-1.744719E+2	6.342055E-1	-1.755991E+2	-5.008687E-3	1.957734E-2
1.673438E+0	6.310439E-1	-1.778974E+2	6.341404E-1	-1.790200E+2	-5.073989E-3	1.949615E-2
1.674609E+0	6.309112E-1	1.786713E+2	6.340185E-1	1.775512E+2	-5.091109E-3	1.945238E-2
1.675781E+0	6.307322E-1	1.752385E+2	6.338663E-1	1.741220E+2	-5.133337E-3	1.938902E-2
1.676953E+0	6.305296E-1	1.718034E+2	6.336549E-1	1.706900E+2	-5.120054E-3	1.933543E-2
1.678125E+0	6.302717E-1	1.683697E+2	6.334011E-1	1.672595E+2	-5.127423E-3	1.927971E-2
1.679297E+0	6.299719E-1	1.649377E+2	6.330999E-1	1.638312E+2	-5.126319E-3	1.921546E-2
1.680469E+0	6.296619E-1	1.615079E+2	6.327767E-1	1.604015E+2	-5.107952E-3	1.921407E-2
1.681641E+0	6.292971E-1	1.580819E+2	6.324302E-1	1.569766E+2	-5.139211E-3	1.919436E-2
1.682813E+0	6.288837E-1	1.546564E+2	6.320363E-1	1.535562E+2	-5.171440E-3	1.910516E-2
1.683984E+0	6.284702E-1	1.512364E+2	6.316171E-1	1.501357E+2	-5.165894E-3	1.911395E-2
1.685156E+0	6.280198E-1	1.478172E+2	6.311729E-1	1.467184E+2	-5.178587E-3	1.908070E-2
1.686328E+0	6.275612E-1	1.444024E+2	6.306860E-1	1.433051E+2	-5.137081E-3	1.905544E-2
1.687500E+0	6.271164E-1	1.409924E+2	6.302142E-1	1.398968E+2	-5.097390E-3	1.902667E-2
1.688672E+0	6.266327E-1	1.375846E+2	6.297065E-1	1.364913E+2	-5.062483E-3	1.898739E-2
1.689844E+0	6.261489E-1	1.341841E+2	6.292224E-1	1.330896E+2	-5.066159E-3	1.900816E-2
1.691016E+0	6.256584E-1	1.307847E+2	6.286839E-1	1.296931E+2	-4.993045E-3	1.895918E-2
1.692188E+0	6.251814E-1	1.273927E+2	6.282122E-1	1.263012E+2	-5.005060E-3	1.895721E-2
1.693359E+0	6.247353E-1	1.240017E+2	6.277205E-1	1.229123E+2	-4.935514E-3	1.892206E-2
1.694531E+0	6.242890E-1	1.206154E+2	6.272236E-1	1.195271E+2	-4.858259E-3	1.890441E-2
1.695703E+0	6.238557E-1	1.172344E+2	6.267615E-1	1.161467E+2	-4.815568E-3	1.889480E-2
1.696875E+0	6.234287E-1	1.138539E+2	6.263351E-1	1.127687E+2	-4.818858E-3	1.885130E-2
1.698047E+0	6.230613E-1	1.104797E+2	6.259071E-1	1.093950E+2	-4.725064E-3	1.884438E-2
1.699219E+0	6.227243E-1	1.071069E+2	6.255361E-1	1.060245E+2	-4.672660E-3	1.880541E-2
1.700391E+0	6.224120E-1	1.037357E+2	6.251592E-1	1.026535E+2	-4.571989E-3	1.880383E-2
1.701563E+0	6.221123E-1	1.003661E+2	6.248518E-1	9.928686E+1	-4.560860E-3	1.875260E-2
1.702734E+0	6.218998E-1	9.699475E+1	6.245648E-1	9.591811E+1	-4.442762E-3	1.870963E-2
1.703906E+0	6.216906E-1	9.362228E+1	6.242952E-1	9.255084E+1	-4.346178E-3	1.862105E-2
1.705078E+0	6.215078E-1	9.027090E+1	6.240730E-1	8.919991E+1	-4.284394E-3	1.861438E-2
1.706250E+0	6.214016E-1	8.693885E+1	6.239124E-1	8.586948E+1	-4.197750E-3	1.858784E-2
1.707422E+0	6.213018E-1	8.358365E+1	6.238056E-1	8.251861E+1	-4.185817E-3	1.851278E-2
1.708594E+0	6.212858E-1	8.022206E+1	6.236941E-1	7.916460E+1	-4.031000E-3	1.838385E-2
1.709766E+0	6.212943E-1	7.686166E+1	6.236780E-1	7.580625E+1	-3.991006E-3	1.834894E-2
1.710937E+0	6.213412E-1	7.350047E+1	6.236796E-1	7.244907E+1	-3.917094E-3	1.828056E-2
1.712109E+0	6.214319E-1	7.014028E+1	6.237459E-1	6.909408E+1	-3.875928E-3	1.819088E-2
1.713281E+0	6.215706E-1	6.677692E+1	6.238357E-1	6.573677E+1	-3.795106E-3	1.808713E-2
1.714453E+0	6.217608E-1	6.341209E+1	6.239812E-1	6.237721E+1	-3.720975E-3	1.799681E-2
1.715625E+0	6.219801E-1	6.004291E+1	6.241570E-1	5.901570E+1	-3.647890E-3	1.786471E-2
1.716797E+0	6.222552E-1	5.668570E+1	6.243809E-1	5.565965E+1	-3.564290E-3	1.784603E-2
1.717969E+0	6.225188E-1	5.334068E+1	6.246665E-1	5.231985E+1	-3.596325E-3	1.775465E-2
1.719141E+0	6.228839E-1	4.996708E+1	6.249536E-1	4.895570E+1	-3.467041E-3	1.759254E-2
1.720313E+0	6.232437E-1	4.659254E+1	6.253152E-1	4.558469E+1	-3.466922E-3	1.753112E-2
1.721484E+0	6.236282E-1	4.321163E+1	6.256611E-1	4.221246E+1	-3.400761E-3	1.738126E-2
1.722656E+0	6.240523E-1	3.982637E+1	6.260445E-1	3.883383E+1	-3.331765E-3	1.726710E-2
1.723828E+0	6.244802E-1	3.644054E+1	6.264765E-1	3.545296E+1	-3.334624E-3	1.718075E-2
1.725000E+0	6.249237E-1	3.304710E+1	6.268983E-1	3.206775E+1	-3.295413E-3	1.703821E-2
1.726172E+0	6.253806E-1	2.965070E+1	6.273392E-1	2.867652E+1	-3.266165E-3	1.694875E-2
1.727344E+0	6.258126E-1	2.624967E+1	6.278197E-1	2.528205E+1	-3.339083E-3	1.683336E-2
1.728516E+0	6.262698E-1	2.284435E+1	6.282631E-1	2.188219E+1	-3.313265E-3	1.673879E-2
1.729688E+0	6.267455E-1	1.943396E+1	6.287278E-1	1.847674E+1	-3.291987E-3	1.665319E-2
1.730859E+0	6.271868E-1	1.601753E+1	6.291688E-1	1.506899E+1	-3.286790E-3	1.650224E-2
1.732031E+0	6.276171E-1	1.259681E+1	6.296294E-1	1.165661E+1	-3.330211E-3	1.635641E-2
1.733203E+0	6.280342E-1	9.173851E+0	6.300285E-1	8.236534E+0	-3.298799E-3	1.630676E-2
1.734375E+0	6.284106E-1	5.745050E+0	6.304510E-1	4.812183E+0	-3.368527E-3	1.622819E-2
1.735547E+0	6.287690E-1	2.311405E+0	6.308140E-1	1.384870E+0	-3.372168E-3	1.611796E-2
1.736719E+0	6.291099E-1	-1.126004E+0	6.311560E-1	-2.046297E+0	-3.370405E-3	1.600938E-2
1.737891E+0	6.293436E-1	-4.559815E+0	6.314685E-1	-5.479647E+0	-3.493444E-3	1.599939E-2
1.739063E+0	6.295823E-1	-7.998738E+0	6.316887E-1	-8.909163E+0	-3.460375E-3	1.583626E-2
1.740234E+0	6.297497E-1	-1.143768E+1	6.318934E-1	-1.234718E+1	-3.518061E-3	1.581925E-2
1.741406E+0	6.298810E-1	-1.488198E+1	6.320376E-1	-1.578780E+1	-3.536681E-3	1.575494E-2
1.742578E+0	6.299545E-1	-1.833018E+1	6.321387E-1	-1.922888E+1	-3.577841E-3	1.563044E-2
1.743750E+0	6.299550E-1	-2.177587E+1	6.321732E-1	-2.267340E+1	-3.631109E-3	1.560925E-2
1.744922E+0	6.298980E-1	-2.522486E+1	6.321620E-1	-2.612066E+1	-3.703142E-3	1.557803E-2
1.746094E+0	6.297983E-1	-2.867114E+1	6.320737E-1	-2.956405E+1	-3.720891E-3	1.552749E-2
1.747266E+0	6.296467E-1	-3.212093E+1	6.319383E-1	-3.301079E+1	-3.746469E-3	1.547404E-2
1.748438E+0	6.294390E-1	-3.556807E+1	6.317424E-1	-3.645625E+1	-3.765817E-3	1.544453E-2
1.749609E+0	6.291760E-1	-3.901213E+1	6.315056E-1	-3.989973E+1	-3.808511E-3	1.543378E-2
1.750781E+0	6.288144E-1	-4.246267E+1	6.311619E-1	-4.334657E+1	-3.837882E-3	1.536898E-2
1.751953E+0	6.284029E-1	-4.591456E+1	6.307877E-1	-4.679871E+1	-3.899280E-3	1.537238E-2
1.753125E+0	6.279519E-1	-4.936419E+1	6.303415E-1	-5.024726E+1	-3.909281E-3	1.535344E-2
1.754297E+0	6.274621E-1	-5.280978E+1	6.298575E-1	-5.369177E+1	-3.921111E-3	1.533448E-2
1.755469E+0	6.269352E-1	-5.625191E+1	6.293499E-1	-5.713256E+1	-3.954483E-3	1.531067E-2
1.756641E+0	6.263655E-1	-5.969246E+1	6.287696E-1	-6.057244E+1	-3.940988E-3	1.529922E-2
1.757812E+0	6.257600E-1	-6.312924E+1	6.282181E-1	-6.400892E+1	-4.030212E-3	1.529264E-2
1.758984E+0	6.251461E-1	-6.656470E+1	6.276065E-1	-6.744566E+1	-4.038030E-3	1.531477E-2
1.760156E+0	6.245199E-1	-6.994790E+1	6.269864E-1	-7.082872E+1	-4.051598E-3	1.531213E-2
1.761328E+0	6.238574E-1	-7.327299E+1	6.263306E-1	-7.415295E+1	-4.066182E-3	1.529695E-2
1.762500E+0	6.232488E-1	-7.668768E+1	6.257185E-1	-7.756922E+1	-4.064874E-3	1.532444E-2
1.763672E+0	6.226071E-1	-8.014391E+1	6.250957E-1	-8.102476E+1	-4.098853E-3	1.531192E-2
1.764844E+0	6.220088E-1	-8.359176E+1	6.244827E-1	-8.447562E+1	-4.080030E-3	1.536455E-2
1.766016E+0	6.213882E-1	-8.701425E+1	6.238698E-1	-8.789675E+1	-4.095898E-3	1.534066E-2
1.767188E+0	6.207982E-1	-9.041901E+1	6.232362E-1	-9.130197E+1	-4.030115E-3	1.534967E-2
1.768359E+0	6.202276E-1	-9.381678E+1	6.226630E-1	-9.469804E+1	-4.029086E-3	1.532013E-2
1.769531E+0	6.196797E-1	-9.720327E+1	6.220960E-1	-9.808636E+1	-4.002441E-3	1.535235E-2
1.770703E+0	6.191763E-1	-1.005875E+2	6.215484E-1	-1.014723E+2	-3.935217E-3	1.538313E-2
1.771875E+0	6.186939E-1	-1.039688E+2	6.210728E-1	-1.048541E+2	-3.949221E-3	1.539160E-2
1.773047E+0	6.182191E-1	-1.073471E+2	6.206000E-1	-1.082335E+2	-3.955657E-3	1.541063E-2
1.774219E+0	6.178272E-1	-1.107234E+2	6.201490E-1	-1.116084E+2	-3.862782E-3	1.538772E-2
1.775391E+0	6.174523E-1	-1.140966E+2	6.197307E-1	-1.149806E+2	-3.795018E-3	1.537138E-2
1.776563E+0	6.171027E-1	-1.174690E+2	6.193789E-1	-1.183516E+2	-3.793179E-3	1.534706E-2
1.777734E+0	6.168023E-1	-1.208393E+2	6.190384E-1	-1.217232E+2	-3.730779E-3	1.537063E-2
1.778906E+0	6.165447E-1	-1.242102E+2	6.187490E-1	-1.250901E+2	-3.680009E-3	1.530184E-2
1.780078E+0	6.163338E-1	-1.275777E+2	6.184798E-1	-1.284596E+2	-3.587842E-3	1.533805E-2
1.781250E+0	6.161422E-1	-1.309474E+2	6.182852E-1	-1.318265E+2	-3.583334E-3	1.528941E-2
1.782422E+0	6.159984E-1	-1.343169E+2	6.180814E-1	-1.351953E+2	-3.487227E-3	1.527871E-2
1.783594E+0	6.158910E-1	-1.376879E+2	6.179682E-1	-1.385664E+2	-3.478487E-3	1.528058E-2
1.784766E+0	6.158248E-1	-1.410637E+2	6.178707E-1	-1.419380E+2	-3.427248E-3	1.520830E-2
1.785938E+0	6.157826E-1	-1.444402E+2	6.178015E-1	-1.453119E+2	-3.383231E-3	1.516373E-2
1.787109E+0	6.157841E-1	-1.478182E+2	6.177688E-1	-1.486904E+2	-3.328182E-3	1.517327E-2
1.788281E+0	6.158131E-1	-1.511942E+2	6.177754E-1	-1.520607E+2	-3.290388E-3	1.507467E-2
1.789453E+0	6.158614E-1	-1.545396E+2	6.178092E-1	-1.554027E+2	-3.265855E-3	1.501588E-2
1.790625E+0	6.159562E-1	-1.578604E+2	6.178401E-1	-1.587221E+2	-3.161917E-3	1.499308E-2
1.791797E+0	6.160437E-1	-1.612802E+2	6.179297E-1	-1.621409E+2	-3.164612E-3	1.497564E-2
1.792969E+0	6.161765E-1	-1.646976E+2	6.180410E-1	-1.655568E+2	-3.128887E-3	1.495007E-2
1.794141E+0	6.163293E-1	-1.681148E+2	6.181780E-1	-1.689670E+2	-3.100843E-3	1.482867E-2
1.795313E+0	6.164898E-1	-1.715273E+2	6.182903E-1	-1.723772E+2	-3.021757E-3	1.478981E-2
1.796484E+0	6.166627E-1	-1.749309E+2	6.184711E-1	-1.757779E+2	-3.032931E-3	1.473918E-2
1.797656E+0	6.168256E-1	-1.783318E+2	6.186162E-1	-1.791754E+2	-3.002601E-3	1.468045E-2
1.798828E+0	6.170175E-1	1.782708E+2	6.188015E-1	1.774321E+2	-2.989818E-3	1.459535E-2
1.800000E+0	6.171952E-1	1.748773E+2	6.189777E-1	1.740401E+2	-2.986193E-3	1.456930E-2
