1.601172E+0	6.399016E-1	3.269610E+1	6.388919E-1	3.330642E+1	1.523570E-3	-1.066873E-2
1.602344E+0	6.400157E-1	2.926352E+1	6.390063E-1	2.987362E+1	1.522858E-3	-1.066487E-2
1.603516E+0	6.401113E-1	2.582831E+1	6.390470E-1	2.644057E+1	1.608259E-3	-1.070355E-2
1.604688E+0	6.401173E-1	2.239101E+1	6.390730E-1	2.300496E+1	1.576582E-3	-1.073275E-2
1.605859E+0	6.401199E-1	1.895450E+1	6.390302E-1	1.956740E+1	1.647929E-3	-1.071516E-2
1.607031E+0	6.400567E-1	1.551208E+1	6.389855E-1	1.613041E+1	1.618078E-3	-1.080978E-2
1.608203E+0	6.399894E-1	1.207238E+1	6.388603E-1	1.269089E+1	1.708997E-3	-1.081390E-2
1.609375E+0	6.398495E-1	8.629769E+0	6.387271E-1	9.251719E+0	1.698226E-3	-1.087394E-2
1.610547E+0	6.396785E-1	5.187817E+0	6.385306E-1	5.812803E+0	1.738122E-3	-1.092746E-2
1.611719E+0	6.394674E-1	1.746343E+0	6.383162E-1	2.373581E+0	1.743465E-3	-1.096689E-2
1.612891E+0	6.392218E-1	-1.691638E+0	6.380380E-1	-1.061196E+0	1.794727E-3	-1.102348E-2
1.614063E+0	6.389274E-1	-5.128036E+0	6.377341E-1	-4.493878E+0	1.809790E-3	-1.108863E-2
1.615234E+0	6.386158E-1	-8.561975E+0	6.374108E-1	-7.923565E+0	1.828268E-3	-1.116319E-2
1.616406E+0	6.382697E-1	-1.199212E+1	6.370436E-1	-1.135175E+1	1.862095E-3	-1.119784E-2
1.617578E+0	6.379206E-1	-1.541697E+1	6.366692E-1	-1.477477E+1	1.902604E-3	-1.123030E-2
1.618750E+0	6.375154E-1	-1.884232E+1	6.362948E-1	-1.819460E+1	1.854272E-3	-1.132629E-2
1.619922E+0	6.371224E-1	-2.226244E+1	6.358485E-1	-2.161184E+1	1.938867E-3	-1.137762E-2
1.621094E+0	6.367183E-1	-2.567796E+1	6.354183E-1	-2.502357E+1	1.980541E-3	-1.144438E-2
1.622266E+0	6.362720E-1	-2.909229E+1	6.350068E-1	-2.843398E+1	1.926282E-3	-1.151232E-2
1.623438E+0	6.358549E-1	-3.250233E+1	6.345570E-1	-3.183999E+1	1.978411E-3	-1.158340E-2
1.624609E+0	6.354206E-1	-3.590917E+1	6.341342E-1	-3.524285E+1	1.960834E-3	-1.165281E-2
1.625781E+0	6.349980E-1	-3.931337E+1	6.336983E-1	-3.864261E+1	1.982310E-3	-1.173071E-2
1.626953E+0	6.345632E-1	-4.271506E+1	6.332880E-1	-4.203909E+1	1.943883E-3	-1.182138E-2
1.628125E+0	6.341413E-1	-4.611314E+1	6.328571E-1	-4.543420E+1	1.958860E-3	-1.187351E-2
1.629297E+0	6.337548E-1	-4.950827E+1	6.324667E-1	-4.882482E+1	1.965341E-3	-1.195246E-2
1.630469E+0	6.333828E-1	-5.290065E+1	6.320764E-1	-5.221444E+1	1.994972E-3	-1.200109E-2
1.631641E+0	6.329861E-1	-5.629158E+1	6.317191E-1	-5.560189E+1	1.933045E-3	-1.206121E-2
1.632812E+0	6.326569E-1	-5.967418E+1	6.313904E-1	-5.897906E+1	1.932149E-3	-1.215617E-2
1.633984E+0	6.323344E-1	-6.297878E+1	6.310634E-1	-6.228056E+1	1.939660E-3	-1.221048E-2
1.635156E+0	6.320448E-1	-6.632564E+1	6.307846E-1	-6.562299E+1	1.922483E-3	-1.228775E-2
1.636328E+0	6.317955E-1	-6.972562E+1	6.305530E-1	-6.901943E+1	1.894387E-3	-1.234931E-2
1.637500E+0	6.315754E-1	-7.313070E+1	6.303251E-1	-7.241999E+1	1.906496E-3	-1.242852E-2
1.638672E+0	6.313826E-1	-7.651846E+1	6.301699E-1	-7.580617E+1	1.846979E-3	-1.245541E-2
1.639844E+0	6.312304E-1	-7.989776E+1	6.300068E-1	-7.918122E+1	1.863851E-3	-1.252994E-2
1.641016E+0	6.311119E-1	-8.327267E+1	6.299027E-1	-8.255412E+1	1.840872E-3	-1.256481E-2
1.642188E+0	6.310181E-1	-8.664561E+1	6.298196E-1	-8.592138E+1	1.822888E-3	-1.266391E-2
1.643359E+0	6.309603E-1	-9.000867E+1	6.297926E-1	-8.928515E+1	1.774225E-3	-1.265088E-2
1.644531E+0	6.309421E-1	-9.338000E+1	6.297885E-1	-9.265098E+1	1.750631E-3	-1.274676E-2
1.645703E+0	6.309947E-1	-9.685369E+1	6.298488E-1	-9.612492E+1	1.738287E-3	-1.274223E-2
1.646875E+0	6.310543E-1	-1.002307E+2	6.299151E-1	-9.949875E+1	1.726752E-3	-1.279769E-2
1.648047E+0	6.311513E-1	-1.035963E+2	6.300246E-1	-1.028609E+2	1.705826E-3	-1.285775E-2
1.649219E+0	6.312714E-1	-1.069697E+2	6.301525E-1	-1.062343E+2	1.693086E-3	-1.285759E-2
1.650391E+0	6.314625E-1	-1.103494E+2	6.303349E-1	-1.096108E+2	1.705654E-3	-1.291370E-2
1.651563E+0	6.316497E-1	-1.137306E+2	6.305395E-1	-1.129909E+2	1.677232E-3	-1.293257E-2
1.652734E+0	6.318795E-1	-1.171187E+2	6.307682E-1	-1.163772E+2	1.677931E-3	-1.296406E-2
1.653906E+0	6.321012E-1	-1.205095E+2	6.310038E-1	-1.197668E+2	1.654975E-3	-1.298474E-2
1.655078E+0	6.323755E-1	-1.239069E+2	6.312900E-1	-1.231602E+2	1.634429E-3	-1.305441E-2
1.656250E+0	6.326644E-1	-1.273054E+2	6.315454E-1	-1.265602E+2	1.687115E-3	-1.302887E-2
1.657422E+0	6.329519E-1	-1.307139E+2	6.318390E-1	-1.299645E+2	1.675680E-3	-1.310216E-2
1.658594E+0	6.332276E-1	-1.341249E+2	6.321226E-1	-1.333763E+2	1.662577E-3	-1.308800E-2
1.659766E+0	6.335301E-1	-1.375350E+2	6.324167E-1	-1.367836E+2	1.674404E-3	-1.313712E-2
1.660938E+0	6.338249E-1	-1.408837E+2	6.326848E-1	-1.401287E+2	1.715028E-3	-1.320060E-2
1.662109E+0	6.340970E-1	-1.442304E+2	6.329489E-1	-1.434737E+2	1.726522E-3	-1.323048E-2
1.663281E+0	6.343740E-1	-1.476237E+2	6.332064E-1	-1.468641E+2	1.755907E-3	-1.328158E-2
1.664453E+0	6.346309E-1	-1.510515E+2	6.334330E-1	-1.502919E+2	1.803078E-3	-1.328220E-2
1.665625E+0	6.348447E-1	-1.544946E+2	6.336758E-1	-1.537325E+2	1.756012E-3	-1.332530E-2
1.666797E+0	6.350446E-1	-1.579365E+2	6.338618E-1	-1.571729E+2	1.777049E-3	-1.335181E-2
1.667969E+0	6.352255E-1	-1.613795E+2	6.339985E-1	-1.606123E+2	1.845515E-3	-1.341568E-2
1.669141E+0	6.353731E-1	-1.648281E+2	6.341385E-1	-1.640585E+2	1.856509E-3	-1.345780E-2
1.670313E+0	6.354688E-1	-1.682926E+2	6.342021E-1	-1.675203E+2	1.906289E-3	-1.350569E-2
1.671484E+0	6.355364E-1	-1.717718E+2	6.342421E-1	-1.709960E+2	1.948848E-3	-1.356748E-2
1.672656E+0	6.355350E-1	-1.752348E+2	6.342162E-1	-1.744580E+2	1.987322E-3	-1.358549E-2
1.673828E+0	6.354958E-1	-1.786612E+2	6.341807E-1	-1.778795E+2	1.980439E-3	-1.367111E-2
1.675000E+0	6.354229E-1	1.779088E+2	6.341007E-1	1.786937E+2	1.991131E-3	-1.372722E-2
1.676172E+0	6.352993E-1	1.744755E+2	6.339332E-1	1.752650E+2	2.059820E-3	-1.380863E-2
1.677344E+0	6.351238E-1	1.710395E+2	6.337276E-1	1.718332E+2	2.106997E-3	-1.388275E-2
1.678516E+0	6.349080E-1	1.676045E+2	6.334977E-1	1.684007E+2	2.129445E-3	-1.392680E-2
1.679687E+0	6.346684E-1	1.641701E+2	6.332372E-1	1.649721E+2	2.161947E-3	-1.402872E-2
1.680859E+0	6.343585E-1	1.607363E+2	6.329165E-1	1.615441E+2	2.178729E-3	-1.413042E-2
1.682031E+0	6.340242E-1	1.573039E+2	6.325619E-1	1.581176E+2	2.210634E-3	-1.423410E-2
1.683203E+0	6.336467E-1	1.538778E+2	6.321793E-1	1.546937E+2	2.219552E-3	-1.427271E-2
1.684375E+0	6.332492E-1	1.504500E+2	6.317643E-1	1.512727E+2	2.247073E-3	-1.439208E-2
1.685547E+0	6.328371E-1	1.470273E+2	6.313350E-1	1.478558E+2	2.274451E-3	-1.449395E-2
1.686719E+0	6.323812E-1	1.436081E+2	6.308720E-1	1.444435E+2	2.285697E-3	-1.461484E-2
1.687891E+0	6.319091E-1	1.401918E+2	6.303918E-1	1.410318E+2	2.299190E-3	-1.469553E-2
1.689063E+0	6.314152E-1	1.367789E+2	6.298955E-1	1.376248E+2	2.303377E-3	-1.479882E-2
1.690234E+0	6.309229E-1	1.333705E+2	6.294003E-1	1.342232E+2	2.308119E-3	-1.491787E-2
1.691406E+0	6.304214E-1	1.299667E+2	6.288892E-1	1.308254E+2	2.323780E-3	-1.502309E-2
1.692578E+0	6.299068E-1	1.265666E+2	6.284028E-1	1.274293E+2	2.279744E-3	-1.509242E-2
1.693750E+0	6.293961E-1	1.231697E+2	6.278861E-1	1.240405E+2	2.289125E-3	-1.523429E-2
1.694922E+0	6.289119E-1	1.197770E+2	6.274220E-1	1.206531E+2	2.257458E-3	-1.532654E-2
1.696094E+0	6.284427E-1	1.163902E+2	6.269345E-1	1.172719E+2	2.286987E-3	-1.542498E-2
1.697266E+0	6.279799E-1	1.130044E+2	6.264956E-1	1.138928E+2	2.248718E-3	-1.554162E-2
1.698438E+0	6.275313E-1	1.096250E+2	6.260383E-1	1.105182E+2	2.263038E-3	-1.562583E-2
1.699609E+0	6.271163E-1	1.062463E+2	6.256691E-1	1.071469E+2	2.189226E-3	-1.575414E-2
1.700781E+0	6.267384E-1	1.028720E+2	6.253042E-1	1.037753E+2	2.169045E-3	-1.580106E-2
1.701953E+0	6.263737E-1	9.949792E+1	6.249679E-1	1.004066E+2	2.123354E-3	-1.589447E-2
1.703125E+0	6.260668E-1	9.612526E+1	6.246614E-1	9.704033E+1	2.122038E-3	-1.600624E-2
1.704297E+0	6.257662E-1	9.275094E+1	6.244171E-1	9.367171E+1	2.031169E-3	-1.610450E-2
1.705469E+0	6.255216E-1	8.938701E+1	6.241643E-1	9.031445E+1	2.043298E-3	-1.622137E-2
1.706641E+0	6.253271E-1	8.605091E+1	6.239914E-1	8.698114E+1	2.008498E-3	-1.626961E-2
1.707813E+0	6.251318E-1	8.270296E+1	6.238508E-1	8.363768E+1	1.920033E-3	-1.634672E-2
1.708984E+0	6.250302E-1	7.934332E+1	6.237494E-1	8.028315E+1	1.918584E-3	-1.643607E-2
1.710156E+0	6.249350E-1	7.598331E+1	6.236795E-1	7.692647E+1	1.877297E-3	-1.649364E-2
1.711328E+0	6.249195E-1	7.262282E+1	6.236898E-1	7.356921E+1	1.834971E-3	-1.654944E-2
1.712500E+0	6.249300E-1	6.926256E+1	6.237315E-1	7.021330E+1	1.783566E-3	-1.662466E-2
1.713672E+0	6.249853E-1	6.590305E+1	6.238120E-1	6.685599E+1	1.742287E-3	-1.666245E-2
1.714844E+0	6.250900E-1	6.254044E+1	6.239435E-1	6.349813E+1	1.697560E-3	-1.674478E-2
1.716016E+0	6.252510E-1	5.918369E+1	6.241069E-1	6.013803E+1	1.694211E-3	-1.668614E-2
1.717188E+0	6.254323E-1	5.583108E+1	6.243153E-1	5.679761E+1	1.646625E-3	-1.689851E-2
1.718359E+0	6.256841E-1	5.248033E+1	6.245849E-1	5.344312E+1	1.618459E-3	-1.683264E-2
1.719531E+0	6.259532E-1	4.911165E+1	6.248630E-1	5.007829E+1	1.602141E-3	-1.689968E-2
1.720703E+0	6.262777E-1	4.574006E+1	6.252018E-1	4.670779E+1	1.578005E-3	-1.691834E-2
1.721875E+0	6.266122E-1	4.236592E+1	6.255636E-1	4.333521E+1	1.532914E-3	-1.694485E-2
1.723047E+0	6.270084E-1	3.898835E+1	6.259375E-1	3.995977E+1	1.566904E-3	-1.698267E-2
1.724219E+0	6.274001E-1	3.560882E+1	6.263521E-1	3.658006E+1	1.529269E-3	-1.697889E-2
1.725391E+0	6.278183E-1	3.222232E+1	6.267802E-1	3.319606E+1	1.511592E-3	-1.702230E-2
1.726562E+0	6.282808E-1	2.883008E+1	6.272309E-1	2.980645E+1	1.528430E-3	-1.706857E-2
1.727734E+0	6.287260E-1	2.543534E+1	6.276789E-1	2.641403E+1	1.522083E-3	-1.710903E-2
1.728906E+0	6.292053E-1	2.203707E+1	6.281395E-1	2.301604E+1	1.550543E-3	-1.711441E-2
1.730078E+0	6.296942E-1	1.863306E+1	6.286210E-1	1.961356E+1	1.560556E-3	-1.714133E-2
1.731250E+0	6.301649E-1	1.522261E+1	6.290700E-1	1.620639E+1	1.592845E-3	-1.719924E-2
1.732422E+0	6.306146E-1	1.180785E+1	6.294984E-1	1.279341E+1	1.624957E-3	-1.723092E-2
1.733594E+0	6.310905E-1	8.388885E+0	6.299322E-1	9.374398E+0	1.690573E-3	-1.723122E-2
1.734766E+0	6.315271E-1	4.962805E+0	6.303453E-1	5.954115E+0	1.724895E-3	-1.733320E-2
1.735938E+0	6.319372E-1	1.533888E+0	6.307194E-1	2.526093E+0	1.780582E-3	-1.734981E-2
1.737109E+0	6.323146E-1	-1.897937E+0	6.310577E-1	-9.030325E-1	1.840678E-3	-1.739807E-2
1.738281E+0	6.326808E-1	-5.336843E+0	6.313817E-1	-4.338914E+0	1.905564E-3	-1.745210E-2
1.739453E+0	6.329676E-1	-8.772677E+0	6.316406E-1	-7.770123E+0	1.947473E-3	-1.753373E-2
1.740625E+0	6.332248E-1	-1.221124E+1	6.318597E-1	-1.120456E+1	2.005768E-3	-1.760693E-2
1.741797E+0	6.334267E-1	-1.565400E+1	6.320233E-1	-1.464290E+1	2.064437E-3	-1.768529E-2
1.742969E+0	6.335944E-1	-1.909890E+1	6.321173E-1	-1.808445E+1	2.179645E-3	-1.774594E-2
1.744141E+0	6.336766E-1	-2.254794E+1	6.321961E-1	-2.152884E+1	2.183288E-3	-1.782736E-2
1.745313E+0	6.337112E-1	-2.599949E+1	6.321942E-1	-2.497376E+1	2.238952E-3	-1.794437E-2
1.746484E+0	6.337222E-1	-2.945081E+1	6.321133E-1	-2.842035E+1	2.383136E-3	-1.802972E-2
1.747656E+0	6.336322E-1	-3.290137E+1	6.320200E-1	-3.186436E+1	2.386664E-3	-1.814442E-2
1.748828E+0	6.335130E-1	-3.635445E+1	6.318460E-1	-3.530935E+1	2.471510E-3	-1.828755E-2
1.750000E+0	6.333372E-1	-3.980469E+1	6.316085E-1	-3.875398E+1	2.568377E-3	-1.838751E-2
1.751172E+0	6.330888E-1	-4.325798E+1	6.313168E-1	-4.220010E+1	2.635908E-3	-1.851426E-2
1.752344E+0	6.327580E-1	-4.671781E+1	6.309477E-1	-4.565222E+1	2.695741E-3	-1.865034E-2
1.753516E+0	6.323739E-1	-5.017319E+1	6.305177E-1	-4.909994E+1	2.767980E-3	-1.878579E-2
1.754688E+0	6.319325E-1	-5.362870E+1	6.300609E-1	-5.254736E+1	2.791889E-3	-1.892788E-2
1.755859E+0	6.314628E-1	-5.708028E+1	6.295286E-1	-5.598979E+1	2.890786E-3	-1.908997E-2
1.757031E+0	6.309456E-1	-6.052866E+1	6.290022E-1	-5.942936E+1	2.905033E-3	-1.924450E-2
1.758203E+0	6.304227E-1	-6.397486E+1	6.284304E-1	-6.286690E+1	2.982722E-3	-1.939765E-2
1.759375E+0	6.298389E-1	-6.741952E+1	6.278313E-1	-6.630173E+1	3.006769E-3	-1.957026E-2
1.760547E+0	6.292414E-1	-7.085385E+1	6.272089E-1	-6.972643E+1	3.046330E-3	-1.973968E-2
1.761719E+0	6.286262E-1	-7.417017E+1	6.265756E-1	-7.303149E+1	3.074588E-3	-1.993744E-2
1.762891E+0	6.280144E-1	-7.756940E+1	6.259370E-1	-7.641856E+1	3.116479E-3	-2.015125E-2
1.764063E+0	6.274033E-1	-8.102631E+1	6.253191E-1	-7.986768E+1	3.127881E-3	-2.028793E-2
1.765234E+0	6.267969E-1	-8.449513E+1	6.247115E-1	-8.332845E+1	3.130182E-3	-2.042897E-2
1.766406E+0	6.261929E-1	-8.793964E+1	6.240970E-1	-8.675989E+1	3.145603E-3	-2.065821E-2
1.767578E+0	6.255862E-1	-9.135991E+1	6.234798E-1	-9.017086E+1	3.162398E-3	-2.082146E-2
1.768750E+0	6.249945E-1	-9.476893E+1	6.228768E-1	-9.357051E+1	3.180387E-3	-2.098596E-2
1.769922E+0	6.243945E-1	-9.817103E+1	6.223224E-1	-9.696139E+1	3.106028E-3	-2.118092E-2
1.771094E+0	6.238356E-1	-1.015662E+2	6.217629E-1	-1.003477E+2	3.106701E-3	-2.133612E-2
1.772266E+0	6.233338E-1	-1.049605E+2	6.212324E-1	-1.037281E+2	3.150530E-3	-2.158053E-2
1.773437E+0	6.228313E-1	-1.083489E+2	6.207533E-1	-1.071097E+2	3.112884E-3	-2.169883E-2
1.774609E+0	6.223515E-1	-1.117377E+2	6.203036E-1	-1.104843E+2	3.061389E-3	-2.194643E-2
1.775781E+0	6.219225E-1	-1.151221E+2	6.198980E-1	-1.138596E+2	3.022311E-3	-2.210496E-2
1.776953E+0	6.215166E-1	-1.185045E+2	6.194985E-1	-1.172325E+2	3.010409E-3	-2.227108E-2
1.778125E+0	6.211723E-1	-1.218843E+2	6.191472E-1	-1.206019E+2	3.019501E-3	-2.245343E-2
1.779297E+0	6.208341E-1	-1.252630E+2	6.188498E-1	-1.239701E+2	2.951029E-3	-2.263580E-2
1.780469E+0	6.205415E-1	-1.286414E+2	6.185803E-1	-1.273381E+2	2.910966E-3	-2.281703E-2
1.781641E+0	6.203068E-1	-1.320176E+2	6.183510E-1	-1.307047E+2	2.899574E-3	-2.298489E-2
1.782813E+0	6.200885E-1	-1.353943E+2	6.181884E-1	-1.340735E+2	2.807149E-3	-2.312112E-2
1.783984E+0	6.199085E-1	-1.387724E+2	6.180516E-1	-1.374436E+2	2.734713E-3	-2.325953E-2
1.785156E+0	6.197673E-1	-1.421534E+2	6.179195E-1	-1.408146E+2	2.716557E-3	-2.343421E-2
1.786328E+0	6.196655E-1	-1.455367E+2	6.178429E-1	-1.441888E+2	2.672418E-3	-2.359251E-2
1.787500E+0	6.195949E-1	-1.489234E+2	6.177961E-1	-1.475659E+2	2.630161E-3	-2.375961E-2
1.788672E+0	6.195542E-1	-1.523070E+2	6.177893E-1	-1.509418E+2	2.572133E-3	-2.389304E-2
1.789844E+0	6.195523E-1	-1.556755E+2	6.178042E-1	-1.543018E+2	2.541323E-3	-2.404112E-2
1.791016E+0	6.195627E-1	-1.589781E+2	6.178476E-1	-1.575953E+2	2.483898E-3	-2.419906E-2
1.792188E+0	6.196344E-1	-1.623919E+2	6.179235E-1	-1.610034E+2	2.474350E-3	-2.429862E-2
1.793359E+0	6.197068E-1	-1.658183E+2	6.180243E-1	-1.644216E+2	2.424471E-3	-2.444096E-2
1.794531E+0	6.198155E-1	-1.692398E+2	6.181350E-1	-1.678352E+2	2.417370E-3	-2.457908E-2
1.795703E+0	6.199380E-1	-1.726556E+2	6.182871E-1	-1.712445E+2	2.366047E-3	-2.469161E-2
1.796875E+0	6.200752E-1	-1.760674E+2	6.184400E-1	-1.746486E+2	2.336681E-3	-2.482567E-2
1.798047E+0	6.202115E-1	-1.794739E+2	6.185833E-1	-1.780492E+2	2.322194E-3	-2.492859E-2
1.799219E+0	6.203883E-1	1.771252E+2	6.187665E-1	1.785581E+2	2.307497E-3	-2.507176E-2
1.800391E+0	6.205539E-1	1.737251E+2	6.189432E-1	1.751687E+2	2.284121E-3	-2.525847E-2
1.801563E+0	6.207333E-1	1.703255E+2	6.191126E-1	1.717766E+2	2.296242E-3	-2.539006E-2
1.802734E+0	6.209177E-1	1.669247E+2	6.193116E-1	1.683849E+2	2.267789E-3	-2.554862E-2
1.803906E+0	6.211081E-1	1.635228E+2	6.194912E-1	1.649886E+2	2.281963E-3	-2.564701E-2
1.805078E+0	6.212882E-1	1.601171E+2	6.196854E-1	1.615922E+2	2.254223E-3	-2.580909E-2
1.806250E+0	6.214526E-1	1.567091E+2	6.198301E-1	1.581916E+2	2.282050E-3	-2.593934E-2
1.807422E+0	6.216320E-1	1.532959E+2	6.200044E-1	1.547888E+2	2.284813E-3	-2.612147E-2
1.808594E+0	6.217939E-1	1.498829E+2	6.201262E-1	1.513825E+2	2.345878E-3	-2.624035E-2
1.809766E+0	6.219467E-1	1.464660E+2	6.202861E-1	1.479749E+2	2.329470E-3	-2.640272E-2
1.810938E+0	6.220901E-1	1.430461E+2	6.204053E-1	1.445640E+2	2.363789E-3	-2.656119E-2
1.812109E+0	6.222246E-1	1.396255E+2	6.205104E-1	1.411533E+2	2.406089E-3	-2.673564E-2
1.813281E+0	6.223177E-1	1.362036E+2	6.206027E-1	1.377405E+2	2.402708E-3	-2.689487E-2
1.814453E+0	6.224290E-1	1.327776E+2	6.206763E-1	1.343264E+2	2.457490E-3	-2.710469E-2
1.815625E+0	6.224884E-1	1.293512E+2	6.207322E-1	1.309097E+2	2.458270E-3	-2.727455E-2
1.816797E+0	6.225139E-1	1.259237E+2	6.207556E-1	1.274937E+2	2.456050E-3	-2.747585E-2
1.817969E+0	6.225558E-1	1.224955E+2	6.207529E-1	1.240761E+2	2.522783E-3	-2.766329E-2
1.819141E+0	6.225491E-1	1.190656E+2	6.207353E-1	1.206584E+2	2.534505E-3	-2.787724E-2
1.820313E+0	6.225291E-1	1.156369E+2	6.206901E-1	1.172416E+2	2.569491E-3	-2.808661E-2
1.821484E+0	6.224961E-1	1.122083E+2	6.206060E-1	1.138254E+2	2.646096E-3	-2.830592E-2
1.822656E+0	6.224373E-1	1.087776E+2	6.205571E-1	1.104081E+2	2.623741E-3	-2.853996E-2
1.823828E+0	6.223716E-1	1.053505E+2	6.204554E-1	1.069945E+2	2.675483E-3	-2.877788E-2
1.825000E+0	6.222673E-1	1.019229E+2	6.203473E-1	1.035790E+2	2.676045E-3	-2.898982E-2
1.826172E+0	6.221526E-1	9.849483E+1	6.202127E-1	1.001672E+2	2.700516E-3	-2.927550E-2
1.827344E+0	6.220311E-1	9.506802E+1	6.200798E-1	9.675497E+1	2.712080E-3	-2.953122E-2
1.828516E+0	6.219227E-1	9.164423E+1	6.199187E-1	9.334222E+1	2.792163E-3	-2.972697E-2
1.829688E+0	6.217682E-1	8.822019E+1	6.197932E-1	8.993390E+1	2.737854E-3	-3.000072E-2
1.830859E+0	6.216335E-1	8.479496E+1	6.196298E-1	8.652399E+1	2.776934E-3	-3.027026E-2
1.832031E+0	6.214822E-1	8.137323E+1	6.194678E-1	8.311502E+1	2.788278E-3	-3.049413E-2
1.833203E+0	6.213391E-1	7.795185E+1	6.193123E-1	7.971153E+1	2.799536E-3	-3.080788E-2
1.834375E+0	6.211835E-1	7.453193E+1	6.191632E-1	7.630729E+1	2.781362E-3	-3.108201E-2
1.835547E+0	6.210611E-1	7.111460E+1	6.189879E-1	7.290464E+1	2.859710E-3	-3.134163E-2
1.836719E+0	6.209059E-1	6.769798E+1	6.188409E-1	6.950468E+1	2.838105E-3	-3.163284E-2
1.837891E+0	6.207571E-1	6.428313E+1	6.187088E-1	6.610726E+1	2.802170E-3	-3.193708E-2
1.839063E+0	6.206440E-1	6.087042E+1	6.185608E-1	6.271161E+1	2.849800E-3	-3.223750E-2
1.840234E+0	6.205454E-1	5.745388E+1	6.184499E-1	5.931240E+1	2.860485E-3	-3.254149E-2
1.841406E+0	6.204226E-1	5.403889E+1	6.183594E-1	5.591338E+1	2.799664E-3	-3.281933E-2
1.842578E+0	6.203487E-1	5.062130E+1	6.182544E-1	5.251240E+1	2.840950E-3	-3.311171E-2
1.843750E+0	6.202677E-1	4.720146E+1	6.181876E-1	4.911186E+1	2.807147E-3	-3.344876E-2
1.844922E+0	6.202189E-1	4.378265E+1	6.181503E-1	4.571209E+1	2.777586E-3	-3.378139E-2
1.846094E+0	6.201665E-1	4.036605E+1	6.181161E-1	4.231113E+1	2.739085E-3	-3.405412E-2
1.847266E+0	6.201412E-1	3.694573E+1	6.180547E-1	3.891031E+1	2.786141E-3	-3.439740E-2
1.848438E+0	6.201120E-1	3.352552E+1	6.180156E-1	3.550917E+1	2.790860E-3	-3.473172E-2
1.849609E+0	6.200984E-1	3.010568E+1	6.180413E-1	3.210775E+1	2.715952E-3	-3.505188E-2
1.850781E+0	6.201140E-1	2.668637E+1	6.180514E-1	2.870655E+1	2.713662E-3	-3.536913E-2
1.851953E+0	6.201147E-1	2.326731E+1	6.180421E-1	2.530901E+1	2.716527E-3	-3.574632E-2
1.853125E+0	6.201470E-1	1.985187E+1	6.180691E-1	2.191219E+1	2.713280E-3	-3.607248E-2
1.854297E+0	6.201660E-1	1.643615E+1	6.180864E-1	1.851600E+1	2.703581E-3	-3.641437E-2
1.855469E+0	6.202142E-1	1.302200E+1	6.181238E-1	1.511994E+1	2.709291E-3	-3.673158E-2
1.856641E+0	6.202277E-1	9.603946E+0	6.181641E-1	1.172573E+1	2.650373E-3	-3.714725E-2
1.857813E+0	6.202947E-1	6.182000E+0	6.181989E-1	8.323720E+0	2.689250E-3	-3.749806E-2
1.858984E+0	6.203331E-1	2.754478E+0	6.182289E-1	4.918496E+0	2.687993E-3	-3.788878E-2
1.860156E+0	6.203781E-1	-6.779109E-1	6.182789E-1	1.507593E+0	2.665359E-3	-3.826447E-2
1.861328E+0	6.204286E-1	-4.112751E+0	6.183077E-1	-1.905867E+0	2.685922E-3	-3.863996E-2
1.862500E+0	6.204646E-1	-7.551161E+0	6.183432E-1	-5.319766E+0	2.669911E-3	-3.906892E-2
1.863672E+0	6.204957E-1	-1.099258E+1	6.183381E-1	-8.736049E+0	2.711202E-3	-3.951110E-2
1.864844E+0	6.205034E-1	-1.443455E+1	6.183502E-1	-1.215576E+1	2.688598E-3	-3.990036E-2
1.866016E+0	6.205249E-1	-1.787722E+1	6.183457E-1	-1.557227E+1	2.712315E-3	-4.035985E-2
1.867188E+0	6.205243E-1	-2.132155E+1	6.183214E-1	-1.898944E+1	2.731507E-3	-4.083673E-2
1.868359E+0	6.205074E-1	-2.477020E+1	6.183138E-1	-2.241135E+1	2.697355E-3	-4.130409E-2
1.869531E+0	6.204889E-1	-2.821803E+1	6.182348E-1	-2.583122E+1	2.775306E-3	-4.179749E-2
1.870703E+0	6.204459E-1	-3.166644E+1	6.181742E-1	-2.925068E+1	2.782862E-3	-4.230537E-2
1.871875E+0	6.203807E-1	-3.511673E+1	6.180754E-1	-3.267013E+1	2.814845E-3	-4.284747E-2
1.873047E+0	6.202968E-1	-3.856681E+1	6.179978E-1	-3.609101E+1	2.783161E-3	-4.335811E-2
1.874219E+0	6.202088E-1	-4.201832E+1	6.178752E-1	-3.950945E+1	2.814651E-3	-4.393938E-2
1.875391E+0	6.200670E-1	-4.547154E+1	6.177568E-1	-4.292896E+1	2.751507E-3	-4.452773E-2
1.876563E+0	6.199139E-1	-4.892327E+1	6.175928E-1	-4.634835E+1	2.744838E-3	-4.509455E-2
1.877734E+0	6.197656E-1	-5.237531E+1	6.174428E-1	-4.976579E+1	2.721086E-3	-4.570025E-2
1.878906E+0	6.195917E-1	-5.582873E+1	6.172352E-1	-5.318387E+1	2.748511E-3	-4.632130E-2
1.880078E+0	6.193629E-1	-5.928248E+1	6.170291E-1	-5.659932E+1	2.681848E-3	-4.698992E-2
1.881250E+0	6.191387E-1	-6.273780E+1	6.168034E-1	-6.001471E+1	2.652668E-3	-4.768887E-2
1.882422E+0	6.188892E-1	-6.619253E+1	6.165541E-1	-6.342921E+1	2.620142E-3	-4.839293E-2
1.883594E+0	6.186380E-1	-6.964813E+1	6.163244E-1	-6.684058E+1	2.549053E-3	-4.916525E-2
1.884766E+0	6.183352E-1	-7.310418E+1	6.160480E-1	-7.025127E+1	2.468697E-3	-4.995689E-2
1.885938E+0	6.180776E-1	-7.655870E+1	6.157640E-1	-7.366241E+1	2.475115E-3	-5.071812E-2
1.887109E+0	6.177667E-1	-8.001673E+1	6.154891E-1	-7.706889E+1	2.372341E-3	-5.161712E-2
1.888281E+0	6.174500E-1	-8.347000E+1	6.151907E-1	-8.047368E+1	2.300393E-3	-5.246379E-2
1.889453E+0	6.171256E-1	-8.692346E+1	6.148996E-1	-8.387492E+1	2.199818E-3	-5.337448E-2
1.890625E+0	6.167579E-1	-9.037717E+1	6.145934E-1	-8.727589E+1	2.052145E-3	-5.429166E-2
1.891797E+0	6.163840E-1	-9.383266E+1	6.143021E-1	-9.067354E+1	1.864237E-3	-5.529588E-2
1.892969E+0	6.159978E-1	-9.728747E+1	6.140220E-1	-9.407260E+1	1.638979E-3	-5.626109E-2
1.894141E+0	6.156120E-1	-1.007499E+2	6.137154E-1	-9.747391E+1	1.451159E-3	-5.732226E-2
1.895313E+0	6.152006E-1	-1.042162E+2	6.134601E-1	-1.008777E+2	1.135281E-3	-5.840007E-2
1.896484E+0	6.148285E-1	-1.076208E+2	6.132103E-1	-1.042205E+2	8.737706E-4	-5.946812E-2
1.897656E+0	6.143924E-1	-1.110641E+2	6.129869E-1	-1.075954E+2	4.566702E-4	-6.064199E-2
1.898828E+0	6.139596E-1	-1.145551E+2	6.127643E-1	-1.110208E+2	4.503143E-5	-6.176631E-2
1.900000E+0	6.135025E-1	-1.180117E+2	6.125489E-1	-1.144092E+2	-4.223148E-4	-6.293189E-2
1.901172E+0	6.130297E-1	-1.214638E+2	6.123511E-1	-1.177936E+2	-9.450380E-4	-6.408421E-2
1.902344E+0	6.125503E-1	-1.249152E+2	6.121780E-1	-1.211761E+2	-1.521791E-3	-6.525295E-2
1.903516E+0	6.120428E-1	-1.283619E+2	6.120521E-1	-1.245557E+2	-2.220870E-3	-6.638086E-2
1.904688E+0	6.115012E-1	-1.318098E+2	6.119376E-1	-1.279366E+2	-2.995532E-3	-6.750045E-2
1.905859E+0	6.109485E-1	-1.352537E+2	6.118395E-1	-1.313128E+2	-3.817348E-3	-6.862737E-2
1.907031E+0	6.103702E-1	-1.386958E+2	6.117738E-1	-1.346931E+2	-4.727954E-3	-6.964333E-2
1.908203E+0	6.097607E-1	-1.421369E+2	6.117508E-1	-1.380722E+2	-5.760296E-3	-7.065232E-2
1.909375E+0	6.091611E-1	-1.455807E+2	6.117234E-1	-1.414509E+2	-6.774320E-3	-7.171456E-2
1.910547E+0	6.084943E-1	-1.490223E+2	6.117570E-1	-1.448324E+2	-7.991701E-3	-7.267273E-2
1.911719E+0	6.077966E-1	-1.524581E+2	6.117887E-1	-1.482144E+2	-9.249074E-3	-7.351597E-2
1.912891E+0	6.071045E-1	-1.558842E+2	6.118325E-1	-1.515968E+2	-1.050438E-2	-7.418172E-2
1.914063E+0	6.063707E-1	-1.592938E+2	6.119309E-1	-1.549710E+2	-1.190525E-2	-7.469065E-2
1.915234E+0	6.055822E-1	-1.627276E+2	6.120272E-1	-1.583787E+2	-1.337948E-2	-7.503123E-2
1.916406E+0	6.047810E-1	-1.661346E+2	6.121347E-1	-1.617666E+2	-1.488287E-2	-7.524721E-2
1.917578E+0	6.040271E-1	-1.695363E+2	6.122643E-1	-1.651581E+2	-1.633254E-2	-7.531261E-2
1.918750E+0	6.032567E-1	-1.729402E+2	6.124160E-1	-1.685504E+2	-1.784574E-2	-7.539677E-2
1.919922E+0	6.025041E-1	-1.763435E+2	6.125466E-1	-1.719436E+2	-1.929347E-2	-7.545953E-2
1.921094E+0	6.018402E-1	-1.797469E+2	6.126834E-1	-1.753423E+2	-2.059903E-2	-7.543990E-2
1.922266E+0	6.011780E-1	1.768548E+2	6.128283E-1	-1.787433E+2	-2.190442E-2	-7.529298E-2
1.923438E+0	6.005817E-1	1.734553E+2	6.129984E-1	1.778544E+2	-2.314205E-2	-7.514969E-2
1.924609E+0	6.000132E-1	1.700607E+2	6.131485E-1	1.744481E+2	-2.429033E-2	-7.486093E-2
1.925781E+0	5.994812E-1	1.666604E+2	6.132932E-1	1.710390E+2	-2.537397E-2	-7.462722E-2
1.926953E+0	5.989830E-1	1.632596E+2	6.133993E-1	1.676283E+2	-2.633951E-2	-7.438407E-2
1.928125E+0	5.985166E-1	1.598570E+2	6.135216E-1	1.642149E+2	-2.727760E-2	-7.412798E-2
1.929297E+0	5.981300E-1	1.564480E+2	6.136280E-1	1.607997E+2	-2.806646E-2	-7.396208E-2
1.930469E+0	5.977821E-1	1.530341E+2	6.136869E-1	1.573831E+2	-2.872153E-2	-7.386619E-2
1.931641E+0	5.974862E-1	1.496171E+2	6.137886E-1	1.539676E+2	-2.936509E-2	-7.384281E-2
1.932813E+0	5.972086E-1	1.461999E+2	6.137874E-1	1.505482E+2	-2.981133E-2	-7.377139E-2
1.933984E+0	5.969123E-1	1.427759E+2	6.137871E-1	1.471292E+2	-3.029865E-2	-7.381945E-2
1.935156E+0	5.966287E-1	1.393408E+2	6.137656E-1	1.437099E+2	-3.074580E-2	-7.405425E-2
1.936328E+0	5.964174E-1	1.358999E+2	6.137387E-1	1.402920E+2	-3.107640E-2	-7.442022E-2
1.937500E+0	5.961635E-1	1.324520E+2	6.136585E-1	1.368693E+2	-3.139511E-2	-7.482428E-2
1.938672E+0	5.958927E-1	1.289969E+2	6.135716E-1	1.334490E+2	-3.174358E-2	-7.538900E-2
1.939844E+0	5.955601E-1	1.255377E+2	6.134751E-1	1.300311E+2	-3.218637E-2	-7.605641E-2
1.941016E+0	5.952146E-1	1.220753E+2	6.133375E-1	1.266093E+2	-3.258494E-2	-7.671488E-2
1.942188E+0	5.947577E-1	1.186036E+2	6.131660E-1	1.231900E+2	-3.312770E-2	-7.756172E-2
1.943359E+0	5.942340E-1	1.151345E+2	6.129835E-1	1.197706E+2	-3.375906E-2	-7.835467E-2
1.944531E+0	5.936413E-1	1.116637E+2	6.127636E-1	1.163534E+2	-3.445007E-2	-7.920791E-2
1.945703E+0	5.929912E-1	1.081969E+2	6.125277E-1	1.129386E+2	-3.520824E-2	-8.002729E-2
1.946875E+0	5.923010E-1	1.047254E+2	6.122562E-1	1.095260E+2	-3.598657E-2	-8.096064E-2
1.948047E+0	5.915840E-1	1.012532E+2	6.119553E-1	1.061161E+2	-3.676865E-2	-8.194980E-2
1.949219E+0	5.908730E-1	9.777787E+1	6.116783E-1	1.027058E+2	-3.758420E-2	-8.298076E-2
1.950391E+0	5.900579E-1	9.430389E+1	6.113603E-1	9.929782E+1	-3.850807E-2	-8.401700E-2
1.951563E+0	5.891585E-1	9.082750E+1	6.110311E-1	9.589440E+1	-3.956408E-2	-8.515738E-2
1.952734E+0	5.882139E-1	8.735661E+1	6.106967E-1	9.249285E+1	-4.068254E-2	-8.622845E-2
1.953906E+0	5.872781E-1	8.388907E+1	6.103622E-1	8.909451E+1	-4.178856E-2	-8.729580E-2
1.955078E+0	5.862862E-1	8.041518E+1	6.100065E-1	8.569825E+1	-4.296819E-2	-8.849594E-2
1.956250E+0	5.851952E-1	7.693657E+1	6.096855E-1	8.230563E+1	-4.437987E-2	-8.981207E-2
1.957422E+0	5.841480E-1	7.345483E+1	6.093270E-1	7.891566E+1	-4.567361E-2	-9.123275E-2
1.958594E+0	5.830295E-1	6.997173E+1	6.090060E-1	7.552842E+1	-4.715262E-2	-9.270037E-2
1.959766E+0	5.818673E-1	6.649226E+1	6.086540E-1	7.214558E+1	-4.865952E-2	-9.417367E-2
1.960938E+0	5.806198E-1	6.301294E+1	6.083422E-1	6.876340E+1	-5.037337E-2	-9.563008E-2
1.962109E+0	5.792161E-1	5.953761E+1	6.080328E-1	6.538408E+1	-5.234839E-2	-9.703553E-2
1.963281E+0	5.777043E-1	5.606156E+1	6.077356E-1	6.200925E+1	-5.453216E-2	-9.850003E-2
1.964453E+0	5.760600E-1	5.259868E+1	6.074497E-1	5.863749E+1	-5.693695E-2	-9.976582E-2
1.965625E+0	5.742935E-1	4.914349E+1	6.072308E-1	5.526922E+1	-5.964198E-2	-1.009224E-1
1.966797E+0	5.724113E-1	4.570076E+1	6.070004E-1	5.189986E+1	-6.249779E-2	-1.018304E-1
1.967969E+0	5.704685E-1	4.226749E+1	6.067980E-1	4.853554E+1	-6.549093E-2	-1.026433E-1
1.969141E+0	5.684578E-1	3.884732E+1	6.066588E-1	4.517345E+1	-6.867526E-2	-1.032491E-1
1.970313E+0	5.663495E-1	3.544234E+1	6.065399E-1	4.181220E+1	-7.202627E-2	-1.035947E-1
1.971484E+0	5.641300E-1	3.205901E+1	6.064835E-1	3.845160E+1	-7.561801E-2	-1.035650E-1
1.972656E+0	5.619648E-1	2.869480E+1	6.064603E-1	3.509232E+1	-7.913956E-2	-1.032507E-1
1.973828E+0	5.598167E-1	2.534243E+1	6.064658E-1	3.173373E+1	-8.265669E-2	-1.027555E-1
1.975000E+0	5.577514E-1	2.200416E+1	6.065126E-1	2.837558E+1	-8.607605E-2	-1.020514E-1
1.976172E+0	5.557602E-1	1.867928E+1	6.066018E-1	2.501817E+1	-8.941514E-2	-1.011552E-1
1.977344E+0	5.538299E-1	1.535974E+1	6.067505E-1	2.165955E+1	-9.273169E-2	-1.001603E-1
1.978516E+0	5.520012E-1	1.204729E+1	6.069333E-1	1.829967E+1	-9.591747E-2	-9.905115E-2
1.979688E+0	5.502773E-1	8.731084E+0	6.071484E-1	1.493513E+1	-9.897727E-2	-9.794677E-2
1.980859E+0	5.486422E-1	5.419116E+0	6.074159E-1	1.157527E+1	-1.019689E-1	-9.686212E-2
1.982031E+0	5.470524E-1	2.100279E+0	6.077430E-1	8.206866E+0	-1.049699E-1	-9.575520E-2
1.983203E+0	5.455062E-1	-1.208620E+0	6.080601E-1	4.838051E+0	-1.078658E-1	-9.450188E-2
1.984375E+0	5.441307E-1	-4.520294E+0	6.084224E-1	1.463308E+0	-1.105420E-1	-9.322843E-2
1.985547E+0	5.427910E-1	-7.844613E+0	6.088417E-1	-1.912955E+0	-1.132591E-1	-9.213097E-2
1.986719E+0	5.414209E-1	-1.116514E+1	6.092772E-1	-5.292392E+0	-1.160357E-1	-9.092391E-2
1.987891E+0	5.400625E-1	-1.448491E+1	6.097404E-1	-8.679278E+0	-1.188178E-1	-8.959474E-2
1.989063E+0	5.386957E-1	-1.781144E+1	6.101890E-1	-1.206854E+1	-1.215968E-1	-8.834059E-2
1.990234E+0	5.372277E-1	-2.113854E+1	6.106770E-1	-1.546202E+1	-1.245892E-1	-8.701531E-2
1.991406E+0	5.357219E-1	-2.447037E+1	6.111480E-1	-1.886072E+1	-1.276151E-1	-8.568644E-2
1.992578E+0	5.342658E-1	-2.781596E+1	6.116326E-1	-2.226177E+1	-1.305933E-1	-8.454432E-2
1.993750E+0	5.327815E-1	-3.105637E+1	6.121119E-1	-2.555968E+1	-1.336035E-1	-8.337398E-2
1.994922E+0	5.311109E-1	-3.440693E+1	6.125630E-1	-2.897354E+1	-1.368650E-1	-8.209781E-2
1.996094E+0	5.293597E-1	-3.775106E+1	6.130102E-1	-3.239122E+1	-1.402343E-1	-8.066382E-2
1.997266E+0	5.274557E-1	-4.108714E+1	6.134438E-1	-3.581585E+1	-1.438091E-1	-7.899374E-2
1.998438E+0	5.253482E-1	-4.442497E+1	6.138461E-1	-3.924296E+1	-1.476675E-1	-7.729851E-2
1.999609E+0	5.230613E-1	-4.776270E+1	6.142042E-1	-4.267247E+1	-1.517504E-1	-7.555847E-2
2.000781E+0	5.211241E-1	-5.099162E+1	6.153883E-1	-4.600315E+1	-1.563860E-1	-7.363560E-2
2.001953E+0	5.184540E-1	-5.431427E+1	6.156049E-1	-4.944747E+1	-1.608501E-1	-7.145073E-2
2.003125E+0	5.155967E-1	-5.762342E+1	6.157714E-1	-5.289175E+1	-1.655353E-1	-6.906988E-2
2.004297E+0	5.125382E-1	-6.091688E+1	6.158775E-1	-5.634063E+1	-1.704450E-1	-6.639833E-2
2.005469E+0	5.090695E-1	-6.418691E+1	6.159375E-1	-5.979130E+1	-1.759356E-1	-6.334478E-2
2.006641E+0	5.051419E-1	-6.738544E+1	6.159859E-1	-6.324067E+1	-1.820904E-1	-5.927091E-2
2.007812E+0	5.006993E-1	-7.049524E+1	6.159458E-1	-6.669020E+1	-1.888969E-1	-5.394508E-2
2.008984E+0	4.959441E-1	-7.352420E+1	6.158738E-1	-7.014140E+1	-1.961341E-1	-4.751627E-2
2.010156E+0	4.910666E-1	-7.646040E+1	6.157396E-1	-7.359070E+1	-2.034769E-1	-3.992782E-2
2.011328E+0	4.861254E-1	-7.924712E+1	6.155657E-1	-7.703894E+1	-2.108650E-1	-3.042834E-2
2.012500E+0	4.812820E-1	-8.186598E+1	6.153502E-1	-8.048563E+1	-2.181000E-1	-1.884091E-2
2.013672E+0	4.768990E-1	-8.438979E+1	6.150900E-1	-8.393427E+1	-2.246924E-1	-6.164076E-3
2.014844E+0	4.733949E-1	-8.689666E+1	6.147706E-1	-8.737688E+1	-2.299920E-1	6.453912E-3
2.016016E+0	4.710251E-1	-8.940989E+1	6.144360E-1	-9.081931E+1	-2.336344E-1	1.885565E-2
2.017187E+0	4.698521E-1	-9.190566E+1	6.140555E-1	-9.425903E+1	-2.354831E-1	3.141948E-2
2.018359E+0	4.694696E-1	-9.435532E+1	6.136842E-1	-9.769308E+1	-2.362958E-1	4.453991E-2
2.019531E+0	4.703656E-1	-9.683176E+1	6.132256E-1	-1.011281E+2	-2.351203E-1	5.746246E-2
2.020703E+0	4.726519E-1	-9.941244E+1	6.127920E-1	-1.045568E+2	-2.317980E-1	6.915974E-2
2.021875E+0	4.758736E-1	-1.021095E+2	6.123065E-1	-1.079838E+2	-2.268991E-1	7.954174E-2
2.023047E+0	4.794231E-1	-1.048849E+2	6.118315E-1	-1.114059E+2	-2.214828E-1	8.898989E-2
2.024219E+0	4.831304E-1	-1.076703E+2	6.113587E-1	-1.148269E+2	-2.158998E-1	9.845154E-2
2.025391E+0	4.877963E-1	-1.104702E+2	6.108704E-1	-1.182403E+2	-2.088050E-1	1.079596E-1
2.026563E+0	4.936518E-1	-1.133695E+2	6.103320E-1	-1.216540E+2	-1.996152E-1	1.165424E-1
2.027734E+0	5.000058E-1	-1.164185E+2	6.098512E-1	-1.250619E+2	-1.894299E-1	1.232153E-1
2.028906E+0	5.059983E-1	-1.195875E+2	6.093473E-1	-1.284673E+2	-1.795589E-1	1.281813E-1
2.030078E+0	5.118157E-1	-1.227993E+2	6.088272E-1	-1.318730E+2	-1.698613E-1	1.325759E-1
2.031250E+0	5.179712E-1	-1.260618E+2	6.083696E-1	-1.352718E+2	-1.595673E-1	1.362709E-1
2.032422E+0	5.243158E-1	-1.294167E+2	6.078809E-1	-1.386682E+2	-1.486892E-1	1.386676E-1
2.033594E+0	5.304304E-1	-1.328515E+2	6.074324E-1	-1.420644E+2	-1.380309E-1	1.398077E-1
2.034766E+0	5.362222E-1	-1.363385E+2	6.069788E-1	-1.454551E+2	-1.277313E-1	1.399740E-1
2.035938E+0	5.416361E-1	-1.398638E+2	6.065402E-1	-1.488423E+2	-1.179490E-1	1.393639E-1
2.037109E+0	5.466781E-1	-1.434208E+2	6.061310E-1	-1.522315E+2	-1.087287E-1	1.381465E-1
2.038281E+0	5.513669E-1	-1.470024E+2	6.057202E-1	-1.556156E+2	-9.999942E-2	1.363244E-1
2.039453E+0	5.556020E-1	-1.505989E+2	6.053655E-1	-1.589995E+2	-9.205127E-2	1.340839E-1
2.040625E+0	5.594226E-1	-1.542054E+2	6.050131E-1	-1.623808E+2	-8.475139E-2	1.314882E-1
2.041797E+0	5.627904E-1	-1.578141E+2	6.046826E-1	-1.657603E+2	-7.821614E-2	1.286658E-1
2.042969E+0	5.657387E-1	-1.614243E+2	6.043904E-1	-1.691383E+2	-7.242238E-2	1.256442E-1
2.044141E+0	5.683135E-1	-1.650295E+2	6.040866E-1	-1.725160E+2	-6.723810E-2	1.225769E-1
2.045313E+0	5.705982E-1	-1.686308E+2	6.038454E-1	-1.758925E+2	-6.263835E-2	1.194420E-1
2.046484E+0	5.725638E-1	-1.722293E+2	6.036174E-1	-1.792672E+2	-5.859288E-2	1.162224E-1
2.047656E+0	5.743282E-1	-1.758154E+2	6.033987E-1	1.773593E+2	-5.492337E-2	1.131168E-1
2.048828E+0	5.758752E-1	-1.793963E+2	6.032249E-1	1.739840E+2	-5.170369E-2	1.100521E-1
2.050000E+0	5.772771E-1	1.770348E+2	6.030710E-1	1.706102E+2	-4.878235E-2	1.071097E-1
2.051172E+0	5.785231E-1	1.734732E+2	6.029559E-1	1.672372E+2	-4.619902E-2	1.042223E-1
2.052344E+0	5.796580E-1	1.699213E+2	6.028150E-1	1.638647E+2	-4.378219E-2	1.014577E-1
2.053516E+0	5.806355E-1	1.663825E+2	6.027637E-1	1.604885E+2	-4.180359E-2	9.891855E-2
2.054687E+0	5.815763E-1	1.628490E+2	6.027152E-1	1.571164E+2	-3.989848E-2	9.638262E-2
2.055859E+0	5.823867E-1	1.593256E+2	6.026738E-1	1.537414E+2	-3.824780E-2	9.403287E-2
2.057031E+0	5.831177E-1	1.558076E+2	6.026557E-1	1.503655E+2	-3.678116E-2	9.176512E-2
2.058203E+0	5.838458E-1	1.522963E+2	6.026685E-1	1.469892E+2	-3.538513E-2	8.960518E-2
2.059375E+0	5.844930E-1	1.487868E+2	6.026977E-1	1.436115E+2	-3.415885E-2	8.747863E-2
2.060547E+0	5.850908E-1	1.452847E+2	6.027597E-1	1.402337E+2	-3.308278E-2	8.546162E-2
2.061719E+0	5.856447E-1	1.417884E+2	6.028135E-1	1.368515E+2	-3.208537E-2	8.360753E-2
2.062891E+0	5.861670E-1	1.382961E+2	6.029094E-1	1.334714E+2	-3.121426E-2	8.177181E-2
2.064062E+0	5.866449E-1	1.348074E+2	6.029945E-1	1.300895E+2	-3.041040E-2	8.001974E-2
2.065234E+0	5.870830E-1	1.313281E+2	6.031013E-1	1.267038E+2	-2.972865E-2	7.848036E-2
2.066406E+0	5.874639E-1	1.278501E+2	6.032255E-1	1.233158E+2	-2.917690E-2	7.699024E-2
2.067578E+0	5.878409E-1	1.243767E+2	6.033348E-1	1.199251E+2	-2.861971E-2	7.562370E-2
2.068750E+0	5.882018E-1	1.209092E+2	6.034565E-1	1.165355E+2	-2.811739E-2	7.433355E-2
2.069922E+0	5.885661E-1	1.174435E+2	6.035684E-1	1.131437E+2	-2.760065E-2	7.311166E-2
2.071094E+0	5.888782E-1	1.139823E+2	6.036817E-1	1.097497E+2	-2.718250E-2	7.199577E-2
2.072266E+0	5.891847E-1	1.105226E+2	6.037922E-1	1.063558E+2	-2.677223E-2	7.090243E-2
2.073438E+0	5.895132E-1	1.070659E+2	6.039096E-1	1.029590E+2	-2.634529E-2	6.991030E-2
2.074609E+0	5.898414E-1	1.036113E+2	6.040190E-1	9.955960E+1	-2.591275E-2	6.899812E-2
2.075781E+0	5.901333E-1	1.001587E+2	6.041134E-1	9.616077E+1	-2.551863E-2	6.810700E-2
2.076953E+0	5.904480E-1	9.670834E+1	6.041763E-1	9.275875E+1	-2.504334E-2	6.731368E-2
2.078125E+0	5.907645E-1	9.325562E+1	6.042449E-1	8.935957E+1	-2.456897E-2	6.643066E-2
2.079297E+0	5.910712E-1	8.980791E+1	6.043265E-1	8.595667E+1	-2.414267E-2	6.569299E-2
2.080469E+0	5.913756E-1	8.635967E+1	6.043556E-1	8.255496E+1	-2.363407E-2	6.493077E-2
2.081641E+0	5.916995E-1	8.291314E+1	6.044242E-1	7.915557E+1	-2.315707E-2	6.415529E-2
2.082813E+0	5.919858E-1	7.946871E+1	6.044556E-1	7.575619E+1	-2.268502E-2	6.341458E-2
2.083984E+0	5.922816E-1	7.602599E+1	6.045044E-1	7.235560E+1	-2.222923E-2	6.272220E-2
2.085156E+0	5.925757E-1	7.258771E+1	6.045166E-1	6.896102E+1	-2.171588E-2	6.200595E-2
2.086328E+0	5.928166E-1	6.914659E+1	6.045459E-1	6.556709E+1	-2.131485E-2	6.122211E-2
2.087500E+0	5.930762E-1	6.570589E+1	6.045374E-1	6.216612E+1	-2.083028E-2	6.057082E-2
2.088672E+0	5.933204E-1	6.226278E+1	6.045419E-1	5.876294E+1	-2.039240E-2	5.991262E-2
2.089844E+0	5.935721E-1	5.882170E+1	6.045405E-1	5.536228E+1	-1.993252E-2	5.924679E-2
2.091016E+0	5.937692E-1	5.538153E+1	6.045418E-1	5.195990E+1	-1.957031E-2	5.861970E-2
2.092188E+0	5.940000E-1	5.194389E+1	6.045242E-1	4.855977E+1	-1.912248E-2	5.800205E-2
2.093359E+0	5.942009E-1	4.850544E+1	6.045375E-1	4.515825E+1	-1.877512E-2	5.738795E-2
2.094531E+0	5.944173E-1	4.506904E+1	6.045619E-1	4.175902E+1	-1.842036E-2	5.676976E-2
2.095703E+0	5.946354E-1	4.163166E+1	6.045676E-1	3.835841E+1	-1.803322E-2	5.615988E-2
2.096875E+0	5.948586E-1	3.819584E+1	6.045719E-1	3.495796E+1	-1.763712E-2	5.557414E-2
2.098047E+0	5.950724E-1	3.475991E+1	6.046136E-1	3.155729E+1	-1.731780E-2	5.498554E-2
2.099219E+0	5.953373E-1	3.132378E+1	6.046519E-1	2.815486E+1	-1.691044E-2	5.442831E-2
2.100391E+0	5.955687E-1	2.788974E+1	6.047289E-1	2.475506E+1	-1.662119E-2	5.385488E-2
2.101562E+0	5.958149E-1	2.445566E+1	6.047565E-1	2.135395E+1	-1.622874E-2	5.330859E-2
2.102734E+0	5.960767E-1	2.102114E+1	6.048104E-1	1.795238E+1	-1.585368E-2	5.276130E-2
2.103906E+0	5.963076E-1	1.758639E+1	6.049213E-1	1.454963E+1	-1.562363E-2	5.222229E-2
2.105078E+0	5.965592E-1	1.415221E+1	6.049786E-1	1.114710E+1	-1.527286E-2	5.169543E-2
2.106250E+0	5.968281E-1	1.071375E+1	6.050835E-1	7.745765E+0	-1.496648E-2	5.107152E-2
2.107422E+0	5.970718E-1	7.279880E+0	6.051985E-1	4.342121E+0	-1.472471E-2	5.056290E-2
2.108594E+0	5.973428E-1	3.842806E+0	6.052807E-1	9.379929E-1	-1.438246E-2	5.001224E-2
2.109766E+0	5.976017E-1	4.045925E-1	6.054078E-1	-2.468693E+0	-1.413491E-2	4.948094E-2
2.110937E+0	5.978545E-1	-3.033007E+0	6.055046E-1	-5.875053E+0	-1.384870E-2	4.895628E-2
2.112109E+0	5.980942E-1	-6.473360E+0	6.056309E-1	-9.283257E+0	-1.363173E-2	4.841225E-2
2.113281E+0	5.983077E-1	-9.912741E+0	6.057589E-1	-1.269320E+1	-1.346338E-2	4.791243E-2
2.114453E+0	5.985693E-1	-1.335133E+1	6.058905E-1	-1.610446E+1	-1.322366E-2	4.745230E-2
2.115625E+0	5.987871E-1	-1.679359E+1	6.060181E-1	-1.951655E+1	-1.304760E-2	4.693988E-2
2.116797E+0	5.990109E-1	-2.023658E+1	6.061196E-1	-2.293234E+1	-1.282188E-2	4.648092E-2
2.117969E+0	5.992001E-1	-2.367855E+1	6.062349E-1	-2.634737E+1	-1.267613E-2	4.602254E-2
2.119141E+0	5.993850E-1	-2.712409E+1	6.063555E-1	-2.976631E+1	-1.254664E-2	4.556915E-2
2.120313E+0	5.995793E-1	-3.056941E+1	6.064453E-1	-3.318534E+1	-1.235200E-2	4.512400E-2
2.121484E+0	5.997337E-1	-3.401497E+1	6.065106E-1	-3.660370E+1	-1.218271E-2	4.466182E-2
2.122656E+0	5.998755E-1	-3.746205E+1	6.065699E-1	-4.002705E+1	-1.202733E-2	4.425883E-2
2.123828E+0	5.999778E-1	-4.090820E+1	6.066282E-1	-4.345023E+1	-1.193615E-2	4.386601E-2
2.125000E+0	6.000753E-1	-4.435645E+1	6.066457E-1	-4.687472E+1	-1.178598E-2	4.346207E-2
2.126172E+0	6.001580E-1	-4.780254E+1	6.066625E-1	-5.029845E+1	-1.166027E-2	4.308116E-2
2.127344E+0	6.002226E-1	-5.125245E+1	6.066552E-1	-5.372552E+1	-1.152490E-2	4.269228E-2
2.128516E+0	6.002610E-1	-5.469917E+1	6.066561E-1	-5.714980E+1	-1.144648E-2	4.230778E-2
2.129688E+0	6.002882E-1	-5.814524E+1	6.065959E-1	-6.057568E+1	-1.128873E-2	4.196550E-2
2.130859E+0	6.002684E-1	-6.159144E+1	6.065633E-1	-6.400510E+1	-1.125595E-2	4.167680E-2
2.132031E+0	6.002092E-1	-6.503921E+1	6.064401E-1	-6.743044E+1	-1.113638E-2	4.129404E-2
2.133203E+0	6.001303E-1	-6.848705E+1	6.063367E-1	-7.085815E+1	-1.108331E-2	4.094821E-2
2.134375E+0	6.000575E-1	-7.193024E+1	6.062011E-1	-7.428441E+1	-1.097003E-2	4.066016E-2
2.135547E+0	5.999292E-1	-7.537213E+1	6.060348E-1	-7.771005E+1	-1.089867E-2	4.038210E-2
2.136719E+0	5.997900E-1	-7.881319E+1	6.058679E-1	-8.113592E+1	-1.084509E-2	4.012162E-2
2.137891E+0	5.996236E-1	-8.225075E+1	6.056529E-1	-8.455931E+1	-1.075857E-2	3.988007E-2
2.139063E+0	5.994467E-1	-8.568906E+1	6.054245E-1	-8.798232E+1	-1.066672E-2	3.961916E-2
2.140234E+0	5.992429E-1	-8.912317E+1	6.051837E-1	-9.140331E+1	-1.060051E-2	3.939489E-2
2.141406E+0	5.990304E-1	-9.255367E+1	6.049011E-1	-9.482034E+1	-1.048006E-2	3.916669E-2
2.142578E+0	5.987883E-1	-9.598077E+1	6.046216E-1	-9.823631E+1	-1.041514E-2	3.897673E-2
2.143750E+0	5.985714E-1	-9.940871E+1	6.043254E-1	-1.016509E+2	-1.027969E-2	3.875110E-2
2.144922E+0	5.983474E-1	-1.028345E+2	6.040286E-1	-1.050622E+2	-1.015417E-2	3.850530E-2
2.146094E+0	5.981133E-1	-1.062548E+2	6.037111E-1	-1.084732E+2	-1.001483E-2	3.834979E-2
2.147266E+0	5.978992E-1	-1.096754E+2	6.033787E-1	-1.118799E+2	-9.814742E-3	3.811696E-2
2.148437E+0	5.976505E-1	-1.130915E+2	6.030723E-1	-1.152854E+2	-9.716711E-3	3.793726E-2
2.149609E+0	5.974209E-1	-1.165072E+2	6.027326E-1	-1.186855E+2	-9.528946E-3	3.767438E-2
2.150781E+0	5.971904E-1	-1.199184E+2	6.024246E-1	-1.220841E+2	-9.396632E-3	3.746126E-2
2.151953E+0	5.969615E-1	-1.233274E+2	6.021033E-1	-1.254803E+2	-9.239567E-3	3.724555E-2
2.153125E+0	5.967242E-1	-1.267340E+2	6.018028E-1	-1.288744E+2	-9.130782E-3	3.703316E-2
2.154297E+0	5.965261E-1	-1.301389E+2	6.015117E-1	-1.322657E+2	-8.971597E-3	3.680354E-2
2.155469E+0	5.963501E-1	-1.335393E+2	6.012318E-1	-1.356537E+2	-8.794817E-3	3.659530E-2
2.156641E+0	5.961904E-1	-1.369388E+2	6.009730E-1	-1.390372E+2	-8.623341E-3	3.632441E-2
2.157813E+0	5.960341E-1	-1.403355E+2	6.007140E-1	-1.424216E+2	-8.448145E-3	3.611768E-2
2.158984E+0	5.958983E-1	-1.437305E+2	6.005066E-1	-1.458027E+2	-8.322946E-3	3.588135E-2
2.160156E+0	5.957613E-1	-1.471247E+2	6.003211E-1	-1.491798E+2	-8.233913E-3	3.558819E-2
2.161328E+0	5.956959E-1	-1.505148E+2	6.001530E-1	-1.525568E+2	-8.056914E-3	3.536745E-2
2.162500E+0	5.956449E-1	-1.539047E+2	6.000195E-1	-1.559344E+2	-7.913587E-3	3.515932E-2
2.163672E+0	5.956524E-1	-1.572938E+2	5.999128E-1	-1.593082E+2	-7.715286E-3	3.490104E-2
2.164844E+0	5.956279E-1	-1.606811E+2	5.998449E-1	-1.626830E+2	-7.636191E-3	3.468706E-2
2.166016E+0	5.956714E-1	-1.640701E+2	5.998217E-1	-1.660569E+2	-7.516223E-3	3.442937E-2
2.167188E+0	5.957154E-1	-1.674595E+2	5.998099E-1	-1.694312E+2	-7.414345E-3	3.417100E-2
2.168359E+0	5.957208E-1	-1.708467E+2	5.997407E-1	-1.728020E+2	-7.281077E-3	3.389110E-2
2.169531E+0	5.958098E-1	-1.742332E+2	5.997316E-1	-1.761758E+2	-7.110212E-3	3.367660E-2
2.170703E+0	5.958663E-1	-1.776222E+2	5.997598E-1	-1.795481E+2	-7.052972E-3	3.338880E-2
2.171875E+0	5.959461E-1	1.789866E+2	5.997975E-1	1.770757E+2	-6.973706E-3	3.313120E-2
2.173047E+0	5.960833E-1	1.755943E+2	5.998760E-1	1.736972E+2	-6.867115E-3	3.289529E-2
2.174219E+0	5.962414E-1	1.722010E+2	5.999768E-1	1.703169E+2	-6.763163E-3	3.267313E-2
2.175391E+0	5.963939E-1	1.688054E+2	6.001036E-1	1.669354E+2	-6.711035E-3	3.243014E-2
2.176563E+0	5.966067E-1	1.654082E+2	6.002686E-1	1.635540E+2	-6.620842E-3	3.215886E-2
2.177734E+0	5.968093E-1	1.620050E+2	6.004350E-1	1.601647E+2	-6.551121E-3	3.191985E-2
2.178906E+0	5.970183E-1	1.586011E+2	6.006121E-1	1.567758E+2	-6.487933E-3	3.166152E-2
2.180078E+0	5.972459E-1	1.551948E+2	6.008124E-1	1.533794E+2	-6.435068E-3	3.149135E-2
2.181250E+0	5.974725E-1	1.517826E+2	6.010168E-1	1.499839E+2	-6.386994E-3	3.120298E-2
2.182422E+0	5.977169E-1	1.483675E+2	6.012208E-1	1.465824E+2	-6.310452E-3	3.096929E-2
2.183594E+0	5.979013E-1	1.449545E+2	6.014373E-1	1.431794E+2	-6.356312E-3	3.079427E-2
2.184766E+0	5.981652E-1	1.415374E+2	6.016446E-1	1.397752E+2	-6.253348E-3	3.057350E-2
2.185938E+0	5.983860E-1	1.381159E+2	6.018798E-1	1.363649E+2	-6.269045E-3	3.037859E-2
2.187109E+0	5.986036E-1	1.346894E+2	6.020868E-1	1.329517E+2	-6.242428E-3	3.014851E-2
2.188281E+0	5.988058E-1	1.312623E+2	6.022543E-1	1.295349E+2	-6.177826E-3	2.997164E-2
2.189453E+0	5.989756E-1	1.278320E+2	6.024580E-1	1.261149E+2	-6.226763E-3	2.979136E-2
2.190625E+0	5.991256E-1	1.244017E+2	6.025757E-1	1.226956E+2	-6.166353E-3	2.960220E-2
2.191797E+0	5.992670E-1	1.209679E+2	6.027382E-1	1.192717E+2	-6.194702E-3	2.942948E-2
2.192969E+0	5.993810E-1	1.175311E+2	6.028409E-1	1.158454E+2	-6.169608E-3	2.924794E-2
2.194141E+0	5.994637E-1	1.140937E+2	6.028907E-1	1.124158E+2	-6.110615E-3	2.911425E-2
2.195312E+0	5.995154E-1	1.106520E+2	6.029699E-1	1.089848E+2	-6.150037E-3	2.892734E-2
2.196484E+0	5.995004E-1	1.072093E+2	6.029508E-1	1.055527E+2	-6.138087E-3	2.874366E-2
2.197656E+0	5.994695E-1	1.037679E+2	6.029199E-1	1.021166E+2	-6.135725E-3	2.865172E-2
2.198828E+0	5.994167E-1	1.003238E+2	6.028410E-1	9.868172E+1	-6.088599E-3	2.849301E-2
2.200000E+0	5.992994E-1	9.688050E+1	6.027074E-1	9.524539E+1	-6.059365E-3	2.837283E-2
