2.401172E+0	5.779122E-1	-1.276188E+2	5.942804E-1	-1.239764E+2	-2.950726E-2	-6.177929E-2
2.402344E+0	5.778589E-1	-1.310746E+2	5.943316E-1	-1.274081E+2	-2.970644E-2	-6.217640E-2
2.403516E+0	5.777746E-1	-1.345376E+2	5.943570E-1	-1.308419E+2	-2.992125E-2	-6.265907E-2
2.404688E+0	5.775394E-1	-1.380052E+2	5.943615E-1	-1.342770E+2	-3.035918E-2	-6.318311E-2
2.405859E+0	5.772197E-1	-1.414642E+2	5.942930E-1	-1.377124E+2	-3.081032E-2	-6.355463E-2
2.407031E+0	5.770081E-1	-1.449180E+2	5.942348E-1	-1.411507E+2	-3.108795E-2	-6.379967E-2
2.408203E+0	5.768636E-1	-1.483788E+2	5.941303E-1	-1.445844E+2	-3.119050E-2	-6.425315E-2
2.409375E+0	5.766850E-1	-1.518600E+2	5.939892E-1	-1.480234E+2	-3.130796E-2	-6.496200E-2
2.410547E+0	5.763675E-1	-1.553471E+2	5.938113E-1	-1.514609E+2	-3.160782E-2	-6.578403E-2
2.411719E+0	5.759447E-1	-1.588360E+2	5.936009E-1	-1.548953E+2	-3.203819E-2	-6.667984E-2
2.412891E+0	5.753818E-1	-1.623298E+2	5.933664E-1	-1.583254E+2	-3.267675E-2	-6.771648E-2
2.414062E+0	5.745906E-1	-1.658068E+2	5.930918E-1	-1.617529E+2	-3.361846E-2	-6.848959E-2
2.415234E+0	5.737751E-1	-1.692631E+2	5.927911E-1	-1.651797E+2	-3.453587E-2	-6.892418E-2
2.416406E+0	5.729665E-1	-1.727170E+2	5.924315E-1	-1.686052E+2	-3.534551E-2	-6.934699E-2
2.417578E+0	5.722497E-1	-1.761577E+2	5.920714E-1	-1.720243E+2	-3.599255E-2	-6.966578E-2
2.418750E+0	5.716410E-1	-1.796154E+2	5.916885E-1	-1.754406E+2	-3.644535E-2	-7.033296E-2
2.419922E+0	5.709338E-1	1.769160E+2	5.913036E-1	-1.788547E+2	-3.707827E-2	-7.120765E-2
2.421094E+0	5.700424E-1	1.734506E+2	5.909061E-1	1.777339E+2	-3.800242E-2	-7.205099E-2
2.422266E+0	5.690085E-1	1.700047E+2	5.904882E-1	1.743263E+2	-3.911595E-2	-7.261354E-2
2.423438E+0	5.681420E-1	1.665669E+2	5.900818E-1	1.709239E+2	-3.996345E-2	-7.314606E-2
2.424609E+0	5.673160E-1	1.631227E+2	5.896693E-1	1.675206E+2	-4.074102E-2	-7.377559E-2
2.425781E+0	5.664105E-1	1.596792E+2	5.892903E-1	1.641243E+2	-4.171718E-2	-7.449466E-2
2.426953E+0	5.654847E-1	1.562431E+2	5.888968E-1	1.607312E+2	-4.270035E-2	-7.514106E-2
2.428125E+0	5.646383E-1	1.528184E+2	5.884984E-1	1.573410E+2	-4.353149E-2	-7.565533E-2
2.429297E+0	5.638490E-1	1.493834E+2	5.881399E-1	1.539537E+2	-4.434959E-2	-7.639125E-2
2.430469E+0	5.630294E-1	1.459438E+2	5.878068E-1	1.505695E+2	-4.527218E-2	-7.724661E-2
2.431641E+0	5.621457E-1	1.425046E+2	5.874741E-1	1.471859E+2	-4.630617E-2	-7.809455E-2
2.432813E+0	5.612842E-1	1.390679E+2	5.871850E-1	1.438083E+2	-4.737987E-2	-7.899592E-2
2.433984E+0	5.604362E-1	1.356291E+2	5.869120E-1	1.404317E+2	-4.846290E-2	-7.994629E-2
2.435156E+0	5.596179E-1	1.321880E+2	5.866502E-1	1.370572E+2	-4.952171E-2	-8.097006E-2
2.436328E+0	5.586829E-1	1.287370E+2	5.864634E-1	1.336844E+2	-5.091876E-2	-8.215595E-2
2.437500E+0	5.576869E-1	1.252906E+2	5.862612E-1	1.303151E+2	-5.239525E-2	-8.331299E-2
2.438672E+0	5.566909E-1	1.218469E+2	5.861291E-1	1.269439E+2	-5.398045E-2	-8.438007E-2
2.439844E+0	5.556473E-1	1.183979E+2	5.860155E-1	1.235764E+2	-5.569164E-2	-8.558152E-2
2.441016E+0	5.544975E-1	1.149504E+2	5.859242E-1	1.202062E+2	-5.761495E-2	-8.668922E-2
2.442188E+0	5.533062E-1	1.115081E+2	5.859077E-1	1.168389E+2	-5.972716E-2	-8.773630E-2
2.443359E+0	5.520536E-1	1.080682E+2	5.858971E-1	1.134690E+2	-6.194647E-2	-8.868538E-2
2.444531E+0	5.507662E-1	1.046334E+2	5.859066E-1	1.101011E+2	-6.425315E-2	-8.956979E-2
2.445703E+0	5.494216E-1	1.011896E+2	5.859898E-1	1.067323E+2	-6.678789E-2	-9.056009E-2
2.446875E+0	5.478945E-1	9.773849E+1	5.860564E-1	1.033621E+2	-6.961593E-2	-9.161204E-2
2.448047E+0	5.460886E-1	9.430097E+1	5.861869E-1	9.999049E+1	-7.299461E-2	-9.235619E-2
2.449219E+0	5.440156E-1	9.091870E+1	5.863568E-1	9.661781E+1	-7.679660E-2	-9.213347E-2
2.450391E+0	5.420924E-1	8.758114E+1	5.865279E-1	9.324171E+1	-8.026713E-2	-9.116234E-2
2.451563E+0	5.404783E-1	8.426093E+1	5.867504E-1	8.986391E+1	-8.326254E-2	-8.993503E-2
2.452734E+0	5.392003E-1	8.095007E+1	5.870013E-1	8.648430E+1	-8.571419E-2	-8.858702E-2
2.453906E+0	5.382012E-1	7.761230E+1	5.872735E-1	8.309893E+1	-8.775817E-2	-8.762406E-2
2.455078E+0	5.368495E-1	7.426460E+1	5.875587E-1	7.971096E+1	-9.042979E-2	-8.672230E-2
2.456250E+0	5.357133E-1	7.097113E+1	5.878616E-1	7.632023E+1	-9.267698E-2	-8.495410E-2
2.457422E+0	5.350893E-1	6.767731E+1	5.881997E-1	7.292713E+1	-9.410917E-2	-8.323680E-2
2.458594E+0	5.347292E-1	6.432272E+1	5.885191E-1	6.952739E+1	-9.514489E-2	-8.242263E-2
2.459766E+0	5.343162E-1	6.092287E+1	5.888405E-1	6.612579E+1	-9.633475E-2	-8.228642E-2
2.460937E+0	5.335291E-1	5.749482E+1	5.891876E-1	6.271800E+1	-9.822661E-2	-8.243567E-2
2.462109E+0	5.325859E-1	5.408747E+1	5.894871E-1	5.930769E+1	-1.002739E-1	-8.220165E-2
2.463281E+0	5.315484E-1	5.068394E+1	5.898002E-1	5.589388E+1	-1.024886E-1	-8.183693E-2
2.464453E+0	5.305163E-1	4.728566E+1	5.901126E-1	5.247535E+1	-1.046767E-1	-8.131836E-2
2.465625E+0	5.294699E-1	4.388117E+1	5.903951E-1	4.905442E+1	-1.068470E-1	-8.086286E-2
2.466797E+0	5.283580E-1	4.047869E+1	5.906654E-1	4.562914E+1	-1.090985E-1	-8.030161E-2
2.467969E+0	5.273686E-1	3.706791E+1	5.908976E-1	4.219965E+1	-1.110901E-1	-7.982947E-2
2.469141E+0	5.261918E-1	3.362621E+1	5.911053E-1	3.876883E+1	-1.134004E-1	-7.979171E-2
2.470313E+0	5.246534E-1	3.020434E+1	5.912925E-1	3.533401E+1	-1.162545E-1	-7.933349E-2
2.471484E+0	5.231551E-1	2.680208E+1	5.914311E-1	3.189792E+1	-1.189382E-1	-7.856819E-2
2.472656E+0	5.216684E-1	2.339904E+1	5.915093E-1	2.846033E+1	-1.215111E-1	-7.780483E-2
2.473828E+0	5.202253E-1	1.998890E+1	5.915567E-1	2.501930E+1	-1.239698E-1	-7.711110E-2
2.475000E+0	5.185203E-1	1.657620E+1	5.915627E-1	2.157553E+1	-1.268082E-1	-7.638410E-2
2.476172E+0	5.167663E-1	1.315606E+1	5.915132E-1	1.813114E+1	-1.296570E-1	-7.576372E-2
2.477344E+0	5.147534E-1	9.747384E+0	5.914412E-1	1.468810E+1	-1.328965E-1	-7.495775E-2
2.478516E+0	5.125230E-1	6.353295E+0	5.913092E-1	1.124390E+1	-1.363959E-1	-7.389434E-2
2.479688E+0	5.102141E-1	2.969277E+0	5.910951E-1	7.804720E+0	-1.399046E-1	-7.276006E-2
2.480859E+0	5.078636E-1	-4.053421E-1	5.908601E-1	4.361847E+0	-1.434407E-1	-7.143334E-2
2.482031E+0	5.053940E-1	-3.758770E+0	5.905834E-1	9.256532E-1	-1.471047E-1	-6.988732E-2
2.483203E+0	5.029971E-1	-7.100884E+0	5.902492E-1	-2.505660E+0	-1.505618E-1	-6.827291E-2
2.484375E+0	5.004275E-1	-1.043879E+1	5.899090E-1	-5.936142E+0	-1.543051E-1	-6.659696E-2
2.485547E+0	4.977309E-1	-1.376721E+1	5.895131E-1	-9.362220E+0	-1.581856E-1	-6.484784E-2
2.486719E+0	4.948264E-1	-1.706950E+1	5.891109E-1	-1.278586E+1	-1.623918E-1	-6.273956E-2
2.487891E+0	4.918839E-1	-2.032625E+1	5.886805E-1	-1.620180E+1	-1.665937E-1	-6.009678E-2
2.489063E+0	4.892277E-1	-2.358728E+1	5.882224E-1	-1.961482E+1	-1.702929E-1	-5.761803E-2
2.490234E+0	4.865103E-1	-2.685654E+1	5.877693E-1	-2.302158E+1	-1.741302E-1	-5.536038E-2
2.491406E+0	4.835662E-1	-3.011535E+1	5.873184E-1	-2.642430E+1	-1.783620E-1	-5.300407E-2
2.492578E+0	4.805096E-1	-3.337795E+1	5.868672E-1	-2.982331E+1	-1.828046E-1	-5.076409E-2
2.493750E+0	4.771048E-1	-3.667265E+1	5.864016E-1	-3.321674E+1	-1.878651E-1	-4.904504E-2
2.494922E+0	4.729417E-1	-3.995415E+1	5.859890E-1	-3.660530E+1	-1.942953E-1	-4.714590E-2
2.496094E+0	4.681570E-1	-4.314654E+1	5.855759E-1	-3.998846E+1	-2.017328E-1	-4.404422E-2
2.497266E+0	4.629104E-1	-4.623526E+1	5.851852E-1	-4.336765E+1	-2.099412E-1	-3.957489E-2
2.498438E+0	4.572915E-1	-4.924500E+1	5.848386E-1	-4.674381E+1	-2.188343E-1	-3.412269E-2
2.499609E+0	4.508037E-1	-5.209164E+1	5.845121E-1	-5.011732E+1	-2.292100E-1	-2.657070E-2
2.500781E+0	4.443114E-1	-5.460945E+1	5.842577E-1	-5.348740E+1	-2.396742E-1	-1.489172E-2
2.501953E+0	4.395811E-1	-5.686892E+1	5.840437E-1	-5.684969E+1	-2.473490E-1	-2.526099E-4
2.503125E+0	4.367468E-1	-5.909559E+1	5.838628E-1	-6.020914E+1	-2.521114E-1	1.453713E-2
2.504297E+0	4.344889E-1	-6.130123E+1	5.837324E-1	-6.356794E+1	-2.562535E-1	2.943913E-2
2.505469E+0	4.327298E-1	-6.331220E+1	5.836381E-1	-6.692464E+1	-2.600380E-1	4.671576E-2
2.506641E+0	4.334025E-1	-6.502573E+1	5.836058E-1	-7.028185E+1	-2.604938E-1	6.803073E-2
2.507812E+0	4.385303E-1	-6.670923E+1	5.836475E-1	-7.363741E+1	-2.541248E-1	9.063306E-2
2.508984E+0	4.472586E-1	-6.885100E+1	5.837224E-1	-7.699493E+1	-2.415091E-1	1.085426E-1
2.510156E+0	4.561648E-1	-7.152790E+1	5.838374E-1	-8.035448E+1	-2.279313E-1	1.198893E-1
2.511328E+0	4.631825E-1	-7.440368E+1	5.839948E-1	-8.371616E+1	-2.173253E-1	1.283430E-1
2.512500E+0	4.699019E-1	-7.716415E+1	5.842007E-1	-8.707886E+1	-2.076627E-1	1.384946E-1
2.513672E+0	4.784966E-1	-7.998843E+1	5.844507E-1	-9.044568E+1	-1.948867E-1	1.485977E-1
2.514844E+0	4.875752E-1	-8.307403E+1	5.847393E-1	-9.381477E+1	-1.807748E-1	1.553976E-1
2.516016E+0	4.961064E-1	-8.628867E+1	5.850455E-1	-9.718681E+1	-1.673143E-1	1.603220E-1
2.517188E+0	5.046055E-1	-8.958997E+1	5.854157E-1	-1.005632E+2	-1.537989E-1	1.640746E-1
2.518359E+0	5.130355E-1	-9.301408E+1	5.858049E-1	-1.039453E+2	-1.401118E-1	1.660743E-1
2.519531E+0	5.210963E-1	-9.656127E+1	5.862130E-1	-1.073310E+2	-1.267376E-1	1.661056E-1
2.520703E+0	5.285479E-1	-1.002156E+2	5.866318E-1	-1.107250E+2	-1.141266E-1	1.643373E-1
2.521875E+0	5.351902E-1	-1.039492E+2	5.870464E-1	-1.141253E+2	-1.026751E-1	1.610678E-1
2.523047E+0	5.409433E-1	-1.077320E+2	5.874990E-1	-1.175314E+2	-9.267801E-2	1.567119E-1
2.524219E+0	5.457816E-1	-1.115344E+2	5.879230E-1	-1.209431E+2	-8.416682E-2	1.517581E-1
2.525391E+0	5.498034E-1	-1.153279E+2	5.883465E-1	-1.243527E+2	-7.707936E-2	1.465858E-1
2.526563E+0	5.531347E-1	-1.190978E+2	5.887800E-1	-1.277662E+2	-7.127224E-2	1.415912E-1
2.527734E+0	5.559857E-1	-1.228440E+2	5.891822E-1	-1.311811E+2	-6.631581E-2	1.368273E-1
2.528906E+0	5.584360E-1	-1.265641E+2	5.895537E-1	-1.345978E+2	-6.207775E-2	1.323790E-1
2.530078E+0	5.606080E-1	-1.302647E+2	5.899276E-1	-1.380234E+2	-5.839994E-2	1.282918E-1
2.531250E+0	5.625053E-1	-1.339483E+2	5.902549E-1	-1.414520E+2	-5.517388E-2	1.244508E-1
2.532422E+0	5.642130E-1	-1.376205E+2	5.905834E-1	-1.448834E+2	-5.231667E-2	1.207774E-1
2.533594E+0	5.657572E-1	-1.412800E+2	5.908738E-1	-1.483176E+2	-4.972134E-2	1.173126E-1
2.534766E+0	5.671005E-1	-1.449293E+2	5.911238E-1	-1.517534E+2	-4.743652E-2	1.139927E-1
2.535938E+0	5.682623E-1	-1.485689E+2	5.913039E-1	-1.551911E+2	-4.537930E-2	1.108282E-1
2.537109E+0	5.692684E-1	-1.521951E+2	5.914588E-1	-1.586273E+2	-4.357679E-2	1.078244E-1
2.538281E+0	5.701228E-1	-1.558117E+2	5.915760E-1	-1.620730E+2	-4.201332E-2	1.051078E-1
2.539453E+0	5.708272E-1	-1.594208E+2	5.916480E-1	-1.655212E+2	-4.065471E-2	1.025312E-1
2.540625E+0	5.714038E-1	-1.630238E+2	5.916679E-1	-1.689737E+2	-3.945169E-2	1.001086E-1
2.541797E+0	5.718753E-1	-1.666162E+2	5.916404E-1	-1.724308E+2	-3.838048E-2	9.792532E-2
2.542969E+0	5.722177E-1	-1.701988E+2	5.915174E-1	-1.758878E+2	-3.739212E-2	9.589439E-2
2.544141E+0	5.725088E-1	-1.737732E+2	5.913717E-1	-1.793437E+2	-3.646872E-2	9.397423E-2
2.545313E+0	5.727295E-1	-1.773371E+2	5.911953E-1	1.772026E+2	-3.563058E-2	9.218386E-2
2.546484E+0	5.728616E-1	1.791076E+2	5.909362E-1	1.737476E+2	-3.482522E-2	9.055608E-2
2.547656E+0	5.729387E-1	1.755611E+2	5.906518E-1	1.702948E+2	-3.408363E-2	8.903237E-2
2.548828E+0	5.729532E-1	1.720236E+2	5.903040E-1	1.668444E+2	-3.335575E-2	8.761770E-2
2.550000E+0	5.728790E-1	1.684951E+2	5.899209E-1	1.633966E+2	-3.273076E-2	8.630096E-2
2.551172E+0	5.727674E-1	1.649779E+2	5.894663E-1	1.599550E+2	-3.206027E-2	8.507359E-2
2.552344E+0	5.726190E-1	1.614710E+2	5.889884E-1	1.565133E+2	-3.142965E-2	8.401843E-2
2.553516E+0	5.724781E-1	1.579704E+2	5.884441E-1	1.530753E+2	-3.068101E-2	8.301645E-2
2.554687E+0	5.722861E-1	1.544827E+2	5.879017E-1	1.496438E+2	-3.003110E-2	8.211379E-2
2.555859E+0	5.721048E-1	1.509989E+2	5.872940E-1	1.462148E+2	-2.925688E-2	8.124430E-2
2.557031E+0	5.719076E-1	1.475241E+2	5.866871E-1	1.427931E+2	-2.851271E-2	8.040000E-2
2.558203E+0	5.717121E-1	1.440537E+2	5.860555E-1	1.393759E+2	-2.772389E-2	7.955639E-2
2.559375E+0	5.715021E-1	1.405887E+2	5.853910E-1	1.359637E+2	-2.690481E-2	7.872074E-2
2.560547E+0	5.713138E-1	1.371296E+2	5.847126E-1	1.325582E+2	-2.602350E-2	7.787499E-2
2.561719E+0	5.711153E-1	1.336765E+2	5.840341E-1	1.291563E+2	-2.516153E-2	7.706728E-2
2.562891E+0	5.709030E-1	1.302292E+2	5.833878E-1	1.257640E+2	-2.437076E-2	7.618747E-2
2.564063E+0	5.707024E-1	1.267866E+2	5.827341E-1	1.223746E+2	-2.354913E-2	7.533952E-2
2.565234E+0	5.705061E-1	1.233487E+2	5.820703E-1	1.189908E+2	-2.270107E-2	7.447674E-2
2.566406E+0	5.702972E-1	1.199197E+2	5.814711E-1	1.156127E+2	-2.198637E-2	7.365738E-2
2.567578E+0	5.701265E-1	1.164939E+2	5.808750E-1	1.122399E+2	-2.120799E-2	7.280552E-2
2.568750E+0	5.699631E-1	1.130719E+2	5.803087E-1	1.088712E+2	-2.046628E-2	7.194449E-2
2.569922E+0	5.698497E-1	1.096569E+2	5.797756E-1	1.055098E+2	-1.969375E-2	7.107928E-2
2.571094E+0	5.697534E-1	1.062455E+2	5.793054E-1	1.021493E+2	-1.900107E-2	7.025348E-2
2.572266E+0	5.696996E-1	1.028355E+2	5.788630E-1	9.879639E+1	-1.827448E-2	6.932237E-2
2.573438E+0	5.696987E-1	9.943260E+1	5.784632E-1	9.544456E+1	-1.753608E-2	6.849449E-2
2.574609E+0	5.697082E-1	9.603014E+1	5.781348E-1	9.209633E+1	-1.689718E-2	6.760407E-2
2.575781E+0	5.697539E-1	9.262751E+1	5.778656E-1	8.875121E+1	-1.629291E-2	6.665364E-2
2.576953E+0	5.698275E-1	8.922849E+1	5.776422E-1	8.540749E+1	-1.572143E-2	6.573807E-2
2.578125E+0	5.699632E-1	8.583035E+1	5.774859E-1	8.206543E+1	-1.515667E-2	6.480760E-2
2.579297E+0	5.701272E-1	8.243269E+1	5.773814E-1	7.872218E+1	-1.463386E-2	6.390228E-2
2.580469E+0	5.703416E-1	7.903339E+1	5.773550E-1	7.537938E+1	-1.415568E-2	6.295711E-2
2.581641E+0	5.705731E-1	7.563686E+1	5.773900E-1	7.203638E+1	-1.375690E-2	6.205745E-2
2.582813E+0	5.708597E-1	7.223679E+1	5.774575E-1	6.868999E+1	-1.331912E-2	6.115698E-2
2.583984E+0	5.711640E-1	6.883797E+1	5.776104E-1	6.534228E+1	-1.300031E-2	6.029296E-2
2.585156E+0	5.715016E-1	6.543699E+1	5.778027E-1	6.199091E+1	-1.269375E-2	5.945368E-2
2.586328E+0	5.718722E-1	6.203220E+1	5.780353E-1	5.863525E+1	-1.240043E-2	5.862147E-2
2.587500E+0	5.722961E-1	5.862780E+1	5.783274E-1	5.527911E+1	-1.211852E-2	5.780322E-2
2.588672E+0	5.726912E-1	5.521943E+1	5.786584E-1	5.191619E+1	-1.195644E-2	5.702629E-2
2.589844E+0	5.731759E-1	5.180904E+1	5.790072E-1	4.854948E+1	-1.167271E-2	5.628673E-2
2.591016E+0	5.736582E-1	4.839520E+1	5.794169E-1	4.517818E+1	-1.149898E-2	5.556035E-2
2.592188E+0	5.741367E-1	4.497527E+1	5.798214E-1	4.180139E+1	-1.132308E-2	5.482351E-2
2.593359E+0	5.746524E-1	4.155633E+1	5.802397E-1	3.842140E+1	-1.111137E-2	5.416095E-2
2.594531E+0	5.751575E-1	3.812943E+1	5.807015E-1	3.503247E+1	-1.099359E-2	5.351004E-2
2.595703E+0	5.756676E-1	3.469786E+1	5.811577E-1	3.164083E+1	-1.085644E-2	5.282613E-2
2.596875E+0	5.762022E-1	3.126315E+1	5.816323E-1	2.824296E+1	-1.071197E-2	5.219596E-2
2.598047E+0	5.767156E-1	2.782553E+1	5.820777E-1	2.483958E+1	-1.055716E-2	5.161121E-2
2.599219E+0	5.771684E-1	2.438224E+1	5.825464E-1	2.143175E+1	-1.054526E-2	5.099782E-2
2.600391E+0	5.776379E-1	2.093794E+1	5.829854E-1	1.801921E+1	-1.045795E-2	5.045235E-2
2.601562E+0	5.780673E-1	1.748805E+1	5.833974E-1	1.460225E+1	-1.039286E-2	4.988545E-2
2.602734E+0	5.784513E-1	1.403755E+1	5.837957E-1	1.117863E+1	-1.038780E-2	4.942026E-2
2.603906E+0	5.788317E-1	1.058283E+1	5.841556E-1	7.751446E+0	-1.032348E-2	4.894667E-2
2.605078E+0	5.791572E-1	7.126941E+0	5.844732E-1	4.320701E+0	-1.028365E-2	4.851325E-2
2.606250E+0	5.794789E-1	3.669214E+0	5.847747E-1	8.886297E-1	-1.022284E-2	4.807198E-2
2.607422E+0	5.797555E-1	2.103790E-1	5.850395E-1	-2.548229E+0	-1.018024E-2	4.769351E-2
2.608594E+0	5.800166E-1	-3.250913E+0	5.852378E-1	-5.988187E+0	-1.005230E-2	4.733021E-2
2.609766E+0	5.802217E-1	-6.711634E+0	5.854068E-1	-9.430145E+0	-9.972688E-3	4.700908E-2
2.610938E+0	5.803988E-1	-1.017508E+1	5.855408E-1	-1.287144E+1	-9.879037E-3	4.662988E-2
2.612109E+0	5.805643E-1	-1.363994E+1	5.856235E-1	-1.631662E+1	-9.720607E-3	4.629645E-2
2.613281E+0	5.806574E-1	-1.710329E+1	5.856803E-1	-1.976152E+1	-9.643001E-3	4.598048E-2
2.614453E+0	5.807271E-1	-2.056808E+1	5.856741E-1	-2.320735E+1	-9.498473E-3	4.565871E-2
2.615625E+0	5.807511E-1	-2.403394E+1	5.856210E-1	-2.665248E+1	-9.351266E-3	4.530632E-2
2.616797E+0	5.807300E-1	-2.749811E+1	5.855305E-1	-3.009745E+1	-9.219020E-3	4.497966E-2
2.617969E+0	5.806563E-1	-3.096170E+1	5.854023E-1	-3.354048E+1	-9.111733E-3	4.462824E-2
2.619141E+0	5.805540E-1	-3.442126E+1	5.852281E-1	-3.698082E+1	-8.976494E-3	4.430122E-2
2.620313E+0	5.804119E-1	-3.788047E+1	5.850092E-1	-4.042268E+1	-8.834959E-3	4.400681E-2
2.621484E+0	5.802462E-1	-4.133767E+1	5.847635E-1	-4.386035E+1	-8.686640E-3	4.367483E-2
2.622656E+0	5.800413E-1	-4.479181E+1	5.844899E-1	-4.729645E+1	-8.559124E-3	4.336769E-2
2.623828E+0	5.797973E-1	-4.824186E+1	5.841822E-1	-5.072804E+1	-8.440270E-3	4.305281E-2
2.625000E+0	5.795652E-1	-5.168885E+1	5.838628E-1	-5.415738E+1	-8.281774E-3	4.275362E-2
2.626172E+0	5.792755E-1	-5.513129E+1	5.835071E-1	-5.758210E+1	-8.160076E-3	4.245155E-2
2.627344E+0	5.789911E-1	-5.857329E+1	5.831251E-1	-6.100396E+1	-7.982738E-3	4.210981E-2
2.628516E+0	5.786777E-1	-6.201013E+1	5.827518E-1	-6.442487E+1	-7.872909E-3	4.183813E-2
2.629688E+0	5.783687E-1	-6.544241E+1	5.823572E-1	-6.784163E+1	-7.719485E-3	4.157534E-2
2.630859E+0	5.780669E-1	-6.887555E+1	5.819613E-1	-7.125307E+1	-7.546910E-3	4.120604E-2
2.632031E+0	5.777190E-1	-7.229934E+1	5.815530E-1	-7.466181E+1	-7.437044E-3	4.094944E-2
2.633203E+0	5.774087E-1	-7.572329E+1	5.811520E-1	-7.806672E+1	-7.272097E-3	4.062579E-2
2.634375E+0	5.770959E-1	-7.914281E+1	5.807613E-1	-8.146814E+1	-7.129618E-3	4.031745E-2
2.635547E+0	5.767727E-1	-8.255716E+1	5.803722E-1	-8.486588E+1	-7.008744E-3	4.003402E-2
2.636719E+0	5.764554E-1	-8.596777E+1	5.800133E-1	-8.825999E+1	-6.929426E-3	3.975077E-2
2.637891E+0	5.761849E-1	-8.937408E+1	5.796569E-1	-9.164808E+1	-6.772530E-3	3.944070E-2
2.639063E+0	5.759101E-1	-9.278082E+1	5.793358E-1	-9.503583E+1	-6.682972E-3	3.911452E-2
2.640234E+0	5.756635E-1	-9.618360E+1	5.790163E-1	-9.842118E+1	-6.548572E-3	3.881713E-2
2.641406E+0	5.754364E-1	-9.958257E+1	5.787288E-1	-1.018035E+2	-6.435920E-3	3.853237E-2
2.642578E+0	5.752497E-1	-1.029800E+2	5.784692E-1	-1.051850E+2	-6.301868E-3	3.826088E-2
2.643750E+0	5.750664E-1	-1.063754E+2	5.782294E-1	-1.085616E+2	-6.194032E-3	3.793846E-2
2.644922E+0	5.749304E-1	-1.097691E+2	5.780597E-1	-1.119390E+2	-6.126628E-3	3.765788E-2
2.646094E+0	5.747972E-1	-1.131632E+2	5.778857E-1	-1.153165E+2	-6.046835E-3	3.737252E-2
2.647266E+0	5.747387E-1	-1.165576E+2	5.777420E-1	-1.186916E+2	-5.888263E-3	3.704315E-2
2.648437E+0	5.746740E-1	-1.199489E+2	5.776261E-1	-1.220668E+2	-5.790357E-3	3.676704E-2
2.649609E+0	5.746294E-1	-1.233411E+2	5.775418E-1	-1.254436E+2	-5.712563E-3	3.650231E-2
2.650781E+0	5.746183E-1	-1.267336E+2	5.775225E-1	-1.288199E+2	-5.688261E-3	3.622169E-2
2.651953E+0	5.746636E-1	-1.301269E+2	5.775127E-1	-1.321956E+2	-5.581920E-3	3.591970E-2
2.653125E+0	5.747004E-1	-1.335193E+2	5.775043E-1	-1.355720E+2	-5.493782E-3	3.564480E-2
2.654297E+0	5.747659E-1	-1.369149E+2	5.775643E-1	-1.389516E+2	-5.473846E-3	3.536744E-2
2.655469E+0	5.748721E-1	-1.403117E+2	5.776482E-1	-1.423319E+2	-5.424418E-3	3.508242E-2
2.656641E+0	5.749853E-1	-1.437103E+2	5.777196E-1	-1.457126E+2	-5.340604E-3	3.477425E-2
2.657813E+0	5.751224E-1	-1.471072E+2	5.778388E-1	-1.490984E+2	-5.301951E-3	3.458266E-2
2.658984E+0	5.752562E-1	-1.505084E+2	5.779735E-1	-1.524813E+2	-5.291418E-3	3.426494E-2
2.660156E+0	5.754069E-1	-1.539099E+2	5.780957E-1	-1.558695E+2	-5.233226E-3	3.403576E-2
2.661328E+0	5.755594E-1	-1.573107E+2	5.782287E-1	-1.592575E+2	-5.190874E-3	3.381471E-2
2.662500E+0	5.757066E-1	-1.607138E+2	5.783792E-1	-1.626460E+2	-5.186792E-3	3.356106E-2
2.663672E+0	5.758848E-1	-1.641228E+2	5.785647E-1	-1.660407E+2	-5.189576E-3	3.331240E-2
2.664844E+0	5.760582E-1	-1.675356E+2	5.787173E-1	-1.694414E+2	-5.145421E-3	3.310354E-2
2.666016E+0	5.762262E-1	-1.709553E+2	5.788518E-1	-1.728476E+2	-5.078740E-3	3.287108E-2
2.667188E+0	5.763655E-1	-1.743767E+2	5.789884E-1	-1.762580E+2	-5.066717E-3	3.268026E-2
2.668359E+0	5.765455E-1	-1.777972E+2	5.791686E-1	-1.796654E+2	-5.058207E-3	3.245281E-2
2.669531E+0	5.766995E-1	1.787824E+2	5.793368E-1	1.769240E+2	-5.075855E-3	3.228188E-2
2.670703E+0	5.768420E-1	1.753607E+2	5.794693E-1	1.735136E+2	-5.051219E-3	3.208625E-2
2.671875E+0	5.769854E-1	1.719353E+2	5.796181E-1	1.701007E+2	-5.052391E-3	3.186893E-2
2.673047E+0	5.771296E-1	1.685088E+2	5.797232E-1	1.666843E+2	-4.978554E-3	3.169571E-2
2.674219E+0	5.772136E-1	1.650795E+2	5.797967E-1	1.632670E+2	-4.953269E-3	3.148790E-2
2.675391E+0	5.773088E-1	1.616520E+2	5.798704E-1	1.598474E+2	-4.911313E-3	3.135189E-2
2.676563E+0	5.773582E-1	1.582183E+2	5.799223E-1	1.564272E+2	-4.907867E-3	3.111731E-2
2.677734E+0	5.773754E-1	1.547890E+2	5.799552E-1	1.530069E+2	-4.929798E-3	3.096016E-2
2.678906E+0	5.774152E-1	1.513589E+2	5.799627E-1	1.495869E+2	-4.868632E-3	3.078648E-2
2.680078E+0	5.774232E-1	1.479400E+2	5.799474E-1	1.461761E+2	-4.824249E-3	3.064703E-2
2.681250E+0	5.774022E-1	1.445205E+2	5.799304E-1	1.427670E+2	-4.825724E-3	3.046617E-2
2.682422E+0	5.773954E-1	1.411024E+2	5.798808E-1	1.393581E+2	-4.747443E-3	3.030861E-2
2.683594E+0	5.773305E-1	1.376852E+2	5.798246E-1	1.359490E+2	-4.758581E-3	3.016744E-2
2.684766E+0	5.772961E-1	1.342670E+2	5.797690E-1	1.325409E+2	-4.717142E-3	2.999309E-2
2.685938E+0	5.772183E-1	1.308484E+2	5.796762E-1	1.291303E+2	-4.687781E-3	2.985488E-2
2.687109E+0	5.771300E-1	1.274289E+2	5.795624E-1	1.257215E+2	-4.639076E-3	2.967029E-2
2.688281E+0	5.770377E-1	1.240143E+2	5.794771E-1	1.223123E+2	-4.648976E-3	2.957610E-2
2.689453E+0	5.769219E-1	1.205985E+2	5.793531E-1	1.189043E+2	-4.631712E-3	2.944099E-2
2.690625E+0	5.768328E-1	1.171827E+2	5.792016E-1	1.154998E+2	-4.519334E-3	2.924781E-2
2.691797E+0	5.767152E-1	1.137708E+2	5.790829E-1	1.120946E+2	-4.514860E-3	2.913144E-2
2.692969E+0	5.766062E-1	1.103595E+2	5.789373E-1	1.086915E+2	-4.448536E-3	2.899078E-2
2.694141E+0	5.764896E-1	1.069496E+2	5.788144E-1	1.052890E+2	-4.434775E-3	2.886249E-2
2.695312E+0	5.763835E-1	1.035382E+2	5.786745E-1	1.018896E+2	-4.371338E-3	2.865563E-2
2.696484E+0	5.762613E-1	1.001293E+2	5.785477E-1	9.848830E+1	-4.360465E-3	2.852377E-2
2.697656E+0	5.761560E-1	9.672305E+1	5.784025E-1	9.509055E+1	-4.288281E-3	2.837800E-2
2.698828E+0	5.760654E-1	9.331915E+1	5.782840E-1	9.169258E+1	-4.237918E-3	2.827629E-2
2.700000E+0	5.759703E-1	8.991264E+1	5.781779E-1	8.829604E+1	-4.214699E-3	2.810353E-2
2.701172E+0	5.758809E-1	8.650919E+1	5.780422E-1	8.490199E+1	-4.130931E-3	2.794238E-2
2.702344E+0	5.757627E-1	8.310563E+1	5.779344E-1	8.150569E+1	-4.146084E-3	2.781567E-2
2.703516E+0	5.757151E-1	7.970578E+1	5.778506E-1	7.811292E+1	-4.080577E-3	2.769434E-2
2.704688E+0	5.756494E-1	7.630443E+1	5.777622E-1	7.472224E+1	-4.036728E-3	2.750995E-2
2.705859E+0	5.755939E-1	7.290376E+1	5.776822E-1	7.132943E+1	-3.991074E-3	2.737447E-2
2.707031E+0	5.755582E-1	6.950351E+1	5.776576E-1	6.793794E+1	-4.006263E-3	2.722166E-2
2.708203E+0	5.755289E-1	6.610501E+1	5.775877E-1	6.454653E+1	-3.933075E-3	2.710031E-2
2.709375E+0	5.754982E-1	6.270519E+1	5.775490E-1	6.115468E+1	-3.915708E-3	2.696212E-2
2.710547E+0	5.754806E-1	5.930663E+1	5.775301E-1	5.776412E+1	-3.909819E-3	2.682310E-2
2.711719E+0	5.755020E-1	5.590432E+1	5.775184E-1	5.437322E+1	-3.847275E-3	2.662626E-2
2.712891E+0	5.755218E-1	5.250497E+1	5.775216E-1	5.097986E+1	-3.815744E-3	2.652289E-2
2.714063E+0	5.755466E-1	4.910330E+1	5.775403E-1	4.758862E+1	-3.800262E-3	2.634183E-2
2.715234E+0	5.755928E-1	4.570159E+1	5.775792E-1	4.419455E+1	-3.783891E-3	2.620933E-2
2.716406E+0	5.756254E-1	4.230074E+1	5.776139E-1	4.080047E+1	-3.784229E-3	2.609153E-2
2.717578E+0	5.756894E-1	3.889859E+1	5.776627E-1	3.740385E+1	-3.755121E-3	2.599607E-2
2.718750E+0	5.757437E-1	3.549309E+1	5.777159E-1	3.400656E+1	-3.749188E-3	2.585337E-2
2.719922E+0	5.758104E-1	3.208559E+1	5.777790E-1	3.060944E+1	-3.737920E-3	2.567306E-2
2.721094E+0	5.758831E-1	2.867963E+1	5.778251E-1	2.720818E+1	-3.689526E-3	2.559252E-2
2.722266E+0	5.759737E-1	2.526964E+1	5.779015E-1	2.380776E+1	-3.660257E-3	2.542675E-2
2.723438E+0	5.760231E-1	2.185859E+1	5.779589E-1	2.040397E+1	-3.670549E-3	2.530016E-2
2.724609E+0	5.760595E-1	1.844728E+1	5.780200E-1	1.700100E+1	-3.709242E-3	2.515406E-2
2.725781E+0	5.761310E-1	1.503290E+1	5.780681E-1	1.359208E+1	-3.666100E-3	2.506014E-2
2.726953E+0	5.761533E-1	1.161653E+1	5.781100E-1	1.018718E+1	-3.694754E-3	2.485985E-2
2.728125E+0	5.761820E-1	8.201947E+0	5.781240E-1	6.777719E+0	-3.667034E-3	2.477142E-2
2.729297E+0	5.762186E-1	4.785502E+0	5.781429E-1	3.367608E+0	-3.633586E-3	2.466203E-2
2.730469E+0	5.762216E-1	1.368751E+0	5.781420E-1	-4.157306E-2	-3.623598E-3	2.453056E-2
2.731641E+0	5.761881E-1	-2.049012E+0	5.781406E-1	-3.452594E+0	-3.676232E-3	2.441195E-2
2.732813E+0	5.761604E-1	-5.465261E+0	5.780962E-1	-6.862428E+0	-3.644885E-3	2.430110E-2
2.733984E+0	5.761107E-1	-8.883357E+0	5.780410E-1	-1.027200E+1	-3.632089E-3	2.415309E-2
2.735156E+0	5.760221E-1	-1.229947E+1	5.779674E-1	-1.368339E+1	-3.656472E-3	2.407032E-2
2.736328E+0	5.759441E-1	-1.571675E+1	5.778773E-1	-1.709646E+1	-3.634298E-3	2.399761E-2
2.737500E+0	5.758072E-1	-1.913500E+1	5.777560E-1	-2.050888E+1	-3.659557E-3	2.389556E-2
2.738672E+0	5.756720E-1	-2.255553E+1	5.776175E-1	-2.392326E+1	-3.652094E-3	2.378873E-2
2.739844E+0	5.755033E-1	-2.597271E+1	5.774512E-1	-2.733437E+1	-3.654705E-3	2.368305E-2
2.741016E+0	5.753021E-1	-2.939001E+1	5.772760E-1	-3.074445E+1	-3.697778E-3	2.355641E-2
2.742187E+0	5.750745E-1	-3.280313E+1	5.770623E-1	-3.415346E+1	-3.721438E-3	2.348435E-2
2.743359E+0	5.748413E-1	-3.621202E+1	5.768546E-1	-3.755993E+1	-3.765880E-3	2.344120E-2
2.744531E+0	5.745629E-1	-3.961848E+1	5.766115E-1	-4.096227E+1	-3.826870E-3	2.336809E-2
2.745703E+0	5.743064E-1	-4.302165E+1	5.763845E-1	-4.436359E+1	-3.878682E-3	2.333469E-2
2.746875E+0	5.740504E-1	-4.642043E+1	5.761053E-1	-4.775950E+1	-3.839002E-3	2.328570E-2
2.748047E+0	5.737987E-1	-4.981123E+1	5.758493E-1	-5.115542E+1	-3.835207E-3	2.337485E-2
2.749219E+0	5.735996E-1	-5.320136E+1	5.756012E-1	-5.454522E+1	-3.751502E-3	2.337108E-2
2.750391E+0	5.733871E-1	-5.659321E+1	5.753574E-1	-5.793363E+1	-3.697188E-3	2.331250E-2
2.751563E+0	5.731938E-1	-5.998273E+1	5.750984E-1	-6.131929E+1	-3.582951E-3	2.324801E-2
2.752734E+0	5.730371E-1	-6.336991E+1	5.748686E-1	-6.470148E+1	-3.455128E-3	2.316415E-2
2.753906E+0	5.728446E-1	-6.675539E+1	5.746467E-1	-6.808098E+1	-3.402798E-3	2.306130E-2
2.755078E+0	5.726802E-1	-7.013951E+1	5.744686E-1	-7.145698E+1	-3.376670E-3	2.292059E-2
2.756250E+0	5.725414E-1	-7.351812E+1	5.742732E-1	-7.483192E+1	-3.277729E-3	2.285898E-2
2.757422E+0	5.724162E-1	-7.689767E+1	5.741373E-1	-7.820477E+1	-3.257145E-3	2.274284E-2
2.758594E+0	5.723098E-1	-8.027338E+1	5.740160E-1	-8.157399E+1	-3.229258E-3	2.263051E-2
2.759766E+0	5.722120E-1	-8.365018E+1	5.739161E-1	-8.494325E+1	-3.223147E-3	2.249941E-2
2.760938E+0	5.721840E-1	-8.702245E+1	5.738531E-1	-8.830905E+1	-3.159963E-3	2.238821E-2
2.762109E+0	5.721664E-1	-9.039436E+1	5.738384E-1	-9.167361E+1	-3.162226E-3	2.226022E-2
2.763281E+0	5.722113E-1	-9.376453E+1	5.738609E-1	-9.503790E+1	-3.120808E-3	2.215879E-2
2.764453E+0	5.722768E-1	-9.713633E+1	5.738957E-1	-9.840213E+1	-3.064234E-3	2.202827E-2
2.765625E+0	5.723813E-1	-1.005069E+2	5.740054E-1	-1.017738E+2	-3.073175E-3	2.204722E-2
2.766797E+0	5.725131E-1	-1.038791E+2	5.741475E-1	-1.051355E+2	-3.086387E-3	2.186414E-2
2.767969E+0	5.726889E-1	-1.072544E+2	5.743109E-1	-1.085033E+2	-3.061138E-3	2.173413E-2
2.769141E+0	5.729205E-1	-1.106283E+2	5.745084E-1	-1.118730E+2	-2.999235E-3	2.166237E-2
2.770313E+0	5.731471E-1	-1.140056E+2	5.747533E-1	-1.152433E+2	-3.027251E-3	2.153990E-2
2.771484E+0	5.734223E-1	-1.173851E+2	5.750293E-1	-1.186195E+2	-3.026062E-3	2.148247E-2
2.772656E+0	5.737273E-1	-1.207664E+2	5.753496E-1	-1.219951E+2	-3.048961E-3	2.138275E-2
2.773828E+0	5.740709E-1	-1.241514E+2	5.756726E-1	-1.253723E+2	-3.008701E-3	2.124783E-2
2.775000E+0	5.744249E-1	-1.275383E+2	5.760450E-1	-1.287541E+2	-3.036950E-3	2.115845E-2
2.776172E+0	5.748053E-1	-1.309285E+2	5.764192E-1	-1.321420E+2	-3.023523E-3	2.111869E-2
2.777344E+0	5.752134E-1	-1.343226E+2	5.768428E-1	-1.355290E+2	-3.045722E-3	2.099463E-2
2.778516E+0	5.756319E-1	-1.377207E+2	5.772538E-1	-1.389243E+2	-3.029697E-3	2.094622E-2
2.779688E+0	5.760581E-1	-1.411224E+2	5.776873E-1	-1.423210E+2	-3.038399E-3	2.085900E-2
2.780859E+0	5.765026E-1	-1.445306E+2	5.781479E-1	-1.457234E+2	-3.061888E-3	2.075754E-2
2.782031E+0	5.769351E-1	-1.479399E+2	5.785859E-1	-1.491290E+2	-3.067899E-3	2.069301E-2
2.783203E+0	5.774010E-1	-1.513554E+2	5.790408E-1	-1.525394E+2	-3.044827E-3	2.060471E-2
2.784375E+0	5.778052E-1	-1.547767E+2	5.794855E-1	-1.559550E+2	-3.110485E-3	2.050414E-2
2.785547E+0	5.782676E-1	-1.581992E+2	5.799019E-1	-1.593748E+2	-3.028131E-3	2.045883E-2
2.786719E+0	5.786799E-1	-1.616281E+2	5.803401E-1	-1.627987E+2	-3.068841E-3	2.037096E-2
2.787891E+0	5.790646E-1	-1.650608E+2	5.807375E-1	-1.662263E+2	-3.086939E-3	2.028182E-2
2.789062E+0	5.794617E-1	-1.684950E+2	5.811297E-1	-1.696582E+2	-3.075752E-3	2.024201E-2
2.790234E+0	5.798026E-1	-1.719356E+2	5.814955E-1	-1.730928E+2	-3.114644E-3	2.013678E-2
2.791406E+0	5.801210E-1	-1.753752E+2	5.818154E-1	-1.765314E+2	-3.115270E-3	2.011936E-2
2.792578E+0	5.804233E-1	-1.788235E+2	5.821483E-1	-1.799735E+2	-3.163987E-3	2.001047E-2
2.793750E+0	5.807016E-1	1.777301E+2	5.824341E-1	1.765800E+2	-3.175443E-3	2.001198E-2
2.794922E+0	5.809457E-1	1.742791E+2	5.826728E-1	1.731312E+2	-3.164191E-3	1.997391E-2
2.796094E+0	5.811321E-1	1.708246E+2	5.828754E-1	1.696821E+2	-3.189071E-3	1.987943E-2
2.797266E+0	5.813015E-1	1.673695E+2	5.830572E-1	1.662281E+2	-3.209020E-3	1.985989E-2
2.798438E+0	5.814123E-1	1.639101E+2	5.831700E-1	1.627722E+2	-3.210655E-3	1.979894E-2
2.799609E+0	5.814978E-1	1.604513E+2	5.832583E-1	1.593155E+2	-3.214273E-3	1.976232E-2
2.800781E+0	5.815242E-1	1.569905E+2	5.832945E-1	1.558563E+2	-3.230332E-3	1.973416E-2
2.801953E+0	5.815213E-1	1.535309E+2	5.832700E-1	1.523990E+2	-3.192643E-3	1.969487E-2
2.803125E+0	5.814570E-1	1.500701E+2	5.832407E-1	1.489401E+2	-3.252139E-3	1.966063E-2
2.804297E+0	5.813526E-1	1.466087E+2	5.831226E-1	1.454788E+2	-3.229234E-3	1.965934E-2
2.805469E+0	5.812141E-1	1.431452E+2	5.829819E-1	1.420206E+2	-3.224380E-3	1.956720E-2
2.806641E+0	5.810174E-1	1.396854E+2	5.827565E-1	1.385614E+2	-3.176108E-3	1.955770E-2
2.807813E+0	5.807921E-1	1.362278E+2	5.825189E-1	1.351048E+2	-3.155873E-3	1.954069E-2
2.808984E+0	5.804948E-1	1.327705E+2	5.822269E-1	1.316490E+2	-3.165949E-3	1.951439E-2
2.810156E+0	5.801556E-1	1.293166E+2	5.818885E-1	1.281960E+2	-3.168747E-3	1.949867E-2
2.811328E+0	5.797961E-1	1.258632E+2	5.815086E-1	1.247453E+2	-3.134700E-3	1.945234E-2
2.812500E+0	5.793843E-1	1.224144E+2	5.811077E-1	1.212979E+2	-3.155010E-3	1.942758E-2
2.813672E+0	5.789473E-1	1.189706E+2	5.806176E-1	1.178546E+2	-3.065906E-3	1.942061E-2
2.814844E+0	5.784687E-1	1.155283E+2	5.801468E-1	1.144163E+2	-3.080330E-3	1.935071E-2
2.816016E+0	5.779694E-1	1.120920E+2	5.795743E-1	1.109832E+2	-2.955831E-3	1.929742E-2
2.817188E+0	5.774319E-1	1.086603E+2	5.790299E-1	1.075520E+2	-2.946351E-3	1.928890E-2
2.818359E+0	5.768867E-1	1.052285E+2	5.784897E-1	1.041241E+2	-2.956259E-3	1.922081E-2
2.819531E+0	5.762945E-1	1.017924E+2	5.778673E-1	1.006866E+2	-2.907462E-3	1.924613E-2
2.820703E+0	5.757077E-1	9.834843E+1	5.772414E-1	9.724663E+1	-2.841348E-3	1.917776E-2
2.821875E+0	5.751102E-1	9.491039E+1	5.766277E-1	9.381179E+1	-2.815016E-3	1.912256E-2
2.823047E+0	5.744890E-1	9.148792E+1	5.759850E-1	9.039056E+1	-2.780218E-3	1.910163E-2
2.824219E+0	5.739136E-1	8.807502E+1	5.753767E-1	8.698421E+1	-2.723617E-3	1.898867E-2
2.825391E+0	5.733527E-1	8.467287E+1	5.747678E-1	8.358299E+1	-2.642505E-3	1.897402E-2
2.826563E+0	5.727732E-1	8.127608E+1	5.741841E-1	8.019235E+1	-2.635663E-3	1.886705E-2
2.827734E+0	5.722185E-1	7.788684E+1	5.736104E-1	7.680424E+1	-2.604631E-3	1.884796E-2
2.828906E+0	5.716794E-1	7.449928E+1	5.730665E-1	7.342155E+1	-2.596960E-3	1.876330E-2
2.830078E+0	5.711867E-1	7.111741E+1	5.725190E-1	7.004255E+1	-2.502636E-3	1.871509E-2
2.831250E+0	5.707573E-1	6.773892E+1	5.720389E-1	6.666840E+1	-2.414559E-3	1.864115E-2
2.832422E+0	5.702934E-1	6.436675E+1	5.715762E-1	6.330208E+1	-2.416573E-3	1.853923E-2
2.833594E+0	5.699027E-1	6.100406E+1	5.711700E-1	5.994181E+1	-2.390254E-3	1.849756E-2
2.834766E+0	5.696098E-1	5.765474E+1	5.708436E-1	5.659506E+1	-2.332019E-3	1.845388E-2
2.835937E+0	5.693471E-1	5.431366E+1	5.705791E-1	5.325835E+1	-2.328462E-3	1.837783E-2
2.837109E+0	5.691175E-1	5.096904E+1	5.703549E-1	4.991921E+1	-2.337023E-3	1.828221E-2
2.838281E+0	5.689411E-1	4.761589E+1	5.701583E-1	4.656982E+1	-2.301151E-3	1.821738E-2
2.839453E+0	5.688199E-1	4.425943E+1	5.700186E-1	4.321745E+1	-2.267927E-3	1.814674E-2
2.840625E+0	5.687495E-1	4.089667E+1	5.699075E-1	3.985942E+1	-2.195438E-3	1.806566E-2
2.841797E+0	5.687031E-1	3.753149E+1	5.698973E-1	3.650079E+1	-2.256926E-3	1.795044E-2
2.842969E+0	5.687048E-1	3.416887E+1	5.699014E-1	3.314243E+1	-2.259790E-3	1.787619E-2
2.844141E+0	5.687795E-1	3.080554E+1	5.699415E-1	2.978356E+1	-2.197555E-3	1.779961E-2
2.845313E+0	5.688746E-1	2.743885E+1	5.700350E-1	2.641990E+1	-2.193474E-3	1.774689E-2
2.846484E+0	5.689995E-1	2.407024E+1	5.701838E-1	2.305675E+1	-2.233166E-3	1.765108E-2
2.847656E+0	5.691946E-1	2.070222E+1	5.703579E-1	1.969158E+1	-2.194842E-3	1.760211E-2
2.848828E+0	5.693995E-1	1.732898E+1	5.705597E-1	1.632131E+1	-2.187778E-3	1.755049E-2
2.850000E+0	5.696381E-1	1.395194E+1	5.707907E-1	1.294938E+1	-2.172081E-3	1.746175E-2
2.851172E+0	5.699088E-1	1.057234E+1	5.710742E-1	9.573698E+0	-2.192297E-3	1.739314E-2
2.852344E+0	5.701885E-1	7.189113E+0	5.713543E-1	6.194477E+0	-2.190783E-3	1.732338E-2
2.853516E+0	5.704638E-1	3.801274E+0	5.716625E-1	2.811414E+0	-2.245786E-3	1.723923E-2
2.854688E+0	5.707737E-1	4.109450E-1	5.719928E-1	-5.736991E-1	-2.278669E-3	1.714781E-2
2.855859E+0	5.710894E-1	-2.983015E+0	5.723155E-1	-3.965517E+0	-2.289056E-3	1.711032E-2
2.857031E+0	5.714189E-1	-6.380762E+0	5.726136E-1	-7.362052E+0	-2.232751E-3	1.709017E-2
2.858203E+0	5.717165E-1	-9.781953E+0	5.729360E-1	-1.075974E+1	-2.273814E-3	1.702845E-2
2.859375E+0	5.720317E-1	-1.318888E+1	5.732446E-1	-1.416216E+1	-2.259820E-3	1.695018E-2
2.860547E+0	5.723326E-1	-1.659567E+1	5.735447E-1	-1.756950E+1	-2.257481E-3	1.695980E-2
2.861719E+0	5.726187E-1	-2.001035E+1	5.738676E-1	-2.097599E+1	-2.317995E-3	1.681612E-2
2.862891E+0	5.728824E-1	-2.342608E+1	5.741230E-1	-2.439185E+1	-2.302611E-3	1.681865E-2
2.864063E+0	5.731289E-1	-2.684502E+1	5.743598E-1	-2.780733E+1	-2.283820E-3	1.675870E-2
2.865234E+0	5.733520E-1	-3.026506E+1	5.745920E-1	-3.122506E+1	-2.298115E-3	1.671822E-2
2.866406E+0	5.735273E-1	-3.368975E+1	5.747967E-1	-3.464563E+1	-2.347288E-3	1.664564E-2
2.867578E+0	5.736879E-1	-3.711271E+1	5.749609E-1	-3.806873E+1	-2.352958E-3	1.664798E-2
2.868750E+0	5.738081E-1	-4.053942E+1	5.750854E-1	-4.149172E+1	-2.358876E-3	1.658309E-2
2.869922E+0	5.739198E-1	-4.396480E+1	5.752009E-1	-4.491546E+1	-2.364562E-3	1.655443E-2
2.871094E+0	5.739841E-1	-4.739301E+1	5.752668E-1	-4.834061E+1	-2.366205E-3	1.650111E-2
2.872266E+0	5.740314E-1	-5.081841E+1	5.753095E-1	-5.176633E+1	-2.358137E-3	1.650682E-2
2.873438E+0	5.740439E-1	-5.424570E+1	5.753287E-1	-5.519178E+1	-2.369177E-3	1.647459E-2
2.874609E+0	5.740275E-1	-5.767114E+1	5.753096E-1	-5.861776E+1	-2.364714E-3	1.648407E-2
2.875781E+0	5.739956E-1	-6.109748E+1	5.752660E-1	-6.203893E+1	-2.343064E-3	1.639438E-2
2.876953E+0	5.739235E-1	-6.452021E+1	5.752072E-1	-6.546213E+1	-2.366543E-3	1.640218E-2
2.878125E+0	5.738037E-1	-6.794342E+1	5.751032E-1	-6.888175E+1	-2.393391E-3	1.633921E-2
2.879297E+0	5.736920E-1	-7.136345E+1	5.749776E-1	-7.229976E+1	-2.369137E-3	1.630443E-2
2.880469E+0	5.735541E-1	-7.478198E+1	5.748481E-1	-7.571788E+1	-2.384135E-3	1.629704E-2
2.881641E+0	5.734344E-1	-7.819791E+1	5.746642E-1	-7.913177E+1	-2.272573E-3	1.626333E-2
2.882812E+0	5.732430E-1	-8.161550E+1	5.745183E-1	-8.254527E+1	-2.351144E-3	1.619082E-2
2.883984E+0	5.730824E-1	-8.502200E+1	5.743316E-1	-8.595370E+1	-2.306973E-3	1.622515E-2
2.885156E+0	5.728940E-1	-8.843264E+1	5.741485E-1	-8.935942E+1	-2.315507E-3	1.613932E-2
2.886328E+0	5.727274E-1	-9.183831E+1	5.739659E-1	-9.276334E+1	-2.287837E-3	1.610928E-2
2.887500E+0	5.725420E-1	-9.524136E+1	5.737784E-1	-9.616406E+1	-2.284229E-3	1.606876E-2
2.888672E+0	5.723870E-1	-9.863983E+1	5.735856E-1	-9.956325E+1	-2.219262E-3	1.608234E-2
2.889844E+0	5.722177E-1	-1.020380E+2	5.734214E-1	-1.029580E+2	-2.227795E-3	1.602263E-2
2.891016E+0	5.720424E-1	-1.054306E+2	5.732558E-1	-1.063476E+2	-2.244482E-3	1.597011E-2
2.892188E+0	5.719321E-1	-1.088208E+2	5.731235E-1	-1.097372E+2	-2.206423E-3	1.596027E-2
2.893359E+0	5.717910E-1	-1.122106E+2	5.729747E-1	-1.131243E+2	-2.192774E-3	1.591345E-2
2.894531E+0	5.716997E-1	-1.155975E+2	5.728769E-1	-1.165081E+2	-2.180923E-3	1.585964E-2
2.895703E+0	5.716086E-1	-1.189836E+2	5.727763E-1	-1.198911E+2	-2.163843E-3	1.580591E-2
2.896875E+0	5.715502E-1	-1.223672E+2	5.727149E-1	-1.232737E+2	-2.158548E-3	1.578858E-2
2.898047E+0	5.715204E-1	-1.257519E+2	5.726699E-1	-1.266559E+2	-2.131481E-3	1.574545E-2
2.899219E+0	5.715280E-1	-1.291342E+2	5.726735E-1	-1.300374E+2	-2.124265E-3	1.573163E-2
2.900391E+0	5.715505E-1	-1.325182E+2	5.726823E-1	-1.334155E+2	-2.098700E-3	1.562925E-2
2.901563E+0	5.716073E-1	-1.359014E+2	5.727297E-1	-1.367969E+2	-2.081635E-3	1.559816E-2
2.902734E+0	5.716991E-1	-1.392828E+2	5.728243E-1	-1.401781E+2	-2.086145E-3	1.559460E-2
2.903906E+0	5.718113E-1	-1.426671E+2	5.729527E-1	-1.435554E+2	-2.112078E-3	1.547225E-2
2.905078E+0	5.719522E-1	-1.460528E+2	5.730849E-1	-1.469386E+2	-2.095765E-3	1.542895E-2
2.906250E+0	5.721307E-1	-1.494381E+2	5.732552E-1	-1.503230E+2	-2.080633E-3	1.541351E-2
2.907422E+0	5.723378E-1	-1.528260E+2	5.734730E-1	-1.537075E+2	-2.097631E-3	1.535402E-2
2.908594E+0	5.725727E-1	-1.562168E+2	5.736997E-1	-1.570938E+2	-2.081355E-3	1.527587E-2
2.909766E+0	5.728339E-1	-1.596087E+2	5.739360E-1	-1.604840E+2	-2.036714E-3	1.524694E-2
2.910938E+0	5.731098E-1	-1.630049E+2	5.742174E-1	-1.638781E+2	-2.044792E-3	1.521023E-2
2.912109E+0	5.734060E-1	-1.664062E+2	5.745147E-1	-1.672737E+2	-2.044200E-3	1.511094E-2
2.913281E+0	5.737077E-1	-1.698047E+2	5.748173E-1	-1.706740E+2	-2.045225E-3	1.514228E-2
2.914453E+0	5.740209E-1	-1.732111E+2	5.751521E-1	-1.740759E+2	-2.080466E-3	1.506335E-2
2.915625E+0	5.743336E-1	-1.766207E+2	5.755041E-1	-1.774825E+2	-2.146756E-3	1.501009E-2
2.916797E+0	5.746780E-1	1.799678E+2	5.758461E-1	1.791080E+2	-2.140858E-3	1.497534E-2
2.917969E+0	5.750064E-1	1.765503E+2	5.761814E-1	1.756929E+2	-2.151025E-3	1.493338E-2
2.919141E+0	5.753300E-1	1.731286E+2	5.765188E-1	1.722748E+2	-2.172830E-3	1.487034E-2
2.920313E+0	5.756435E-1	1.697038E+2	5.768083E-1	1.688510E+2	-2.129932E-3	1.485356E-2
2.921484E+0	5.759524E-1	1.662771E+2	5.771427E-1	1.654246E+2	-2.172863E-3	1.484770E-2
2.922656E+0	5.762340E-1	1.628435E+2	5.774288E-1	1.619933E+2	-2.179038E-3	1.480754E-2
2.923828E+0	5.764973E-1	1.594082E+2	5.776979E-1	1.585601E+2	-2.187571E-3	1.477084E-2
2.925000E+0	5.767295E-1	1.559684E+2	5.779537E-1	1.551210E+2	-2.227300E-3	1.475805E-2
2.926172E+0	5.769290E-1	1.525255E+2	5.781337E-1	1.516813E+2	-2.192092E-3	1.470284E-2
2.927344E+0	5.771167E-1	1.490810E+2	5.783348E-1	1.482362E+2	-2.214689E-3	1.471295E-2
2.928516E+0	5.772306E-1	1.456343E+2	5.784587E-1	1.447906E+2	-2.231241E-3	1.469355E-2
2.929687E+0	5.773262E-1	1.421830E+2	5.785767E-1	1.413422E+2	-2.268778E-3	1.464249E-2
2.930859E+0	5.773804E-1	1.387333E+2	5.786325E-1	1.378907E+2	-2.271794E-3	1.467379E-2
2.932031E+0	5.773934E-1	1.352800E+2	5.786288E-1	1.344404E+2	-2.242183E-3	1.462197E-2
2.933203E+0	5.773589E-1	1.318269E+2	5.786162E-1	1.309875E+2	-2.280023E-3	1.461794E-2
2.934375E+0	5.772641E-1	1.283729E+2	5.785339E-1	1.275360E+2	-2.301300E-3	1.457408E-2
2.935547E+0	5.771412E-1	1.249200E+2	5.784227E-1	1.240825E+2	-2.322099E-3	1.458423E-2
2.936719E+0	5.769690E-1	1.214671E+2	5.782276E-1	1.206304E+2	-2.283044E-3	1.457087E-2
2.937891E+0	5.767503E-1	1.180160E+2	5.780230E-1	1.171780E+2	-2.308536E-3	1.459314E-2
2.939063E+0	5.764850E-1	1.145644E+2	5.777615E-1	1.137276E+2	-2.315803E-3	1.457213E-2
2.940234E+0	5.761757E-1	1.111153E+2	5.774378E-1	1.102781E+2	-2.292208E-3	1.457944E-2
2.941406E+0	5.758334E-1	1.076674E+2	5.770955E-1	1.068342E+2	-2.292489E-3	1.450977E-2
2.942578E+0	5.754613E-1	1.042237E+2	5.767013E-1	1.033905E+2	-2.255667E-3	1.451030E-2
2.943750E+0	5.750301E-1	1.007842E+2	5.762748E-1	9.994963E+1	-2.265760E-3	1.453402E-2
2.944922E+0	5.745852E-1	9.734493E+1	5.758269E-1	9.651270E+1	-2.261638E-3	1.449332E-2
2.946094E+0	5.741125E-1	9.391058E+1	5.753506E-1	9.308053E+1	-2.256616E-3	1.445542E-2
2.947266E+0	5.736049E-1	9.048136E+1	5.748153E-1	8.965029E+1	-2.210693E-3	1.447386E-2
2.948438E+0	5.730572E-1	8.705518E+1	5.742725E-1	8.622525E+1	-2.220927E-3	1.445385E-2
2.949609E+0	5.725220E-1	8.363583E+1	5.737090E-1	8.280440E+1	-2.174061E-3	1.448066E-2
2.950781E+0	5.719591E-1	8.021928E+1	5.731537E-1	7.938706E+1	-2.189523E-3	1.449420E-2
2.951953E+0	5.713981E-1	7.680787E+1	5.725611E-1	7.597917E+1	-2.135607E-3	1.443366E-2
2.953125E+0	5.708368E-1	7.340054E+1	5.719855E-1	7.257252E+1	-2.112482E-3	1.442215E-2
2.954297E+0	5.702766E-1	6.999974E+1	5.713943E-1	6.917161E+1	-2.060339E-3	1.442482E-2
2.955469E+0	5.697076E-1	6.660117E+1	5.708376E-1	6.577495E+1	-2.083312E-3	1.439121E-2
2.956641E+0	5.691636E-1	6.320895E+1	5.702698E-1	6.238344E+1	-2.043374E-3	1.437942E-2
2.957813E+0	5.686190E-1	5.982076E+1	5.696952E-1	5.899462E+1	-1.992834E-3	1.439113E-2
2.958984E+0	5.680804E-1	5.643450E+1	5.691611E-1	5.561386E+1	-2.001135E-3	1.429519E-2
2.960156E+0	5.675935E-1	5.305555E+1	5.686641E-1	5.223409E+1	-1.985240E-3	1.430970E-2
2.961328E+0	5.671294E-1	4.968060E+1	5.681544E-1	4.886243E+1	-1.905857E-3	1.425351E-2
2.962500E+0	5.667010E-1	4.630950E+1	5.677075E-1	4.549288E+1	-1.874308E-3	1.422696E-2
2.963672E+0	5.662823E-1	4.294072E+1	5.672639E-1	4.212454E+1	-1.831695E-3	1.421990E-2
2.964844E+0	5.659325E-1	3.957453E+1	5.668734E-1	3.876310E+1	-1.759921E-3	1.413815E-2
2.966016E+0	5.655876E-1	3.621190E+1	5.665391E-1	3.540352E+1	-1.778857E-3	1.408473E-2
2.967188E+0	5.652787E-1	3.285056E+1	5.662417E-1	3.204430E+1	-1.799526E-3	1.404750E-2
2.968359E+0	5.650514E-1	2.949219E+1	5.659747E-1	2.868716E+1	-1.729890E-3	1.402704E-2
2.969531E+0	5.648360E-1	2.613476E+1	5.657786E-1	2.533390E+1	-1.763546E-3	1.395390E-2
2.970703E+0	5.646951E-1	2.277855E+1	5.656182E-1	2.197861E+1	-1.729322E-3	1.393835E-2
2.971875E+0	5.645917E-1	1.942074E+1	5.654969E-1	1.862634E+1	-1.696678E-3	1.384226E-2
2.973047E+0	5.645412E-1	1.606499E+1	5.654356E-1	1.527303E+1	-1.677165E-3	1.380001E-2
2.974219E+0	5.645344E-1	1.271012E+1	5.654256E-1	1.191758E+1	-1.671674E-3	1.381019E-2
2.975391E+0	5.645681E-1	9.351558E+0	5.654544E-1	8.563745E+0	-1.661793E-3	1.372795E-2
2.976562E+0	5.646559E-1	5.992422E+0	5.655324E-1	5.206923E+0	-1.643696E-3	1.368787E-2
2.977734E+0	5.647960E-1	2.629655E+0	5.656647E-1	1.847774E+0	-1.628683E-3	1.362502E-2
2.978906E+0	5.649465E-1	-7.338223E-1	5.658205E-1	-1.513914E+0	-1.637201E-3	1.359372E-2
2.980078E+0	5.651529E-1	-4.101406E+0	5.660397E-1	-4.879164E+0	-1.658661E-3	1.355275E-2
2.981250E+0	5.653914E-1	-7.471337E+0	5.662581E-1	-8.245980E+0	-1.621829E-3	1.349897E-2
2.982422E+0	5.656667E-1	-1.084804E+1	5.665559E-1	-1.161760E+1	-1.659541E-3	1.340987E-2
2.983594E+0	5.659657E-1	-1.422524E+1	5.668517E-1	-1.499296E+1	-1.652647E-3	1.337790E-2
2.984766E+0	5.662686E-1	-1.760871E+1	5.671676E-1	-1.837310E+1	-1.673920E-3	1.331958E-2
2.985938E+0	5.666041E-1	-2.099494E+1	5.675115E-1	-2.175737E+1	-1.687304E-3	1.328525E-2
2.987109E+0	5.669327E-1	-2.438721E+1	5.678572E-1	-2.514934E+1	-1.716372E-3	1.327963E-2
2.988281E+0	5.672951E-1	-2.778367E+1	5.682073E-1	-2.854123E+1	-1.692668E-3	1.320031E-2
2.989453E+0	5.676398E-1	-3.118357E+1	5.685583E-1	-3.194296E+1	-1.703179E-3	1.323206E-2
2.990625E+0	5.679811E-1	-3.458791E+1	5.689172E-1	-3.534525E+1	-1.732620E-3	1.319594E-2
2.991797E+0	5.682912E-1	-3.799849E+1	5.692390E-1	-3.875166E+1	-1.751284E-3	1.312303E-2
2.992969E+0	5.686024E-1	-4.140976E+1	5.695375E-1	-4.216016E+1	-1.727482E-3	1.307507E-2
2.994141E+0	5.688670E-1	-4.482060E+1	5.698391E-1	-4.557081E+1	-1.791494E-3	1.307092E-2
2.995313E+0	5.691161E-1	-4.822541E+1	5.700837E-1	-4.897453E+1	-1.782621E-3	1.305205E-2
2.996484E+0	5.693536E-1	-5.159764E+1	5.703315E-1	-5.234470E+1	-1.799473E-3	1.301593E-2
2.997656E+0	5.695694E-1	-5.496362E+1	5.705720E-1	-5.570996E+1	-1.841873E-3	1.300283E-2
2.998828E+0	5.697603E-1	-5.841736E+1	5.707464E-1	-5.916123E+1	-1.811870E-3	1.296019E-2
3.000000E+0	5.698715E-1	-6.189195E+1	5.708871E-1	-6.263470E+1	-1.862860E-3	1.294001E-2
