2.801172E+0	5.695991E-1	1.538561E+2	5.833018E-1	1.570139E+2	-2.497434E-2	-5.379205E-2
2.802344E+0	5.693551E-1	1.503974E+2	5.833195E-1	1.535552E+2	-2.542158E-2	-5.376737E-2
2.803516E+0	5.690506E-1	1.469581E+2	5.832800E-1	1.500974E+2	-2.585954E-2	-5.342772E-2
2.804687E+0	5.689378E-1	1.435273E+2	5.831916E-1	1.466378E+2	-2.587827E-2	-5.293559E-2
2.805859E+0	5.689517E-1	1.400806E+2	5.830391E-1	1.431780E+2	-2.558759E-2	-5.272794E-2
2.807031E+0	5.689500E-1	1.366124E+2	5.828620E-1	1.397193E+2	-2.530320E-2	-5.290542E-2
2.808203E+0	5.687498E-1	1.331334E+2	5.826263E-1	1.362627E+2	-2.527275E-2	-5.328927E-2
2.809375E+0	5.684054E-1	1.296532E+2	5.823432E-1	1.328059E+2	-2.541127E-2	-5.368093E-2
2.810547E+0	5.679284E-1	1.261813E+2	5.820185E-1	1.293518E+2	-2.570260E-2	-5.396849E-2
2.811719E+0	5.674502E-1	1.227163E+2	5.816630E-1	1.258994E+2	-2.593988E-2	-5.417021E-2
2.812891E+0	5.669295E-1	1.192484E+2	5.812474E-1	1.224522E+2	-2.615750E-2	-5.451104E-2
2.814063E+0	5.663179E-1	1.157886E+2	5.807885E-1	1.190078E+2	-2.645412E-2	-5.475693E-2
2.815234E+0	5.657229E-1	1.123298E+2	5.803170E-1	1.155654E+2	-2.670252E-2	-5.502243E-2
2.816406E+0	5.650054E-1	1.088739E+2	5.797949E-1	1.121304E+2	-2.708174E-2	-5.535703E-2
2.817578E+0	5.642943E-1	1.054272E+2	5.792442E-1	1.086989E+2	-2.739713E-2	-5.559795E-2
2.818750E+0	5.635336E-1	1.019792E+2	5.786830E-1	1.052712E+2	-2.778606E-2	-5.592131E-2
2.819922E+0	5.627617E-1	9.852917E+1	5.780956E-1	1.018405E+2	-2.815015E-2	-5.622933E-2
2.821094E+0	5.619325E-1	9.507455E+1	5.774601E-1	9.839806E+1	-2.852614E-2	-5.641479E-2
2.822266E+0	5.611218E-1	9.162304E+1	5.768510E-1	9.496118E+1	-2.891781E-2	-5.664084E-2
2.823438E+0	5.603800E-1	8.818272E+1	5.762041E-1	9.153538E+1	-2.912717E-2	-5.687551E-2
2.824609E+0	5.596451E-1	8.474830E+1	5.755845E-1	8.812196E+1	-2.937757E-2	-5.721782E-2
2.825781E+0	5.589202E-1	8.131691E+1	5.749876E-1	8.472086E+1	-2.965887E-2	-5.771602E-2
2.826953E+0	5.581110E-1	7.788387E+1	5.743973E-1	8.132674E+1	-3.010737E-2	-5.835053E-2
2.828125E+0	5.571505E-1	7.445764E+1	5.738229E-1	7.793824E+1	-3.084595E-2	-5.894663E-2
2.829297E+0	5.561437E-1	7.104903E+1	5.732470E-1	7.455315E+1	-3.164964E-2	-5.929674E-2
2.830469E+0	5.552235E-1	6.765327E+1	5.727271E-1	7.117376E+1	-3.239127E-2	-5.952882E-2
2.831641E+0	5.543530E-1	6.426192E+1	5.722193E-1	6.779687E+1	-3.306604E-2	-5.973227E-2
2.832813E+0	5.534618E-1	6.087598E+1	5.717550E-1	6.442715E+1	-3.385351E-2	-5.995818E-2
2.833984E+0	5.525487E-1	5.751043E+1	5.713300E-1	6.106548E+1	-3.473401E-2	-5.996915E-2
2.835156E+0	5.518264E-1	5.417145E+1	5.709733E-1	5.771405E+1	-3.538058E-2	-5.971857E-2
2.836328E+0	5.513428E-1	5.084706E+1	5.706881E-1	5.437525E+1	-3.572931E-2	-5.945354E-2
2.837500E+0	5.509964E-1	4.750746E+1	5.704505E-1	5.103566E+1	-3.593378E-2	-5.944110E-2
2.838672E+0	5.507028E-1	4.414477E+1	5.702353E-1	4.769297E+1	-3.610465E-2	-5.976832E-2
2.839844E+0	5.503581E-1	4.076562E+1	5.700760E-1	4.434230E+1	-3.646862E-2	-6.022655E-2
2.841016E+0	5.499285E-1	3.737901E+1	5.699681E-1	4.098413E+1	-3.706847E-2	-6.066891E-2
2.842188E+0	5.494639E-1	3.399992E+1	5.698833E-1	3.762763E+1	-3.776280E-2	-6.100606E-2
2.843359E+0	5.489857E-1	3.063991E+1	5.698960E-1	3.426681E+1	-3.862080E-2	-6.093801E-2
2.844531E+0	5.487498E-1	2.729440E+1	5.699382E-1	3.090796E+1	-3.909091E-2	-6.068359E-2
2.845703E+0	5.487049E-1	2.393806E+1	5.700074E-1	2.754634E+1	-3.928059E-2	-6.058273E-2
2.846875E+0	5.487989E-1	2.056872E+1	5.701101E-1	2.418302E+1	-3.929547E-2	-6.068313E-2
2.848047E+0	5.489365E-1	1.718350E+1	5.703084E-1	2.081761E+1	-3.940976E-2	-6.100937E-2
2.849219E+0	5.490563E-1	1.378393E+1	5.705071E-1	1.745234E+1	-3.957145E-2	-6.157640E-2
2.850391E+0	5.491257E-1	1.037706E+1	5.707325E-1	1.407874E+1	-3.986531E-2	-6.211740E-2
2.851562E+0	5.491860E-1	6.974103E+0	5.709776E-1	1.070553E+1	-4.020444E-2	-6.259587E-2
2.852734E+0	5.492298E-1	3.558038E+0	5.712567E-1	7.326183E+0	-4.063715E-2	-6.318510E-2
2.853906E+0	5.493312E-1	1.432374E-1	5.715645E-1	3.945175E+0	-4.101419E-2	-6.372834E-2
2.855078E+0	5.494592E-1	-3.282108E+0	5.718796E-1	5.606003E-1	-4.136482E-2	-6.439023E-2
2.856250E+0	5.495539E-1	-6.715905E+0	5.722138E-1	-2.828906E+0	-4.180963E-2	-6.510444E-2
2.857422E+0	5.496135E-1	-1.015712E+1	5.725192E-1	-6.222723E+0	-4.227106E-2	-6.586907E-2
2.858594E+0	5.496622E-1	-1.360294E+1	5.728570E-1	-9.621378E+0	-4.280552E-2	-6.662403E-2
2.859766E+0	5.497286E-1	-1.705704E+1	5.731645E-1	-1.302238E+1	-4.326561E-2	-6.748300E-2
2.860938E+0	5.497470E-1	-2.052585E+1	5.734655E-1	-1.642632E+1	-4.381275E-2	-6.853247E-2
2.862109E+0	5.496475E-1	-2.400133E+1	5.737686E-1	-1.983476E+1	-4.457162E-2	-6.960183E-2
2.863281E+0	5.494442E-1	-2.748281E+1	5.740454E-1	-2.324691E+1	-4.547039E-2	-7.069761E-2
2.864453E+0	5.492074E-1	-3.096080E+1	5.742900E-1	-2.666364E+1	-4.636422E-2	-7.165670E-2
2.865625E+0	5.489547E-1	-3.444780E+1	5.745225E-1	-3.008026E+1	-4.727741E-2	-7.276509E-2
2.866797E+0	5.486481E-1	-3.794414E+1	5.747439E-1	-3.349894E+1	-4.827572E-2	-7.398649E-2
2.867969E+0	5.482377E-1	-4.145908E+1	5.749140E-1	-3.692264E+1	-4.938791E-2	-7.542316E-2
2.869141E+0	5.475988E-1	-4.498513E+1	5.750452E-1	-4.034620E+1	-5.084861E-2	-7.701603E-2
2.870313E+0	5.466982E-1	-4.850575E+1	5.751785E-1	-4.376936E+1	-5.276135E-2	-7.848291E-2
2.871484E+0	5.456955E-1	-5.201010E+1	5.752524E-1	-4.719412E+1	-5.472987E-2	-7.964206E-2
2.872656E+0	5.446857E-1	-5.551592E+1	5.753070E-1	-5.062053E+1	-5.667969E-2	-8.079462E-2
2.873828E+0	5.434960E-1	-5.903108E+1	5.753360E-1	-5.404433E+1	-5.891727E-2	-8.211478E-2
2.875000E+0	5.419576E-1	-6.253164E+1	5.753422E-1	-5.746917E+1	-6.170021E-2	-8.312156E-2
2.876172E+0	5.402866E-1	-6.599821E+1	5.752730E-1	-6.089159E+1	-6.454485E-2	-8.359609E-2
2.877344E+0	5.386465E-1	-6.944980E+1	5.752286E-1	-6.431452E+1	-6.735436E-2	-8.381529E-2
2.878516E+0	5.369430E-1	-7.289705E+1	5.751186E-1	-6.773714E+1	-7.016209E-2	-8.396592E-2
2.879688E+0	5.350795E-1	-7.633753E+1	5.750329E-1	-7.115581E+1	-7.328299E-2	-8.403975E-2
2.880859E+0	5.330553E-1	-7.972701E+1	5.749153E-1	-7.457284E+1	-7.655975E-2	-8.329494E-2
2.882031E+0	5.312026E-1	-8.310062E+1	5.747463E-1	-7.798875E+1	-7.943764E-2	-8.235024E-2
2.883203E+0	5.293795E-1	-8.643445E+1	5.745770E-1	-8.140184E+1	-8.221404E-2	-8.082225E-2
2.884375E+0	5.279481E-1	-8.973479E+1	5.743881E-1	-8.481199E+1	-8.424179E-2	-7.887528E-2
2.885547E+0	5.270293E-1	-9.306586E+1	5.742131E-1	-8.821968E+1	-8.545239E-2	-7.753908E-2
2.886719E+0	5.260448E-1	-9.644595E+1	5.740378E-1	-9.162441E+1	-8.684881E-2	-7.702517E-2
2.887891E+0	5.247287E-1	-9.982377E+1	5.738433E-1	-9.502647E+1	-8.879223E-2	-7.647301E-2
2.889063E+0	5.234026E-1	-1.031664E+2	5.736403E-1	-9.842368E+1	-9.070113E-2	-7.544058E-2
2.890234E+0	5.224080E-1	-1.065024E+2	5.734716E-1	-1.018199E+2	-9.208339E-2	-7.436516E-2
2.891406E+0	5.213785E-1	-1.098666E+2	5.733331E-1	-1.052130E+2	-9.361638E-2	-7.377937E-2
2.892578E+0	5.201359E-1	-1.132268E+2	5.731701E-1	-1.086018E+2	-9.548277E-2	-7.317297E-2
2.893750E+0	5.188049E-1	-1.165509E+2	5.730460E-1	-1.119885E+2	-9.752278E-2	-7.201555E-2
2.894922E+0	5.178322E-1	-1.198550E+2	5.729188E-1	-1.153756E+2	-9.891163E-2	-7.059122E-2
2.896094E+0	5.171975E-1	-1.231783E+2	5.728090E-1	-1.187574E+2	-9.977203E-2	-6.959910E-2
2.897266E+0	5.165490E-1	-1.265378E+2	5.727427E-1	-1.221427E+2	-1.007655E-1	-6.911496E-2
2.898437E+0	5.156848E-1	-1.299107E+2	5.726925E-1	-1.255234E+2	-1.021819E-1	-6.888316E-2
2.899609E+0	5.146104E-1	-1.332840E+2	5.726776E-1	-1.289038E+2	-1.040206E-1	-6.863040E-2
2.900781E+0	5.134199E-1	-1.366343E+2	5.726830E-1	-1.322846E+2	-1.060655E-1	-6.799513E-2
2.901953E+0	5.123824E-1	-1.399633E+2	5.727325E-1	-1.356651E+2	-1.078884E-1	-6.705002E-2
2.903125E+0	5.113970E-1	-1.433033E+2	5.727934E-1	-1.390441E+2	-1.096534E-1	-6.630794E-2
2.904297E+0	5.103475E-1	-1.466364E+2	5.729182E-1	-1.424247E+2	-1.116196E-1	-6.542097E-2
2.905469E+0	5.094382E-1	-1.499685E+2	5.730537E-1	-1.458068E+2	-1.133555E-1	-6.451525E-2
2.906641E+0	5.084063E-1	-1.532953E+2	5.732135E-1	-1.491887E+2	-1.153366E-1	-6.351589E-2
2.907813E+0	5.076147E-1	-1.566012E+2	5.733879E-1	-1.525739E+2	-1.168958E-1	-6.217551E-2
2.908984E+0	5.070496E-1	-1.599375E+2	5.736222E-1	-1.559605E+2	-1.181851E-1	-6.130680E-2
2.910156E+0	5.063210E-1	-1.632884E+2	5.738670E-1	-1.593493E+2	-1.197875E-1	-6.061036E-2
2.911328E+0	5.056885E-1	-1.666430E+2	5.741531E-1	-1.627415E+2	-1.212857E-1	-5.992785E-2
2.912500E+0	5.048459E-1	-1.700356E+2	5.744323E-1	-1.661367E+2	-1.231735E-1	-5.975912E-2
2.913672E+0	5.036739E-1	-1.734040E+2	5.747525E-1	-1.695338E+2	-1.256666E-1	-5.914922E-2
2.914844E+0	5.025794E-1	-1.767503E+2	5.750585E-1	-1.729359E+2	-1.279738E-1	-5.814005E-2
2.916016E+0	5.014846E-1	1.799002E+2	5.753758E-1	-1.763419E+2	-1.302965E-1	-5.712381E-2
2.917188E+0	5.004171E-1	1.765689E+2	5.757176E-1	-1.797485E+2	-1.325889E-1	-5.582844E-2
2.918359E+0	4.995901E-1	1.732277E+2	5.760574E-1	1.768350E+2	-1.344608E-1	-5.456583E-2
2.919531E+0	4.986603E-1	1.698507E+2	5.763924E-1	1.734182E+2	-1.365362E-1	-5.383283E-2
2.920703E+0	4.975628E-1	1.664827E+2	5.767196E-1	1.699988E+2	-1.388776E-1	-5.291139E-2
2.921875E+0	4.964922E-1	1.631164E+2	5.770479E-1	1.665734E+2	-1.411653E-1	-5.188165E-2
2.923047E+0	4.953751E-1	1.597224E+2	5.773456E-1	1.631438E+2	-1.435076E-1	-5.120606E-2
2.924219E+0	4.938593E-1	1.563301E+2	5.776329E-1	1.597115E+2	-1.465176E-1	-5.042816E-2
2.925391E+0	4.922796E-1	1.529678E+2	5.778536E-1	1.562745E+2	-1.495078E-1	-4.913886E-2
2.926563E+0	4.908018E-1	1.495778E+2	5.780985E-1	1.528360E+2	-1.523790E-1	-4.825311E-2
2.927734E+0	4.889238E-1	1.461784E+2	5.782922E-1	1.493929E+2	-1.558687E-1	-4.740856E-2
2.928906E+0	4.868915E-1	1.428096E+2	5.784382E-1	1.459465E+2	-1.595265E-1	-4.606131E-2
2.930078E+0	4.849488E-1	1.394498E+2	5.785505E-1	1.424972E+2	-1.629719E-1	-4.456118E-2
2.931250E+0	4.829750E-1	1.360550E+2	5.786142E-1	1.390481E+2	-1.664288E-1	-4.358496E-2
2.932422E+0	4.805134E-1	1.326096E+2	5.786607E-1	1.355970E+2	-1.707396E-1	-4.327683E-2
2.933594E+0	4.771285E-1	1.291759E+2	5.786136E-1	1.321444E+2	-1.765001E-1	-4.270383E-2
2.934766E+0	4.732378E-1	1.258116E+2	5.785654E-1	1.286923E+2	-1.830832E-1	-4.110734E-2
2.935938E+0	4.689836E-1	1.224802E+2	5.784653E-1	1.252386E+2	-1.902017E-1	-3.901640E-2
2.937109E+0	4.640208E-1	1.192037E+2	5.782946E-1	1.217859E+2	-1.984196E-1	-3.615002E-2
2.938281E+0	4.584335E-1	1.160174E+2	5.781047E-1	1.183356E+2	-2.076551E-1	-3.207596E-2
2.939453E+0	4.521209E-1	1.129384E+2	5.778553E-1	1.148839E+2	-2.180390E-1	-2.656199E-2
2.940625E+0	4.450061E-1	1.100717E+2	5.775636E-1	1.114332E+2	-2.297290E-1	-1.830713E-2
2.941797E+0	4.381857E-1	1.075622E+2	5.772373E-1	1.079882E+2	-2.409126E-1	-5.643997E-3
2.942969E+0	4.333988E-1	1.052834E+2	5.768400E-1	1.045432E+2	-2.487299E-1	9.706143E-3
2.944141E+0	4.303119E-1	1.031153E+2	5.764494E-1	1.011015E+2	-2.539742E-1	2.623170E-2
2.945312E+0	4.289390E-1	1.009571E+2	5.759891E-1	9.766190E+1	-2.565314E-1	4.280564E-2
2.946484E+0	4.275606E-1	9.884440E+1	5.755190E-1	9.422849E+1	-2.594965E-1	5.978646E-2
2.947656E+0	4.277571E-1	9.714064E+1	5.749879E-1	9.079680E+1	-2.606143E-1	8.220162E-2
2.948828E+0	4.337438E-1	9.550125E+1	5.744676E-1	8.737061E+1	-2.525534E-1	1.067852E-1
2.950000E+0	4.434655E-1	9.323321E+1	5.739107E-1	8.394896E+1	-2.374142E-1	1.246630E-1
2.951172E+0	4.522148E-1	9.043794E+1	5.733430E-1	8.053276E+1	-2.230236E-1	1.356765E-1
2.952344E+0	4.591756E-1	8.758189E+1	5.727783E-1	7.711968E+1	-2.116640E-1	1.455717E-1
2.953516E+0	4.670877E-1	8.480696E+1	5.721979E-1	7.371358E+1	-1.989483E-1	1.570640E-1
2.954688E+0	4.766739E-1	8.179901E+1	5.715937E-1	7.031030E+1	-1.827705E-1	1.660995E-1
2.955859E+0	4.859239E-1	7.851859E+1	5.710306E-1	6.691142E+1	-1.664426E-1	1.712135E-1
2.957031E+0	4.945270E-1	7.510084E+1	5.704418E-1	6.351929E+1	-1.507312E-1	1.740449E-1
2.958203E+0	5.026528E-1	7.154448E+1	5.698972E-1	6.013129E+1	-1.354350E-1	1.745340E-1
2.959375E+0	5.098898E-1	6.787656E+1	5.693542E-1	5.674632E+1	-1.212865E-1	1.728784E-1
2.960547E+0	5.160824E-1	6.414256E+1	5.688289E-1	5.336766E+1	-1.087241E-1	1.696153E-1
2.961719E+0	5.212908E-1	6.038109E+1	5.683251E-1	4.999141E+1	-9.779860E-2	1.654170E-1
2.962891E+0	5.255991E-1	5.661911E+1	5.678341E-1	4.662032E+1	-8.843799E-2	1.607131E-1
2.964063E+0	5.291844E-1	5.287142E+1	5.674278E-1	4.325422E+1	-8.050468E-2	1.558049E-1
2.965234E+0	5.321795E-1	4.914242E+1	5.670243E-1	3.988808E+1	-7.366800E-2	1.509348E-1
2.966406E+0	5.347430E-1	4.543865E+1	5.666523E-1	3.652789E+1	-6.770152E-2	1.461734E-1
2.967578E+0	5.369438E-1	4.175558E+1	5.663607E-1	3.316899E+1	-6.256669E-2	1.415490E-1
2.968750E+0	5.388774E-1	3.809119E+1	5.660900E-1	2.981393E+1	-5.798739E-2	1.370430E-1
2.969922E+0	5.406047E-1	3.444452E+1	5.658568E-1	2.645743E+1	-5.389400E-2	1.327491E-1
2.971094E+0	5.421150E-1	3.080868E+1	5.656735E-1	2.310296E+1	-5.030092E-2	1.285009E-1
2.972266E+0	5.434238E-1	2.718999E+1	5.655515E-1	1.975020E+1	-4.721502E-2	1.244181E-1
2.973438E+0	5.445510E-1	2.358220E+1	5.654671E-1	1.639660E+1	-4.455239E-2	1.204571E-1
2.974609E+0	5.455592E-1	1.999278E+1	5.654431E-1	1.304215E+1	-4.225593E-2	1.167586E-1
2.975781E+0	5.464072E-1	1.642303E+1	5.654551E-1	9.688329E+0	-4.035372E-2	1.133218E-1
2.976953E+0	5.472137E-1	1.286332E+1	5.655179E-1	6.331825E+0	-3.864759E-2	1.100676E-1
2.978125E+0	5.479252E-1	9.321768E+0	5.656271E-1	2.973679E+0	-3.723566E-2	1.071082E-1
2.979297E+0	5.486270E-1	5.791319E+0	5.657853E-1	-3.880472E-1	-3.596052E-2	1.043769E-1
2.980469E+0	5.493105E-1	2.269161E+0	5.659800E-1	-3.750895E+0	-3.480479E-2	1.017877E-1
2.981641E+0	5.499674E-1	-1.244053E+0	5.662003E-1	-7.117432E+0	-3.376892E-2	9.939656E-2
2.982813E+0	5.506249E-1	-4.753403E+0	5.664791E-1	-1.048525E+1	-3.284712E-2	9.707765E-2
2.983984E+0	5.512682E-1	-8.257013E+0	5.667574E-1	-1.386215E+1	-3.198019E-2	9.500280E-2
2.985156E+0	5.519092E-1	-1.175504E+1	5.670788E-1	-1.724066E+1	-3.120769E-2	9.303869E-2
2.986328E+0	5.525299E-1	-1.524836E+1	5.674077E-1	-2.062569E+1	-3.050614E-2	9.125714E-2
2.987500E+0	5.531365E-1	-1.874005E+1	5.677429E-1	-2.401285E+1	-2.984984E-2	8.953361E-2
2.988672E+0	5.537338E-1	-2.222786E+1	5.681081E-1	-2.740547E+1	-2.927907E-2	8.796006E-2
2.989844E+0	5.543468E-1	-2.571351E+1	5.684537E-1	-3.080217E+1	-2.865982E-2	8.649603E-2
2.991016E+0	5.549453E-1	-2.919635E+1	5.688230E-1	-3.420469E+1	-2.812207E-2	8.517085E-2
2.992187E+0	5.555328E-1	-3.267963E+1	5.691378E-1	-3.760963E+1	-2.751571E-2	8.388427E-2
2.993359E+0	5.561006E-1	-3.616221E+1	5.694367E-1	-4.101980E+1	-2.692744E-2	8.269624E-2
2.994531E+0	5.566598E-1	-3.964025E+1	5.697476E-1	-4.442968E+1	-2.638274E-2	8.157605E-2
2.995703E+0	5.572067E-1	-4.311403E+1	5.700213E-1	-4.783577E+1	-2.579839E-2	8.046611E-2
2.996875E+0	5.577120E-1	-4.656244E+1	5.702550E-1	-5.122313E+1	-2.522932E-2	7.946748E-2
2.998047E+0	5.582493E-1	-4.997339E+1	5.705118E-1	-5.457193E+1	-2.464375E-2	7.845029E-2
2.999219E+0	5.587613E-1	-5.345853E+1	5.707077E-1	-5.799984E+1	-2.400638E-2	7.752045E-2
3.000391E+0	5.592069E-1	-5.698975E+1	5.708631E-1	-6.147202E+1	-2.341454E-2	7.655488E-2
3.001563E+0	5.596432E-1	-6.053492E+1	5.709787E-1	-6.496113E+1	-2.277599E-2	7.564298E-2
3.002734E+0	5.600387E-1	-6.404542E+1	5.710557E-1	-6.841479E+1	-2.214264E-2	7.471619E-2
3.003906E+0	5.603691E-1	-6.754463E+1	5.710776E-1	-7.186085E+1	-2.153434E-2	7.384977E-2
3.005078E+0	5.606886E-1	-7.103903E+1	5.710753E-1	-7.530030E+1	-2.090210E-2	7.295320E-2
3.006250E+0	5.609111E-1	-7.453291E+1	5.710106E-1	-7.873648E+1	-2.032957E-2	7.200387E-2
3.007422E+0	5.611206E-1	-7.802148E+1	5.709338E-1	-8.217057E+1	-1.976378E-2	7.110842E-2
3.008594E+0	5.612469E-1	-8.151299E+1	5.707999E-1	-8.560640E+1	-1.924447E-2	7.018805E-2
3.009766E+0	5.613623E-1	-8.500521E+1	5.706393E-1	-8.904346E+1	-1.869958E-2	6.927755E-2
3.010938E+0	5.613914E-1	-8.850861E+1	5.704306E-1	-9.249415E+1	-1.822633E-2	6.840332E-2
3.012109E+0	5.613461E-1	-9.203933E+1	5.701596E-1	-9.597382E+1	-1.777837E-2	6.755519E-2
3.013281E+0	5.612828E-1	-9.554074E+1	5.698774E-1	-9.942461E+1	-1.734347E-2	6.671288E-2
3.014453E+0	5.612094E-1	-9.896345E+1	5.696073E-1	-1.028006E+2	-1.695198E-2	6.593422E-2
3.015625E+0	5.611442E-1	-1.023671E+2	5.693547E-1	-1.061537E+2	-1.657229E-2	6.508819E-2
3.016797E+0	5.610436E-1	-1.057821E+2	5.690774E-1	-1.095250E+2	-1.622010E-2	6.435791E-2
3.017969E+0	5.609254E-1	-1.092108E+2	5.687647E-1	-1.129074E+2	-1.583491E-2	6.358446E-2
3.019141E+0	5.608156E-1	-1.126438E+2	5.684935E-1	-1.162955E+2	-1.550861E-2	6.283086E-2
3.020313E+0	5.607202E-1	-1.160776E+2	5.681976E-1	-1.196877E+2	-1.511810E-2	6.213782E-2
3.021484E+0	5.606011E-1	-1.195084E+2	5.679320E-1	-1.230755E+2	-1.482043E-2	6.141432E-2
3.022656E+0	5.604911E-1	-1.229359E+2	5.676735E-1	-1.264617E+2	-1.452119E-2	6.071989E-2
3.023828E+0	5.603899E-1	-1.263600E+2	5.674337E-1	-1.298451E+2	-1.423984E-2	6.003437E-2
3.025000E+0	5.603492E-1	-1.297822E+2	5.672117E-1	-1.332281E+2	-1.388479E-2	5.937885E-2
3.026172E+0	5.602776E-1	-1.331999E+2	5.670230E-1	-1.366062E+2	-1.364185E-2	5.870931E-2
3.027344E+0	5.602139E-1	-1.366145E+2	5.668549E-1	-1.399837E+2	-1.342371E-2	5.808123E-2
3.028516E+0	5.602248E-1	-1.400289E+2	5.667068E-1	-1.433605E+2	-1.310877E-2	5.744991E-2
3.029688E+0	5.602298E-1	-1.434374E+2	5.666140E-1	-1.467334E+2	-1.290281E-2	5.684652E-2
3.030859E+0	5.602663E-1	-1.468448E+2	5.665403E-1	-1.501072E+2	-1.267691E-2	5.627864E-2
3.032031E+0	5.603446E-1	-1.502501E+2	5.664963E-1	-1.534803E+2	-1.243075E-2	5.573587E-2
3.033203E+0	5.604442E-1	-1.536549E+2	5.664901E-1	-1.568541E+2	-1.221438E-2	5.521195E-2
3.034375E+0	5.605918E-1	-1.570610E+2	5.665038E-1	-1.602259E+2	-1.194525E-2	5.463367E-2
3.035547E+0	5.607798E-1	-1.604645E+2	5.665655E-1	-1.635985E+2	-1.169221E-2	5.411305E-2
3.036719E+0	5.609933E-1	-1.638701E+2	5.666685E-1	-1.669736E+2	-1.146697E-2	5.359760E-2
3.037891E+0	5.612534E-1	-1.672786E+2	5.667937E-1	-1.703487E+2	-1.119602E-2	5.303420E-2
3.039062E+0	5.615076E-1	-1.706872E+2	5.669368E-1	-1.737248E+2	-1.096795E-2	5.248382E-2
3.040234E+0	5.618163E-1	-1.740993E+2	5.671312E-1	-1.771044E+2	-1.073379E-2	5.193354E-2
3.041406E+0	5.621356E-1	-1.775106E+2	5.673574E-1	1.795146E+2	-1.053886E-2	5.141909E-2
3.042578E+0	5.624732E-1	1.790736E+2	5.676067E-1	1.761295E+2	-1.035206E-2	5.089711E-2
3.043750E+0	5.628032E-1	1.756554E+2	5.678642E-1	1.727430E+2	-1.019245E-2	5.035625E-2
3.044922E+0	5.631669E-1	1.722348E+2	5.681424E-1	1.693539E+2	-1.001025E-2	4.981985E-2
3.046094E+0	5.635563E-1	1.688124E+2	5.684605E-1	1.659603E+2	-9.855170E-3	4.932871E-2
3.047266E+0	5.639240E-1	1.653888E+2	5.687793E-1	1.625647E+2	-9.740482E-3	4.884930E-2
3.048438E+0	5.643157E-1	1.619582E+2	5.691257E-1	1.591654E+2	-9.629254E-3	4.831246E-2
3.049609E+0	5.646983E-1	1.585257E+2	5.694756E-1	1.557612E+2	-9.542970E-3	4.782630E-2
3.050781E+0	5.650841E-1	1.550918E+2	5.698445E-1	1.523533E+2	-9.486322E-3	4.737852E-2
3.051953E+0	5.655026E-1	1.516521E+2	5.702409E-1	1.489413E+2	-9.419019E-3	4.690175E-2
3.053125E+0	5.659425E-1	1.482082E+2	5.706296E-1	1.455243E+2	-9.301827E-3	4.644114E-2
3.054297E+0	5.663685E-1	1.447642E+2	5.710328E-1	1.421028E+2	-9.237988E-3	4.605421E-2
3.055469E+0	5.667897E-1	1.413159E+2	5.713928E-1	1.386767E+2	-9.108084E-3	4.567550E-2
3.056641E+0	5.671667E-1	1.378626E+2	5.717723E-1	1.352455E+2	-9.089567E-3	4.529333E-2
3.057813E+0	5.675201E-1	1.344070E+2	5.721423E-1	1.318116E+2	-9.096264E-3	4.491696E-2
3.058984E+0	5.678639E-1	1.309458E+2	5.724738E-1	1.283721E+2	-9.053186E-3	4.454284E-2
3.060156E+0	5.681779E-1	1.274818E+2	5.727615E-1	1.249297E+2	-8.986551E-3	4.417148E-2
3.061328E+0	5.684916E-1	1.240135E+2	5.730350E-1	1.214782E+2	-8.899742E-3	4.388417E-2
3.062500E+0	5.687340E-1	1.205420E+2	5.732447E-1	1.180269E+2	-8.824445E-3	4.353738E-2
3.063672E+0	5.689548E-1	1.170678E+2	5.734522E-1	1.145690E+2	-8.786084E-3	4.325653E-2
3.064844E+0	5.691128E-1	1.135898E+2	5.735921E-1	1.111089E+2	-8.739182E-3	4.294831E-2
3.066016E+0	5.692302E-1	1.101105E+2	5.737000E-1	1.076444E+2	-8.710109E-3	4.269304E-2
3.067188E+0	5.693052E-1	1.066285E+2	5.737344E-1	1.041788E+2	-8.626763E-3	4.241234E-2
3.068359E+0	5.693041E-1	1.031457E+2	5.737163E-1	1.007103E+2	-8.586848E-3	4.216616E-2
3.069531E+0	5.692649E-1	9.966284E+1	5.736185E-1	9.724122E+1	-8.475978E-3	4.193197E-2
3.070703E+0	5.691847E-1	9.617923E+1	5.734713E-1	9.377257E+1	-8.350280E-3	4.167791E-2
3.071875E+0	5.690098E-1	9.269584E+1	5.732741E-1	9.030480E+1	-8.302658E-3	4.140908E-2
3.073047E+0	5.688007E-1	8.921270E+1	5.729880E-1	8.683667E+1	-8.161288E-3	4.115470E-2
3.074219E+0	5.684784E-1	8.573147E+1	5.726482E-1	8.337143E+1	-8.123640E-3	4.087897E-2
3.075391E+0	5.681177E-1	8.225537E+1	5.722407E-1	7.990610E+1	-8.039439E-3	4.069567E-2
3.076563E+0	5.677326E-1	7.878095E+1	5.717735E-1	7.644458E+1	-7.892715E-3	4.047794E-2
3.077734E+0	5.672589E-1	7.531248E+1	5.712423E-1	7.298872E+1	-7.789822E-3	4.026341E-2
3.078906E+0	5.667245E-1	7.184561E+1	5.706490E-1	6.953527E+1	-7.684531E-3	4.003488E-2
3.080078E+0	5.661725E-1	6.838562E+1	5.699974E-1	6.608797E+1	-7.508946E-3	3.982179E-2
3.081250E+0	5.655444E-1	6.492941E+1	5.693439E-1	6.264653E+1	-7.461833E-3	3.956741E-2
3.082422E+0	5.648757E-1	6.147990E+1	5.685904E-1	5.921168E+1	-7.311554E-3	3.931900E-2
3.083594E+0	5.642031E-1	5.803882E+1	5.678423E-1	5.578336E+1	-7.178566E-3	3.910282E-2
3.084766E+0	5.635028E-1	5.460280E+1	5.670627E-1	5.235968E+1	-7.039235E-3	3.889412E-2
3.085937E+0	5.627764E-1	5.117373E+1	5.662383E-1	4.894465E+1	-6.865926E-3	3.865717E-2
3.087109E+0	5.620320E-1	4.775048E+1	5.654208E-1	4.553963E+1	-6.733322E-3	3.834583E-2
3.088281E+0	5.612664E-1	4.433770E+1	5.646023E-1	4.213969E+1	-6.639810E-3	3.812650E-2
3.089453E+0	5.605328E-1	4.093042E+1	5.637919E-1	3.874854E+1	-6.501481E-3	3.785171E-2
3.090625E+0	5.598127E-1	3.753186E+1	5.630029E-1	3.536384E+1	-6.378157E-3	3.761570E-2
3.091797E+0	5.591056E-1	3.414135E+1	5.622411E-1	3.198736E+1	-6.279428E-3	3.737576E-2
3.092969E+0	5.584292E-1	3.075670E+1	5.614671E-1	2.861960E+1	-6.102426E-3	3.708902E-2
3.094141E+0	5.577655E-1	2.738015E+1	5.607535E-1	2.525580E+1	-6.012152E-3	3.687089E-2
3.095313E+0	5.571526E-1	2.400866E+1	5.601022E-1	2.190030E+1	-5.939580E-3	3.659578E-2
3.096484E+0	5.566278E-1	2.064308E+1	5.594660E-1	1.855114E+1	-5.736132E-3	3.631795E-2
3.097656E+0	5.560945E-1	1.728192E+1	5.588988E-1	1.520513E+1	-5.671094E-3	3.605706E-2
3.098828E+0	5.556359E-1	1.392646E+1	5.584040E-1	1.186600E+1	-5.600515E-3	3.577583E-2
3.100000E+0	5.552291E-1	1.057369E+1	5.579392E-1	8.529378E+0	-5.490711E-3	3.549913E-2
3.101172E+0	5.548996E-1	7.223961E+0	5.575780E-1	5.194851E+0	-5.427654E-3	3.523716E-2
3.102344E+0	5.546441E-1	3.875664E+0	5.572861E-1	1.862005E+0	-5.355426E-3	3.497116E-2
3.103516E+0	5.544626E-1	5.270584E-1	5.570729E-1	-1.470553E+0	-5.290614E-3	3.469450E-2
3.104688E+0	5.543405E-1	-2.819289E+0	5.569072E-1	-4.801789E+0	-5.204648E-3	3.443481E-2
3.105859E+0	5.543048E-1	-6.166131E+0	5.568244E-1	-8.132682E+0	-5.111249E-3	3.416077E-2
3.107031E+0	5.542705E-1	-9.511519E+0	5.568100E-1	-1.146430E+1	-5.138904E-3	3.392045E-2
3.108203E+0	5.543677E-1	-1.285919E+1	5.568754E-1	-1.479698E+1	-5.072456E-3	3.366210E-2
3.109375E+0	5.544962E-1	-1.620927E+1	5.569769E-1	-1.813353E+1	-5.015266E-3	3.342881E-2
3.110547E+0	5.546853E-1	-1.956027E+1	5.571697E-1	-2.146801E+1	-5.010765E-3	3.314175E-2
3.111719E+0	5.549349E-1	-2.291429E+1	5.574038E-1	-2.481077E+1	-4.974607E-3	3.294719E-2
3.112891E+0	5.552465E-1	-2.627336E+1	5.576918E-1	-2.815346E+1	-4.920648E-3	3.266419E-2
3.114063E+0	5.555891E-1	-2.963382E+1	5.580388E-1	-3.149925E+1	-4.917473E-3	3.240925E-2
3.115234E+0	5.559719E-1	-3.299985E+1	5.584320E-1	-3.485389E+1	-4.926575E-3	3.221093E-2
3.116406E+0	5.563884E-1	-3.637067E+1	5.588406E-1	-3.821143E+1	-4.901787E-3	3.198085E-2
3.117578E+0	5.568554E-1	-3.974682E+1	5.593089E-1	-4.157519E+1	-4.893545E-3	3.176570E-2
3.118750E+0	5.573379E-1	-4.312735E+1	5.598065E-1	-4.494349E+1	-4.909850E-3	3.155256E-2
3.119922E+0	5.578379E-1	-4.651403E+1	5.603226E-1	-4.831771E+1	-4.927672E-3	3.133538E-2
3.121094E+0	5.583756E-1	-4.990636E+1	5.608485E-1	-5.169795E+1	-4.895897E-3	3.112620E-2
3.122266E+0	5.588824E-1	-5.330301E+1	5.613850E-1	-5.508288E+1	-4.938218E-3	3.092114E-2
3.123438E+0	5.594348E-1	-5.670455E+1	5.619324E-1	-5.847612E+1	-4.920515E-3	3.077740E-2
3.124609E+0	5.599498E-1	-6.011279E+1	5.624745E-1	-6.187313E+1	-4.958377E-3	3.058101E-2
3.125781E+0	5.604925E-1	-6.352674E+1	5.630434E-1	-6.527646E+1	-4.994704E-3	3.039529E-2
3.126953E+0	5.610464E-1	-6.694687E+1	5.635787E-1	-6.868582E+1	-4.951719E-3	3.020939E-2
3.128125E+0	5.615160E-1	-7.036885E+1	5.640854E-1	-7.209933E+1	-5.008970E-3	3.006043E-2
3.129297E+0	5.620014E-1	-7.379784E+1	5.646029E-1	-7.551794E+1	-5.056196E-3	2.987859E-2
3.130469E+0	5.624737E-1	-7.723018E+1	5.650817E-1	-7.894183E+1	-5.059395E-3	2.973163E-2
3.131641E+0	5.629070E-1	-8.066866E+1	5.655172E-1	-8.237218E+1	-5.055522E-3	2.959044E-2
3.132812E+0	5.633147E-1	-8.410886E+1	5.659388E-1	-8.580251E+1	-5.071553E-3	2.941842E-2
3.133984E+0	5.636690E-1	-8.755413E+1	5.663207E-1	-8.924154E+1	-5.113944E-3	2.930872E-2
3.135156E+0	5.639874E-1	-9.100352E+1	5.666540E-1	-9.268266E+1	-5.133255E-3	2.916443E-2
3.136328E+0	5.642961E-1	-9.445338E+1	5.669464E-1	-9.612704E+1	-5.099305E-3	2.907019E-2
3.137500E+0	5.645423E-1	-9.790585E+1	5.672146E-1	-9.957306E+1	-5.132599E-3	2.895713E-2
3.138672E+0	5.647351E-1	-1.013615E+2	5.674325E-1	-1.030215E+2	-5.171371E-3	2.883071E-2
3.139844E+0	5.649016E-1	-1.048182E+2	5.675725E-1	-1.064708E+2	-5.119813E-3	2.870360E-2
3.141016E+0	5.650113E-1	-1.082751E+2	5.677029E-1	-1.099220E+2	-5.152329E-3	2.860361E-2
3.142188E+0	5.650588E-1	-1.117342E+2	5.677524E-1	-1.133744E+2	-5.152099E-3	2.848718E-2
3.143359E+0	5.650799E-1	-1.151910E+2	5.677515E-1	-1.168264E+2	-5.110990E-3	2.840495E-2
3.144531E+0	5.650386E-1	-1.186495E+2	5.677292E-1	-1.202767E+2	-5.140573E-3	2.826160E-2
3.145703E+0	5.649513E-1	-1.221047E+2	5.676358E-1	-1.237281E+2	-5.128738E-3	2.819590E-2
3.146875E+0	5.648428E-1	-1.255598E+2	5.674884E-1	-1.271777E+2	-5.058744E-3	2.810230E-2
3.148047E+0	5.646567E-1	-1.290124E+2	5.673213E-1	-1.306266E+2	-5.091781E-3	2.803707E-2
3.149219E+0	5.644633E-1	-1.324640E+2	5.671052E-1	-1.340718E+2	-5.050433E-3	2.792701E-2
3.150391E+0	5.642015E-1	-1.359107E+2	5.668549E-1	-1.375137E+2	-5.070432E-3	2.784303E-2
3.151563E+0	5.639564E-1	-1.393552E+2	5.665830E-1	-1.409527E+2	-5.022727E-3	2.774878E-2
3.152734E+0	5.636603E-1	-1.427994E+2	5.662793E-1	-1.443897E+2	-5.008317E-3	2.762405E-2
3.153906E+0	5.633600E-1	-1.462366E+2	5.659526E-1	-1.478228E+2	-4.962383E-3	2.755407E-2
3.155078E+0	5.630026E-1	-1.496704E+2	5.655681E-1	-1.512508E+2	-4.914813E-3	2.745458E-2
3.156250E+0	5.626497E-1	-1.530991E+2	5.651936E-1	-1.546752E+2	-4.877558E-3	2.738087E-2
3.157422E+0	5.622758E-1	-1.565247E+2	5.647889E-1	-1.580935E+2	-4.822788E-3	2.725549E-2
3.158594E+0	5.618899E-1	-1.599446E+2	5.643839E-1	-1.615071E+2	-4.789159E-3	2.714690E-2
3.159766E+0	5.614967E-1	-1.633610E+2	5.640032E-1	-1.649173E+2	-4.811364E-3	2.703852E-2
3.160938E+0	5.610950E-1	-1.667719E+2	5.636021E-1	-1.683212E+2	-4.812294E-3	2.691682E-2
3.162109E+0	5.606991E-1	-1.701743E+2	5.632200E-1	-1.717192E+2	-4.837740E-3	2.683965E-2
3.163281E+0	5.602997E-1	-1.735733E+2	5.628372E-1	-1.751151E+2	-4.868815E-3	2.678493E-2
3.164453E+0	5.599381E-1	-1.769652E+2	5.624664E-1	-1.785072E+2	-4.855529E-3	2.678877E-2
3.165625E+0	5.596203E-1	1.796484E+2	5.621283E-1	1.781070E+2	-4.821851E-3	2.677925E-2
3.166797E+0	5.593949E-1	1.762648E+2	5.618257E-1	1.747220E+2	-4.687548E-3	2.680720E-2
3.167969E+0	5.591971E-1	1.728830E+2	5.615400E-1	1.713425E+2	-4.532196E-3	2.677139E-2
3.169141E+0	5.590424E-1	1.695009E+2	5.613102E-1	1.679657E+2	-4.397686E-3	2.668285E-2
3.170313E+0	5.589015E-1	1.661198E+2	5.610880E-1	1.645911E+2	-4.251419E-3	2.657372E-2
3.171484E+0	5.587923E-1	1.627387E+2	5.609404E-1	1.612184E+2	-4.180126E-3	2.642953E-2
3.172656E+0	5.587077E-1	1.593590E+2	5.608187E-1	1.578483E+2	-4.110412E-3	2.626440E-2
3.173828E+0	5.586823E-1	1.559810E+2	5.607255E-1	1.544794E+2	-3.986006E-3	2.610938E-2
3.175000E+0	5.586637E-1	1.526031E+2	5.606973E-1	1.511092E+2	-3.965573E-3	2.597596E-2
3.176172E+0	5.587014E-1	1.492246E+2	5.607151E-1	1.477399E+2	-3.925822E-3	2.581695E-2
3.177344E+0	5.587673E-1	1.458461E+2	5.607700E-1	1.443692E+2	-3.902355E-3	2.568187E-2
3.178516E+0	5.588934E-1	1.424676E+2	5.608580E-1	1.410004E+2	-3.829552E-3	2.551498E-2
3.179687E+0	5.590532E-1	1.390868E+2	5.609798E-1	1.376275E+2	-3.757567E-3	2.537937E-2
3.180859E+0	5.592353E-1	1.357041E+2	5.611745E-1	1.342522E+2	-3.775552E-3	2.525017E-2
3.182031E+0	5.594803E-1	1.323162E+2	5.613730E-1	1.308756E+2	-3.686563E-3	2.505580E-2
3.183203E+0	5.597093E-1	1.289275E+2	5.616409E-1	1.274943E+2	-3.750968E-3	2.492543E-2
3.184375E+0	5.599940E-1	1.255372E+2	5.619112E-1	1.241093E+2	-3.721393E-3	2.483396E-2
3.185547E+0	5.603066E-1	1.221426E+2	5.622218E-1	1.207220E+2	-3.712797E-3	2.470715E-2
3.186719E+0	5.606161E-1	1.187424E+2	5.625483E-1	1.173317E+2	-3.736777E-3	2.453431E-2
3.187891E+0	5.609473E-1	1.153421E+2	5.628730E-1	1.139364E+2	-3.721114E-3	2.444770E-2
3.189063E+0	5.612919E-1	1.119335E+2	5.632226E-1	1.105339E+2	-3.725269E-3	2.434147E-2
3.190234E+0	5.616360E-1	1.085257E+2	5.635864E-1	1.071326E+2	-3.755246E-3	2.422765E-2
3.191406E+0	5.619895E-1	1.051093E+2	5.639417E-1	1.037239E+2	-3.753010E-3	2.409374E-2
3.192578E+0	5.623367E-1	1.016911E+2	5.643043E-1	1.003093E+2	-3.776557E-3	2.403054E-2
3.193750E+0	5.626926E-1	9.826888E+1	5.646582E-1	9.689341E+1	-3.768183E-3	2.392061E-2
3.194922E+0	5.630357E-1	9.484148E+1	5.649883E-1	9.347320E+1	-3.740153E-3	2.379620E-2
3.196094E+0	5.633526E-1	9.141409E+1	5.653192E-1	9.004821E+1	-3.761892E-3	2.375392E-2
3.197266E+0	5.636505E-1	8.797956E+1	5.656561E-1	8.662107E+1	-3.825692E-3	2.362384E-2
3.198438E+0	5.639465E-1	8.454675E+1	5.659125E-1	8.319218E+1	-3.752517E-3	2.355738E-2
3.199609E+0	5.642021E-1	8.111824E+1	5.661941E-1	7.976782E+1	-3.794993E-3	2.348418E-2
3.200781E+0	5.642861E-1	7.771596E+1	5.662843E-1	7.636858E+1	-3.804134E-3	2.343108E-2
3.201953E+0	5.644675E-1	7.428197E+1	5.665198E-1	7.294048E+1	-3.895733E-3	2.332647E-2
3.203125E+0	5.646421E-1	7.080538E+1	5.667042E-1	6.946766E+1	-3.910311E-3	2.326055E-2
3.204297E+0	5.647807E-1	6.732631E+1	5.668333E-1	6.599210E+1	-3.891304E-3	2.319994E-2
3.205469E+0	5.649245E-1	6.385505E+1	5.669818E-1	6.252227E+1	-3.898064E-3	2.317490E-2
3.206641E+0	5.650300E-1	6.038916E+1	5.670711E-1	5.905987E+1	-3.867523E-3	2.311491E-2
3.207813E+0	5.650866E-1	5.692670E+1	5.671155E-1	5.560155E+1	-3.844067E-3	2.304343E-2
3.208984E+0	5.651118E-1	5.346374E+1	5.671273E-1	5.214167E+1	-3.819134E-3	2.299043E-2
3.210156E+0	5.650577E-1	5.000194E+1	5.670831E-1	4.868138E+1	-3.836258E-3	2.296377E-2
3.211328E+0	5.649986E-1	4.654058E+1	5.670155E-1	4.522129E+1	-3.821188E-3	2.294202E-2
3.212500E+0	5.648822E-1	4.308097E+1	5.668933E-1	4.176607E+1	-3.809971E-3	2.286591E-2
3.213672E+0	5.647358E-1	3.963795E+1	5.667424E-1	3.832565E+1	-3.801941E-3	2.282087E-2
3.214844E+0	5.645678E-1	3.599067E+1	5.665335E-1	3.468016E+1	-3.730359E-3	2.279137E-2
3.216016E+0	5.644568E-1	3.262360E+1	5.663884E-1	3.131635E+1	-3.669762E-3	2.273603E-2
3.217188E+0	5.642235E-1	2.927404E+1	5.661656E-1	2.797110E+1	-3.687938E-3	2.266063E-2
3.218359E+0	5.639207E-1	2.588589E+1	5.658561E-1	2.458275E+1	-3.678055E-3	2.266434E-2
3.219531E+0	5.636177E-1	2.245359E+1	5.654999E-1	2.115401E+1	-3.584751E-3	2.260452E-2
3.220703E+0	5.632584E-1	1.898331E+1	5.651098E-1	1.768536E+1	-3.531916E-3	2.257735E-2
3.221875E+0	5.628358E-1	1.553564E+1	5.647041E-1	1.424038E+1	-3.563130E-3	2.252984E-2
3.223047E+0	5.624545E-1	1.209470E+1	5.642790E-1	1.080470E+1	-3.485956E-3	2.244005E-2
3.224219E+0	5.620311E-1	8.662373E+0	5.638324E-1	7.373492E+0	-3.446942E-3	2.242146E-2
3.225391E+0	5.616087E-1	5.233188E+0	5.633762E-1	3.948923E+0	-3.387745E-3	2.234246E-2
3.226562E+0	5.611574E-1	1.807412E+0	5.629058E-1	5.282428E-1	-3.354460E-3	2.225452E-2
3.227734E+0	5.607167E-1	-1.613941E+0	5.624396E-1	-2.888546E+0	-3.309938E-3	2.217608E-2
3.228906E+0	5.602624E-1	-5.030046E+0	5.619480E-1	-6.301618E+0	-3.245084E-3	2.212473E-2
3.230078E+0	5.598289E-1	-8.440542E+0	5.614851E-1	-9.706321E+0	-3.192976E-3	2.202506E-2
3.231250E+0	5.593780E-1	-1.184640E+1	5.610096E-1	-1.310870E+1	-3.150301E-3	2.196544E-2
3.232422E+0	5.589598E-1	-1.524799E+1	5.605437E-1	-1.650551E+1	-3.065814E-3	2.188409E-2
3.233594E+0	5.585481E-1	-1.864332E+1	5.600843E-1	-1.989874E+1	-2.982184E-3	2.184937E-2
3.234766E+0	5.581296E-1	-2.203762E+1	5.596690E-1	-2.328564E+1	-2.987122E-3	2.172043E-2
3.235938E+0	5.577430E-1	-2.542492E+1	5.592480E-1	-2.666991E+1	-2.926548E-3	2.166899E-2
3.237109E+0	5.573912E-1	-2.881173E+1	5.588920E-1	-3.005060E+1	-2.918440E-3	2.156262E-2
3.238281E+0	5.570725E-1	-3.219432E+1	5.585387E-1	-3.342723E+1	-2.855967E-3	2.146020E-2
3.239453E+0	5.568045E-1	-3.557479E+1	5.582427E-1	-3.680149E+1	-2.804893E-3	2.135316E-2
3.240625E+0	5.565460E-1	-3.895167E+1	5.579482E-1	-4.017395E+1	-2.740100E-3	2.127758E-2
3.241797E+0	5.563086E-1	-4.232801E+1	5.577129E-1	-4.354314E+1	-2.742278E-3	2.115303E-2
3.242969E+0	5.561310E-1	-4.570139E+1	5.575271E-1	-4.691279E+1	-2.727037E-3	2.108840E-2
3.244141E+0	5.560279E-1	-4.907505E+1	5.573923E-1	-5.028193E+1	-2.669123E-3	2.101091E-2
3.245313E+0	5.559149E-1	-5.244722E+1	5.572835E-1	-5.364687E+1	-2.674492E-3	2.088490E-2
3.246484E+0	5.558596E-1	-5.581875E+1	5.572430E-1	-5.701303E+1	-2.699271E-3	2.079087E-2
3.247656E+0	5.558511E-1	-5.918910E+1	5.572054E-1	-6.037678E+1	-2.644836E-3	2.067706E-2
3.248828E+0	5.558832E-1	-6.255795E+1	5.572385E-1	-6.374148E+1	-2.644991E-3	2.060479E-2
3.250000E+0	5.559638E-1	-6.592702E+1	5.572907E-1	-6.710567E+1	-2.592062E-3	2.052090E-2
3.251172E+0	5.560876E-1	-6.930017E+1	5.574309E-1	-7.046953E+1	-2.617564E-3	2.035859E-2
3.252344E+0	5.562366E-1	-7.266957E+1	5.575692E-1	-7.383717E+1	-2.597155E-3	2.032835E-2
3.253516E+0	5.564198E-1	-7.604301E+1	5.577375E-1	-7.720425E+1	-2.567474E-3	2.021819E-2
3.254688E+0	5.566264E-1	-7.942165E+1	5.579590E-1	-8.057777E+1	-2.591432E-3	2.012854E-2
3.255859E+0	5.568430E-1	-8.280193E+1	5.581914E-1	-8.395416E+1	-2.617374E-3	2.006028E-2
3.257031E+0	5.570765E-1	-8.618712E+1	5.584520E-1	-8.733396E+1	-2.662881E-3	1.996550E-2
3.258203E+0	5.573472E-1	-8.957699E+1	5.587025E-1	-9.071875E+1	-2.623863E-3	1.987782E-2
3.259375E+0	5.576567E-1	-9.297260E+1	5.589935E-1	-9.410780E+1	-2.587242E-3	1.976430E-2
3.260547E+0	5.579394E-1	-9.636909E+1	5.592939E-1	-9.750249E+1	-2.616979E-3	1.973237E-2
3.261719E+0	5.582178E-1	-9.977148E+1	5.595900E-1	-1.008986E+2	-2.645165E-3	1.962245E-2
3.262891E+0	5.585171E-1	-1.031766E+2	5.598892E-1	-1.042980E+2	-2.641722E-3	1.952291E-2
3.264063E+0	5.587931E-1	-1.065842E+2	5.601633E-1	-1.077039E+2	-2.636553E-3	1.949341E-2
3.265234E+0	5.590501E-1	-1.099971E+2	5.604662E-1	-1.111121E+2	-2.715516E-3	1.941003E-2
3.266406E+0	5.593337E-1	-1.134106E+2	5.607384E-1	-1.145231E+2	-2.693117E-3	1.936693E-2
3.267578E+0	5.595779E-1	-1.168301E+2	5.609947E-1	-1.179361E+2	-2.711347E-3	1.925339E-2
3.268750E+0	5.597923E-1	-1.202471E+2	5.612178E-1	-1.213523E+2	-2.725574E-3	1.923919E-2
3.269922E+0	5.600078E-1	-1.236685E+2	5.614417E-1	-1.247714E+2	-2.738748E-3	1.919889E-2
3.271094E+0	5.601869E-1	-1.270913E+2	5.616369E-1	-1.281916E+2	-2.765652E-3	1.915310E-2
3.272266E+0	5.603250E-1	-1.305148E+2	5.617869E-1	-1.316115E+2	-2.784939E-3	1.909005E-2
3.273437E+0	5.604536E-1	-1.339404E+2	5.619352E-1	-1.350346E+2	-2.818472E-3	1.904588E-2
3.274609E+0	5.605755E-1	-1.373664E+2	5.620441E-1	-1.384561E+2	-2.793343E-3	1.896801E-2
3.275781E+0	5.606454E-1	-1.407921E+2	5.621019E-1	-1.418792E+2	-2.770692E-3	1.892318E-2
3.276953E+0	5.607106E-1	-1.442188E+2	5.622015E-1	-1.453015E+2	-2.829960E-3	1.884545E-2
3.278125E+0	5.607257E-1	-1.476405E+2	5.622372E-1	-1.487236E+2	-2.866556E-3	1.885172E-2
3.279297E+0	5.607517E-1	-1.510643E+2	5.622464E-1	-1.521478E+2	-2.836769E-3	1.885925E-2
3.280469E+0	5.607380E-1	-1.544881E+2	5.622618E-1	-1.555668E+2	-2.886865E-3	1.877473E-2
3.281641E+0	5.607196E-1	-1.579117E+2	5.622261E-1	-1.589872E+2	-2.855225E-3	1.871962E-2
3.282813E+0	5.606886E-1	-1.613302E+2	5.622061E-1	-1.624043E+2	-2.874426E-3	1.869489E-2
3.283984E+0	5.606360E-1	-1.647499E+2	5.621334E-1	-1.658201E+2	-2.837754E-3	1.862767E-2
3.285156E+0	5.605800E-1	-1.681667E+2	5.621076E-1	-1.692356E+2	-2.891171E-3	1.860405E-2
3.286328E+0	5.605243E-1	-1.715839E+2	5.620078E-1	-1.726498E+2	-2.812226E-3	1.855329E-2
3.287500E+0	5.604528E-1	-1.749965E+2	5.619738E-1	-1.760602E+2	-2.878391E-3	1.851376E-2
3.288672E+0	5.603807E-1	-1.784095E+2	5.618744E-1	-1.794718E+2	-2.829839E-3	1.849028E-2
3.289844E+0	5.603013E-1	1.781832E+2	5.618234E-1	1.771204E+2	-2.880783E-3	1.849804E-2
3.291016E+0	5.602523E-1	1.747733E+2	5.617618E-1	1.737132E+2	-2.857784E-3	1.845147E-2
3.292188E+0	5.601832E-1	1.713660E+2	5.616940E-1	1.703095E+2	-2.859264E-3	1.838876E-2
3.293359E+0	5.601324E-1	1.679601E+2	5.616221E-1	1.669055E+2	-2.821436E-3	1.835638E-2
3.294531E+0	5.600805E-1	1.645560E+2	5.615711E-1	1.635028E+2	-2.822831E-3	1.833198E-2
3.295703E+0	5.600532E-1	1.611528E+2	5.615274E-1	1.601013E+2	-2.793293E-3	1.830293E-2
3.296875E+0	5.600234E-1	1.577503E+2	5.615181E-1	1.567003E+2	-2.829360E-3	1.827615E-2
3.298047E+0	5.600054E-1	1.543468E+2	5.615038E-1	1.533012E+2	-2.834615E-3	1.819945E-2
3.299219E+0	5.600389E-1	1.509484E+2	5.614721E-1	1.499015E+2	-2.719075E-3	1.822420E-2
3.300391E+0	5.600407E-1	1.475465E+2	5.614896E-1	1.465022E+2	-2.746126E-3	1.817843E-2
3.301563E+0	5.600684E-1	1.441447E+2	5.615279E-1	1.431050E+2	-2.763368E-3	1.809803E-2
3.302734E+0	5.601123E-1	1.407430E+2	5.615555E-1	1.397054E+2	-2.733556E-3	1.806201E-2
3.303906E+0	5.601600E-1	1.373421E+2	5.615932E-1	1.363067E+2	-2.714887E-3	1.802404E-2
3.305078E+0	5.602300E-1	1.339401E+2	5.616507E-1	1.329069E+2	-2.691682E-3	1.798615E-2
3.306250E+0	5.603023E-1	1.305384E+2	5.617285E-1	1.295056E+2	-2.700996E-3	1.797902E-2
3.307422E+0	5.604118E-1	1.271350E+2	5.618299E-1	1.261055E+2	-2.685089E-3	1.792185E-2
3.308594E+0	5.605190E-1	1.237298E+2	5.619263E-1	1.227027E+2	-2.664690E-3	1.788042E-2
3.309766E+0	5.606290E-1	1.203248E+2	5.620567E-1	1.192998E+2	-2.699744E-3	1.784323E-2
3.310938E+0	5.607632E-1	1.169175E+2	5.621556E-1	1.158971E+2	-2.635084E-3	1.776429E-2
3.312109E+0	5.608997E-1	1.135103E+2	5.622759E-1	1.124927E+2	-2.604880E-3	1.771607E-2
3.313281E+0	5.610458E-1	1.101015E+2	5.624244E-1	1.090846E+2	-2.608284E-3	1.770382E-2
3.314453E+0	5.612109E-1	1.066897E+2	5.625322E-1	1.056747E+2	-2.505383E-3	1.767256E-2
3.315625E+0	5.613475E-1	1.032776E+2	5.627116E-1	1.022647E+2	-2.580036E-3	1.763467E-2
3.316797E+0	5.615188E-1	9.986425E+1	5.628703E-1	9.885352E+1	-2.556303E-3	1.759730E-2
3.317969E+0	5.616627E-1	9.644437E+1	5.630305E-1	9.543777E+1	-2.583300E-3	1.752490E-2
3.319141E+0	5.618079E-1	9.302663E+1	5.631822E-1	9.202105E+1	-2.593874E-3	1.750696E-2
3.320312E+0	5.619766E-1	8.960342E+1	5.633475E-1	8.860197E+1	-2.585864E-3	1.743518E-2
3.321484E+0	5.621253E-1	8.617921E+1	5.634722E-1	8.517910E+1	-2.542332E-3	1.741260E-2
3.322656E+0	5.622483E-1	8.275222E+1	5.635988E-1	8.175466E+1	-2.547407E-3	1.736811E-2
3.323828E+0	5.623651E-1	7.932390E+1	5.637285E-1	7.832827E+1	-2.569152E-3	1.733412E-2
3.325000E+0	5.624980E-1	7.589230E+1	5.638400E-1	7.489971E+1	-2.529807E-3	1.728187E-2
3.326172E+0	5.625842E-1	7.245875E+1	5.639457E-1	7.146516E+1	-2.564235E-3	1.729868E-2
3.327344E+0	5.626628E-1	6.902281E+1	5.640206E-1	6.803297E+1	-2.556225E-3	1.723352E-2
3.328516E+0	5.626937E-1	6.558472E+1	5.640479E-1	6.459723E+1	-2.549021E-3	1.719272E-2
3.329688E+0	5.627473E-1	6.214537E+1	5.640716E-1	6.115936E+1	-2.495477E-3	1.716787E-2
3.330859E+0	5.627218E-1	5.870231E+1	5.640471E-1	5.771840E+1	-2.496723E-3	1.713128E-2
3.332031E+0	5.626860E-1	5.525854E+1	5.640240E-1	5.427866E+1	-2.518130E-3	1.706073E-2
3.333203E+0	5.626423E-1	5.181411E+1	5.639311E-1	5.083537E+1	-2.430950E-3	1.704237E-2
3.334375E+0	5.625018E-1	4.837122E+1	5.638170E-1	4.739205E+1	-2.478357E-3	1.704905E-2
3.335547E+0	5.623628E-1	4.492511E+1	5.636548E-1	4.395013E+1	-2.436630E-3	1.697679E-2
3.336719E+0	5.621744E-1	4.147762E+1	5.634686E-1	4.050444E+1	-2.440759E-3	1.694537E-2
3.337891E+0	5.619397E-1	3.803497E+1	5.632415E-1	3.706080E+1	-2.455469E-3	1.696236E-2
3.339063E+0	5.616650E-1	3.458869E+1	5.629431E-1	3.361925E+1	-2.413203E-3	1.688070E-2
3.340234E+0	5.613509E-1	3.114602E+1	5.626254E-1	3.017777E+1	-2.407737E-3	1.686007E-2
3.341406E+0	5.609717E-1	2.770574E+1	5.622504E-1	2.673713E+1	-2.416822E-3	1.686618E-2
3.342578E+0	5.605817E-1	2.426733E+1	5.618523E-1	2.329901E+1	-2.403933E-3	1.686135E-2
3.343750E+0	5.601602E-1	2.082974E+1	5.614071E-1	1.986646E+1	-2.362038E-3	1.677428E-2
3.344922E+0	5.597224E-1	1.739739E+1	5.609191E-1	1.643538E+1	-2.274115E-3	1.675363E-2
3.346094E+0	5.592099E-1	1.396653E+1	5.604264E-1	1.300893E+1	-2.310029E-3	1.667622E-2
3.347266E+0	5.586697E-1	1.054144E+1	5.599086E-1	9.585556E+0	-2.351538E-3	1.664564E-2
3.348438E+0	5.581224E-1	7.121681E+0	5.593361E-1	6.165198E+0	-2.308929E-3	1.665678E-2
3.349609E+0	5.575709E-1	3.705225E+0	5.587636E-1	2.752317E+0	-2.272537E-3	1.659512E-2
3.350781E+0	5.569883E-1	2.931991E-1	5.581594E-1	-6.578896E-1	-2.235628E-3	1.656404E-2
3.351953E+0	5.564047E-1	-3.111423E+0	5.575437E-1	-4.060078E+0	-2.179676E-3	1.652257E-2
3.353125E+0	5.558058E-1	-6.514616E+0	5.569373E-1	-7.461922E+0	-2.168046E-3	1.649927E-2
3.354297E+0	5.551976E-1	-9.910329E+0	5.563179E-1	-1.085408E+1	-2.149157E-3	1.643765E-2
3.355469E+0	5.546150E-1	-1.330163E+1	5.557395E-1	-1.424361E+1	-2.158301E-3	1.640665E-2
3.356641E+0	5.540516E-1	-1.668571E+1	5.551557E-1	-1.762530E+1	-2.123004E-3	1.636559E-2
3.357813E+0	5.534800E-1	-2.006789E+1	5.545744E-1	-2.100531E+1	-2.106980E-3	1.632805E-2
3.358984E+0	5.529462E-1	-2.344276E+1	5.540479E-1	-2.437778E+1	-2.121346E-3	1.628600E-2
3.360156E+0	5.524449E-1	-2.681576E+1	5.535443E-1	-2.774544E+1	-2.117487E-3	1.619304E-2
3.361328E+0	5.519667E-1	-3.018114E+1	5.530576E-1	-3.111009E+1	-2.103661E-3	1.618055E-2
3.362500E+0	5.515372E-1	-3.354271E+1	5.525892E-1	-3.447117E+1	-2.034808E-3	1.617313E-2
3.363672E+0	5.511395E-1	-3.690239E+1	5.521977E-1	-3.782705E+1	-2.046314E-3	1.610674E-2
3.364844E+0	5.507967E-1	-4.026146E+1	5.518264E-1	-4.118046E+1	-1.994377E-3	1.600896E-2
3.366016E+0	5.504598E-1	-4.361225E+1	5.515323E-1	-4.453102E+1	-2.072899E-3	1.600369E-2
3.367187E+0	5.502163E-1	-4.696533E+1	5.512487E-1	-4.787918E+1	-1.999794E-3	1.591915E-2
3.368359E+0	5.500005E-1	-5.031377E+1	5.510380E-1	-5.122749E+1	-2.009728E-3	1.591672E-2
3.369531E+0	5.498239E-1	-5.366214E+1	5.508609E-1	-5.457246E+1	-2.008483E-3	1.585750E-2
3.370703E+0	5.497079E-1	-5.700944E+1	5.507525E-1	-5.791879E+1	-2.022383E-3	1.584038E-2
3.371875E+0	5.496504E-1	-6.035859E+1	5.507013E-1	-6.126421E+1	-2.032969E-3	1.577523E-2
3.373047E+0	5.496508E-1	-6.370811E+1	5.506747E-1	-6.460806E+1	-1.982480E-3	1.567724E-2
3.374219E+0	5.496812E-1	-6.705599E+1	5.507204E-1	-6.795605E+1	-2.010134E-3	1.567872E-2
3.375391E+0	5.497730E-1	-7.040990E+1	5.507997E-1	-7.130450E+1	-1.985681E-3	1.558398E-2
3.376563E+0	5.499107E-1	-7.375997E+1	5.509297E-1	-7.465498E+1	-1.971378E-3	1.559134E-2
3.377734E+0	5.500798E-1	-7.711362E+1	5.510924E-1	-7.800632E+1	-1.958593E-3	1.555130E-2
3.378906E+0	5.503051E-1	-8.047144E+1	5.512971E-1	-8.136044E+1	-1.919547E-3	1.548744E-2
3.380078E+0	5.505410E-1	-8.383390E+1	5.515732E-1	-8.471820E+1	-1.990253E-3	1.540445E-2
3.381250E+0	5.508235E-1	-8.719492E+1	5.518607E-1	-8.807955E+1	-1.998426E-3	1.541008E-2
3.382422E+0	5.511371E-1	-9.056369E+1	5.521794E-1	-9.144387E+1	-2.005382E-3	1.533244E-2
3.383594E+0	5.514665E-1	-9.393369E+1	5.525191E-1	-9.481241E+1	-2.022471E-3	1.530674E-2
3.384766E+0	5.518588E-1	-9.730941E+1	5.528982E-1	-9.818291E+1	-1.995903E-3	1.521620E-2
3.385938E+0	5.522419E-1	-1.006878E+2	5.532981E-1	-1.015598E+2	-2.024507E-3	1.518963E-2
3.387109E+0	5.526406E-1	-1.040706E+2	5.537038E-1	-1.049413E+2	-2.035404E-3	1.516682E-2
3.388281E+0	5.530438E-1	-1.074574E+2	5.541124E-1	-1.083263E+2	-2.043257E-3	1.513534E-2
3.389453E+0	5.534793E-1	-1.108518E+2	5.545435E-1	-1.117182E+2	-2.033165E-3	1.509194E-2
3.390625E+0	5.539201E-1	-1.142462E+2	5.549770E-1	-1.151120E+2	-2.018356E-3	1.508171E-2
3.391797E+0	5.543477E-1	-1.176476E+2	5.554281E-1	-1.185116E+2	-2.058641E-3	1.504974E-2
3.392969E+0	5.547748E-1	-1.210526E+2	5.558550E-1	-1.219136E+2	-2.056001E-3	1.499752E-2
3.394141E+0	5.551897E-1	-1.244620E+2	5.562732E-1	-1.253207E+2	-2.059870E-3	1.495739E-2
3.395313E+0	5.555986E-1	-1.278760E+2	5.566875E-1	-1.287324E+2	-2.067520E-3	1.491721E-2
3.396484E+0	5.559937E-1	-1.312937E+2	5.570715E-1	-1.321481E+2	-2.045729E-3	1.488269E-2
3.397656E+0	5.563564E-1	-1.347119E+2	5.574647E-1	-1.355669E+2	-2.099226E-3	1.489234E-2
3.398828E+0	5.567136E-1	-1.381379E+2	5.578483E-1	-1.389906E+2	-2.144581E-3	1.485160E-2
3.400000E+0	5.570415E-1	-1.415663E+2	5.581803E-1	-1.424153E+2	-2.149759E-3	1.478707E-2
