3.201172E+0	5.520663E-1	7.458652E+1	5.663387E-1	7.749331E+1	-2.645539E-2	-4.943331E-2
3.202344E+0	5.518945E-1	7.116185E+1	5.664387E-1	7.409090E+1	-2.694944E-2	-4.978725E-2
3.203516E+0	5.518330E-1	6.769949E+1	5.666065E-1	7.062424E+1	-2.734228E-2	-4.969396E-2
3.204688E+0	5.519385E-1	6.423393E+1	5.667717E-1	6.714880E+1	-2.743133E-2	-4.952127E-2
3.205859E+0	5.521671E-1	6.075647E+1	5.668918E-1	6.367661E+1	-2.723921E-2	-4.962075E-2
3.207031E+0	5.523123E-1	5.727485E+1	5.670093E-1	6.021154E+1	-2.719942E-2	-4.990451E-2
3.208203E+0	5.524394E-1	5.379689E+1	5.670900E-1	5.675186E+1	-2.712999E-2	-5.021929E-2
3.209375E+0	5.525035E-1	5.030509E+1	5.671149E-1	5.329395E+1	-2.708970E-2	-5.079839E-2
3.210547E+0	5.524216E-1	4.680907E+1	5.671029E-1	4.983278E+1	-2.724441E-2	-5.138362E-2
3.211719E+0	5.521800E-1	4.331221E+1	5.670316E-1	4.637284E+1	-2.758088E-2	-5.199422E-2
3.212891E+0	5.518129E-1	3.982836E+1	5.669251E-1	4.291636E+1	-2.806975E-2	-5.243371E-2
3.214063E+0	5.514188E-1	3.636056E+1	5.667689E-1	3.946549E+1	-2.851175E-2	-5.269776E-2
3.215234E+0	5.509850E-1	3.272313E+1	5.665349E-1	3.584991E+1	-2.889524E-2	-5.304839E-2
3.216406E+0	5.507565E-1	2.928129E+1	5.664386E-1	3.242892E+1	-2.915230E-2	-5.338870E-2
3.217578E+0	5.503771E-1	2.590380E+1	5.662421E-1	2.908648E+1	-2.951724E-2	-5.396413E-2
3.218750E+0	5.497251E-1	2.250234E+1	5.659726E-1	2.571737E+1	-3.023595E-2	-5.447342E-2
3.219922E+0	5.489789E-1	1.907092E+1	5.656300E-1	2.230031E+1	-3.097940E-2	-5.467529E-2
3.221094E+0	5.482726E-1	1.560690E+1	5.652421E-1	1.883839E+1	-3.156398E-2	-5.467792E-2
3.222266E+0	5.476586E-1	1.215369E+1	5.648359E-1	1.538813E+1	-3.195566E-2	-5.470580E-2
3.223438E+0	5.471420E-1	8.700963E+0	5.644106E-1	1.195005E+1	-3.215406E-2	-5.494280E-2
3.224609E+0	5.465850E-1	5.245282E+0	5.639837E-1	8.515682E+0	-3.242799E-2	-5.528834E-2
3.225781E+0	5.459260E-1	1.784737E+0	5.635195E-1	5.088688E+0	-3.283101E-2	-5.583353E-2
3.226953E+0	5.451140E-1	-1.672934E+0	5.630662E-1	1.666019E+0	-3.352636E-2	-5.638580E-2
3.228125E+0	5.441229E-1	-5.110020E+0	5.625686E-1	-1.751758E+0	-3.444929E-2	-5.665846E-2
3.229297E+0	5.431727E-1	-8.518894E+0	5.621024E-1	-5.164904E+0	-3.533179E-2	-5.653450E-2
3.230469E+0	5.424476E-1	-1.192079E+1	5.616220E-1	-8.573285E+0	-3.578911E-2	-5.639819E-2
3.231641E+0	5.417963E-1	-1.532359E+1	5.611328E-1	-1.197674E+1	-3.610657E-2	-5.636857E-2
3.232813E+0	5.411110E-1	-1.872897E+1	5.606739E-1	-1.537419E+1	-3.654564E-2	-5.647669E-2
3.233984E+0	5.404458E-1	-2.212296E+1	5.602458E-1	-1.876829E+1	-3.699463E-2	-5.644852E-2
3.235156E+0	5.398896E-1	-2.551651E+1	5.597950E-1	-2.215676E+1	-3.721601E-2	-5.652120E-2
3.236328E+0	5.393880E-1	-2.891329E+1	5.593874E-1	-2.554323E+1	-3.741982E-2	-5.668304E-2
3.237500E+0	5.388492E-1	-3.231251E+1	5.589933E-1	-2.892360E+1	-3.772208E-2	-5.698293E-2
3.238672E+0	5.383778E-1	-3.570890E+1	5.586431E-1	-3.230304E+1	-3.797810E-2	-5.725337E-2
3.239844E+0	5.378773E-1	-3.911251E+1	5.583174E-1	-3.567813E+1	-3.834037E-2	-5.771221E-2
3.241016E+0	5.372813E-1	-4.251316E+1	5.580233E-1	-3.905052E+1	-3.892824E-2	-5.815268E-2
3.242187E+0	5.367082E-1	-4.589471E+1	5.577629E-1	-4.242191E+1	-3.951549E-2	-5.828809E-2
3.243359E+0	5.362709E-1	-4.926677E+1	5.575874E-1	-4.579123E+1	-3.999880E-2	-5.830483E-2
3.244531E+0	5.360197E-1	-5.264456E+1	5.574237E-1	-4.915992E+1	-4.017596E-2	-5.844708E-2
3.245703E+0	5.358329E-1	-5.603718E+1	5.573111E-1	-5.252777E+1	-4.034195E-2	-5.885340E-2
3.246875E+0	5.355825E-1	-5.943184E+1	5.572348E-1	-5.589194E+1	-4.069051E-2	-5.934446E-2
3.248047E+0	5.353476E-1	-6.283080E+1	5.571973E-1	-5.925600E+1	-4.108303E-2	-5.990653E-2
3.249219E+0	5.351039E-1	-6.622497E+1	5.572159E-1	-6.262017E+1	-4.158302E-2	-6.037910E-2
3.250391E+0	5.348600E-1	-6.961228E+1	5.572510E-1	-6.598525E+1	-4.210370E-2	-6.071943E-2
3.251563E+0	5.347832E-1	-7.299953E+1	5.573680E-1	-6.934882E+1	-4.246746E-2	-6.109371E-2
3.252734E+0	5.347616E-1	-7.640550E+1	5.575111E-1	-7.271522E+1	-4.279431E-2	-6.173665E-2
3.253906E+0	5.345911E-1	-7.981297E+1	5.576677E-1	-7.608170E+1	-4.341259E-2	-6.238401E-2
3.255078E+0	5.345147E-1	-8.320988E+1	5.578735E-1	-7.945406E+1	-4.392894E-2	-6.276174E-2
3.256250E+0	5.345935E-1	-8.662302E+1	5.580844E-1	-8.282843E+1	-4.419202E-2	-6.339405E-2
3.257422E+0	5.345935E-1	-9.005831E+1	5.583262E-1	-8.620622E+1	-4.467004E-2	-6.432536E-2
3.258594E+0	5.344831E-1	-9.349388E+1	5.586199E-1	-8.959189E+1	-4.542584E-2	-6.510965E-2
3.259766E+0	5.343823E-1	-9.693098E+1	5.588999E-1	-9.297894E+1	-4.614120E-2	-6.589801E-2
3.260938E+0	5.343506E-1	-1.003718E+2	5.591829E-1	-9.637086E+1	-4.673706E-2	-6.667435E-2
3.262109E+0	5.343709E-1	-1.038306E+2	5.594861E-1	-9.976595E+1	-4.729215E-2	-6.770016E-2
3.263281E+0	5.342997E-1	-1.073064E+2	5.597796E-1	-1.031664E+2	-4.800834E-2	-6.890767E-2
3.264453E+0	5.340592E-1	-1.107973E+2	5.600755E-1	-1.065707E+2	-4.904472E-2	-7.027767E-2
3.265625E+0	5.335906E-1	-1.142904E+2	5.603800E-1	-1.099767E+2	-5.050317E-2	-7.162135E-2
3.266797E+0	5.329961E-1	-1.177761E+2	5.606364E-1	-1.133880E+2	-5.208847E-2	-7.273978E-2
3.267969E+0	5.323854E-1	-1.212522E+2	5.609100E-1	-1.167994E+2	-5.371902E-2	-7.368961E-2
3.269141E+0	5.317048E-1	-1.247406E+2	5.611513E-1	-1.202149E+2	-5.542950E-2	-7.476564E-2
3.270313E+0	5.308472E-1	-1.282387E+2	5.613763E-1	-1.236331E+2	-5.743596E-2	-7.592962E-2
3.271484E+0	5.297741E-1	-1.317216E+2	5.615557E-1	-1.270515E+2	-5.972772E-2	-7.681047E-2
3.272656E+0	5.285421E-1	-1.351897E+2	5.617219E-1	-1.304718E+2	-6.225614E-2	-7.739153E-2
3.273828E+0	5.272684E-1	-1.386377E+2	5.618813E-1	-1.338942E+2	-6.481592E-2	-7.760098E-2
3.275000E+0	5.260690E-1	-1.420807E+2	5.620061E-1	-1.373157E+2	-6.717953E-2	-7.775731E-2
3.276172E+0	5.247342E-1	-1.455370E+2	5.620874E-1	-1.407388E+2	-6.972606E-2	-7.808785E-2
3.277344E+0	5.230026E-1	-1.489630E+2	5.621704E-1	-1.441610E+2	-7.293798E-2	-7.788016E-2
3.278516E+0	5.214205E-1	-1.523311E+2	5.621947E-1	-1.475848E+2	-7.570728E-2	-7.674270E-2
3.279688E+0	5.200092E-1	-1.557016E+2	5.622445E-1	-1.510070E+2	-7.822198E-2	-7.569649E-2
3.280859E+0	5.185484E-1	-1.590278E+2	5.622342E-1	-1.544275E+2	-8.067159E-2	-7.397225E-2
3.282031E+0	5.176702E-1	-1.623273E+2	5.622292E-1	-1.578477E+2	-8.206684E-2	-7.191406E-2
3.283203E+0	5.171925E-1	-1.656606E+2	5.622053E-1	-1.612674E+2	-8.276761E-2	-7.046768E-2
3.284375E+0	5.167889E-1	-1.690361E+2	5.621549E-1	-1.646831E+2	-8.335204E-2	-6.977588E-2
3.285547E+0	5.160683E-1	-1.724426E+2	5.621021E-1	-1.680994E+2	-8.453230E-2	-6.952855E-2
3.286719E+0	5.151078E-1	-1.758277E+2	5.620494E-1	-1.715144E+2	-8.611439E-2	-6.892875E-2
3.287891E+0	5.140932E-1	-1.791923E+2	5.619858E-1	-1.749263E+2	-8.775474E-2	-6.804769E-2
3.289062E+0	5.131423E-1	1.774715E+2	5.619049E-1	-1.783357E+2	-8.922495E-2	-6.676807E-2
3.290234E+0	5.126006E-1	1.741495E+2	5.618343E-1	1.782549E+2	-8.997139E-2	-6.531787E-2
3.291406E+0	5.123456E-1	1.707916E+2	5.617641E-1	1.748482E+2	-9.025515E-2	-6.451871E-2
3.292578E+0	5.119636E-1	1.674002E+2	5.617092E-1	1.714435E+2	-9.082965E-2	-6.426587E-2
3.293750E+0	5.114807E-1	1.640085E+2	5.616460E-1	1.680385E+2	-9.157012E-2	-6.400160E-2
3.294922E+0	5.109571E-1	1.606063E+2	5.615974E-1	1.646363E+2	-9.242154E-2	-6.394162E-2
3.296094E+0	5.103394E-1	1.571903E+2	5.615579E-1	1.612329E+2	-9.346903E-2	-6.406817E-2
3.297266E+0	5.095394E-1	1.537698E+2	5.615119E-1	1.578326E+2	-9.483855E-2	-6.429210E-2
3.298438E+0	5.085430E-1	1.503575E+2	5.614884E-1	1.544344E+2	-9.658660E-2	-6.439139E-2
3.299609E+0	5.074293E-1	1.469589E+2	5.614692E-1	1.510346E+2	-9.853289E-2	-6.423369E-2
3.300781E+0	5.061566E-1	1.435849E+2	5.614941E-1	1.476349E+2	-1.008051E-1	-6.366641E-2
3.301953E+0	5.050660E-1	1.402529E+2	5.615212E-1	1.442364E+2	-1.027128E-1	-6.248478E-2
3.303125E+0	5.043237E-1	1.369161E+2	5.615359E-1	1.408373E+2	-1.039877E-1	-6.141708E-2
3.304297E+0	5.036836E-1	1.335586E+2	5.615804E-1	1.374371E+2	-1.051503E-1	-6.066739E-2
3.305469E+0	5.029944E-1	1.301813E+2	5.616568E-1	1.340377E+2	-1.064730E-1	-6.023149E-2
3.306641E+0	5.021530E-1	1.267996E+2	5.617248E-1	1.306391E+2	-1.080580E-1	-5.986037E-2
3.307813E+0	5.010974E-1	1.234316E+2	5.617935E-1	1.272375E+2	-1.100070E-1	-5.920532E-2
3.308984E+0	5.001379E-1	1.201105E+2	5.618821E-1	1.238355E+2	-1.117687E-1	-5.782854E-2
3.310156E+0	4.996697E-1	1.167715E+2	5.619754E-1	1.204341E+2	-1.126851E-1	-5.679848E-2
3.311328E+0	4.991030E-1	1.134021E+2	5.620978E-1	1.170295E+2	-1.138498E-1	-5.617731E-2
3.312500E+0	4.986633E-1	1.100354E+2	5.622261E-1	1.136256E+2	-1.147963E-1	-5.554029E-2
3.313672E+0	4.983103E-1	1.066082E+2	5.623767E-1	1.102193E+2	-1.156801E-1	-5.580870E-2
3.314844E+0	4.973598E-1	1.031494E+2	5.625155E-1	1.068113E+2	-1.176344E-1	-5.647085E-2
3.316016E+0	4.959228E-1	9.973152E+1	5.626471E-1	1.034016E+2	-1.203976E-1	-5.642010E-2
3.317188E+0	4.944236E-1	9.637398E+1	5.627989E-1	9.998885E+1	-1.232394E-1	-5.538955E-2
3.318359E+0	4.933214E-1	9.303290E+1	5.629593E-1	9.657570E+1	-1.253744E-1	-5.415021E-2
3.319531E+0	4.923522E-1	8.966493E+1	5.631321E-1	9.316104E+1	-1.273168E-1	-5.331612E-2
3.320703E+0	4.911525E-1	8.629517E+1	5.632907E-1	8.974008E+1	-1.296412E-1	-5.239349E-2
3.321875E+0	4.899471E-1	8.295850E+1	5.634233E-1	8.631926E+1	-1.319058E-1	-5.097769E-2
3.323047E+0	4.890528E-1	7.961237E+1	5.635546E-1	8.289622E+1	-1.336247E-1	-4.970987E-2
3.324219E+0	4.881996E-1	7.623963E+1	5.637026E-1	7.947139E+1	-1.353185E-1	-4.882402E-2
3.325391E+0	4.873288E-1	7.285925E+1	5.638050E-1	7.604165E+1	-1.369760E-1	-4.798461E-2
3.326563E+0	4.864350E-1	6.943188E+1	5.639034E-1	7.261105E+1	-1.387064E-1	-4.783969E-2
3.327734E+0	4.849759E-1	6.597462E+1	5.639686E-1	6.917667E+1	-1.414083E-1	-4.803354E-2
3.328906E+0	4.829375E-1	6.257220E+1	5.640313E-1	6.574145E+1	-1.450849E-1	-4.733693E-2
3.330078E+0	4.810809E-1	5.923616E+1	5.640403E-1	6.230460E+1	-1.483034E-1	-4.565574E-2
3.331250E+0	4.796515E-1	5.588782E+1	5.640747E-1	5.886590E+1	-1.508151E-1	-4.417813E-2
3.332422E+0	4.781546E-1	5.248624E+1	5.640158E-1	5.542474E+1	-1.533466E-1	-4.346000E-2
3.333594E+0	4.761425E-1	4.907034E+1	5.639744E-1	5.198140E+1	-1.568268E-1	-4.287649E-2
3.334766E+0	4.738140E-1	4.568973E+1	5.638465E-1	4.853889E+1	-1.607143E-1	-4.176978E-2
3.335937E+0	4.715728E-1	4.232482E+1	5.637343E-1	4.509612E+1	-1.644623E-1	-4.044509E-2
3.337109E+0	4.691992E-1	3.892441E+1	5.635372E-1	4.165098E+1	-1.683459E-1	-3.960634E-2
3.338281E+0	4.662669E-1	3.552279E+1	5.632966E-1	3.820695E+1	-1.731615E-1	-3.876362E-2
3.339453E+0	4.629216E-1	3.215291E+1	5.630363E-1	3.476519E+1	-1.786666E-1	-3.747293E-2
3.340625E+0	4.592220E-1	2.881189E+1	5.627361E-1	3.132337E+1	-1.847317E-1	-3.575905E-2
3.341797E+0	4.549260E-1	2.550533E+1	5.623813E-1	2.788242E+1	-1.917681E-1	-3.355122E-2
3.342969E+0	4.501310E-1	2.228703E+1	5.619909E-1	2.444586E+1	-1.996107E-1	-3.017190E-2
3.344141E+0	4.452284E-1	1.912654E+1	5.615631E-1	2.100929E+1	-2.075903E-1	-2.604811E-2
3.345313E+0	4.395886E-1	1.599429E+1	5.610815E-1	1.757739E+1	-2.168325E-1	-2.164467E-2
3.346484E+0	4.326775E-1	1.302564E+1	5.606049E-1	1.414740E+1	-2.283432E-1	-1.510974E-2
3.347656E+0	4.252260E-1	1.039790E+1	5.600558E-1	1.072519E+1	-2.407559E-1	-4.337068E-3
3.348828E+0	4.190381E-1	8.125993E+0	5.595048E-1	7.303936E+0	-2.511325E-1	1.074519E-2
3.350000E+0	4.148628E-1	6.132518E+0	5.589394E-1	3.887128E+0	-2.583377E-1	2.908022E-2
3.351172E+0	4.138832E-1	4.194310E+0	5.583484E-1	4.776199E-1	-2.602957E-1	4.805091E-2
3.352344E+0	4.142142E-1	2.099456E+0	5.577422E-1	-2.929169E+0	-2.601960E-1	6.509691E-2
3.353516E+0	4.145639E-1	1.045896E-1	5.571345E-1	-6.330981E+0	-2.605887E-1	8.340312E-2
3.354688E+0	4.172442E-1	-1.606467E+0	5.565229E-1	-9.726114E+0	-2.577818E-1	1.058930E-1
3.355859E+0	4.246219E-1	-3.452195E+0	5.559239E-1	-1.311388E+1	-2.470210E-1	1.281909E-1
3.357031E+0	4.346299E-1	-5.815122E+0	5.553396E-1	-1.649930E+1	-2.309297E-1	1.450974E-1
3.358203E+0	4.442974E-1	-8.621066E+0	5.547736E-1	-1.988044E+1	-2.145514E-1	1.563690E-1
3.359375E+0	4.528586E-1	-1.153864E+1	5.542206E-1	-2.325620E+1	-1.999191E-1	1.659445E-1
3.360547E+0	4.622351E-1	-1.451128E+1	5.537010E-1	-2.662568E+1	-1.837808E-1	1.751968E-1
3.361719E+0	4.724872E-1	-1.776873E+1	5.531960E-1	-2.999196E+1	-1.652579E-1	1.808319E-1
3.362891E+0	4.819068E-1	-2.128452E+1	5.527439E-1	-3.335205E+1	-1.474215E-1	1.822717E-1
3.364063E+0	4.901415E-1	-2.494809E+1	5.523154E-1	-3.670885E+1	-1.311992E-1	1.808811E-1
3.365234E+0	4.970892E-1	-2.870666E+1	5.519609E-1	-4.006615E+1	-1.170542E-1	1.773835E-1
3.366406E+0	5.027915E-1	-3.248832E+1	5.516156E-1	-4.341668E+1	-1.050409E-1	1.728014E-1
3.367578E+0	5.075486E-1	-3.626686E+1	5.513288E-1	-4.676548E+1	-9.481986E-2	1.677427E-1
3.368750E+0	5.115170E-1	-4.002114E+1	5.510892E-1	-5.011391E+1	-8.617075E-2	1.626588E-1
3.369922E+0	5.149524E-1	-4.375093E+1	5.509112E-1	-5.345860E+1	-7.865597E-2	1.576152E-1
3.371094E+0	5.179963E-1	-4.746419E+1	5.507898E-1	-5.680577E+1	-7.201127E-2	1.526556E-1
3.372266E+0	5.206221E-1	-5.116505E+1	5.507078E-1	-6.014841E+1	-6.622712E-2	1.476171E-1
3.373438E+0	5.228885E-1	-5.485381E+1	5.506798E-1	-6.349696E+1	-6.125064E-2	1.426957E-1
3.374609E+0	5.248541E-1	-5.852524E+1	5.506809E-1	-6.684133E+1	-5.692140E-2	1.378508E-1
3.375781E+0	5.265071E-1	-6.217931E+1	5.507537E-1	-7.018887E+1	-5.335010E-2	1.332040E-1
3.376953E+0	5.279132E-1	-6.581396E+1	5.508528E-1	-7.353894E+1	-5.034117E-2	1.288205E-1
3.378125E+0	5.291434E-1	-6.942390E+1	5.510206E-1	-7.688866E+1	-4.784161E-2	1.247583E-1
3.379297E+0	5.302832E-1	-7.301784E+1	5.512174E-1	-8.024320E+1	-4.561741E-2	1.209957E-1
3.380469E+0	5.313005E-1	-7.659220E+1	5.514590E-1	-8.359816E+1	-4.374844E-2	1.175139E-1
3.381641E+0	5.322622E-1	-8.015002E+1	5.517415E-1	-8.696061E+1	-4.211239E-2	1.144008E-1
3.382812E+0	5.331880E-1	-8.369622E+1	5.520616E-1	-9.032281E+1	-4.063978E-2	1.114530E-1
3.383984E+0	5.340701E-1	-8.723227E+1	5.523983E-1	-9.368958E+1	-3.931290E-2	1.087314E-1
3.385156E+0	5.349567E-1	-9.075897E+1	5.527488E-1	-9.706022E+1	-3.803538E-2	1.062231E-1
3.386328E+0	5.358004E-1	-9.428223E+1	5.531463E-1	-1.004342E+2	-3.693687E-2	1.038054E-1
3.387500E+0	5.365978E-1	-9.779668E+1	5.535398E-1	-1.038145E+2	-3.594865E-2	1.016290E-1
3.388672E+0	5.373873E-1	-1.013090E+2	5.539685E-1	-1.071986E+2	-3.505221E-2	9.954063E-2
3.389844E+0	5.381355E-1	-1.048160E+2	5.543946E-1	-1.105876E+2	-3.424832E-2	9.761387E-2
3.391016E+0	5.388674E-1	-1.083174E+2	5.548230E-1	-1.139796E+2	-3.349681E-2	9.582590E-2
3.392188E+0	5.395837E-1	-1.118146E+2	5.552496E-1	-1.173778E+2	-3.279140E-2	9.420848E-2
3.393359E+0	5.402834E-1	-1.153056E+2	5.557082E-1	-1.207797E+2	-3.219100E-2	9.274788E-2
3.394531E+0	5.410104E-1	-1.187947E+2	5.561167E-1	-1.241848E+2	-3.146558E-2	9.138461E-2
3.395703E+0	5.417289E-1	-1.222809E+2	5.565520E-1	-1.275954E+2	-3.081803E-2	9.015568E-2
3.396875E+0	5.424695E-1	-1.257667E+2	5.569491E-1	-1.310108E+2	-3.007490E-2	8.902288E-2
3.398047E+0	5.432280E-1	-1.292540E+2	5.573459E-1	-1.344279E+2	-2.930180E-2	8.789463E-2
3.399219E+0	5.439565E-1	-1.327430E+2	5.576991E-1	-1.378493E+2	-2.851252E-2	8.681062E-2
3.400391E+0	5.447102E-1	-1.362348E+2	5.580701E-1	-1.412747E+2	-2.771315E-2	8.574639E-2
3.401563E+0	5.454293E-1	-1.397346E+2	5.584153E-1	-1.447076E+2	-2.693189E-2	8.467039E-2
3.402734E+0	5.461382E-1	-1.432370E+2	5.587145E-1	-1.481445E+2	-2.609273E-2	8.362173E-2
3.403906E+0	5.468372E-1	-1.467444E+2	5.589944E-1	-1.515843E+2	-2.523645E-2	8.253682E-2
3.405078E+0	5.474808E-1	-1.502534E+2	5.592506E-1	-1.550283E+2	-2.444320E-2	8.148943E-2
3.406250E+0	5.480547E-1	-1.537641E+2	5.594724E-1	-1.584729E+2	-2.371431E-2	8.041626E-2
3.407422E+0	5.485631E-1	-1.572753E+2	5.596781E-1	-1.619185E+2	-2.307633E-2	7.934281E-2
3.408594E+0	5.490689E-1	-1.607882E+2	5.597993E-1	-1.653661E+2	-2.229741E-2	7.828454E-2
3.409766E+0	5.494599E-1	-1.643016E+2	5.599169E-1	-1.688152E+2	-2.171938E-2	7.722601E-2
3.410938E+0	5.498167E-1	-1.678107E+2	5.599988E-1	-1.722627E+2	-2.114479E-2	7.621251E-2
3.412109E+0	5.501126E-1	-1.713211E+2	5.600411E-1	-1.757133E+2	-2.061291E-2	7.522561E-2
3.413281E+0	5.503610E-1	-1.748281E+2	5.600434E-1	-1.791626E+2	-2.009941E-2	7.427249E-2
3.414453E+0	5.505548E-1	-1.783335E+2	5.600055E-1	1.773895E+2	-1.961394E-2	7.331983E-2
3.415625E+0	5.507187E-1	1.781632E+2	5.599607E-1	1.739417E+2	-1.917303E-2	7.239748E-2
3.416797E+0	5.508254E-1	1.746656E+2	5.598446E-1	1.704947E+2	-1.871597E-2	7.155994E-2
3.417969E+0	5.509027E-1	1.711671E+2	5.597227E-1	1.670497E+2	-1.829811E-2	7.066894E-2
3.419141E+0	5.509543E-1	1.676776E+2	5.595266E-1	1.636051E+2	-1.780696E-2	6.993065E-2
3.420313E+0	5.509620E-1	1.641859E+2	5.593454E-1	1.601655E+2	-1.741184E-2	6.906082E-2
3.421484E+0	5.509395E-1	1.606995E+2	5.591338E-1	1.567265E+2	-1.702332E-2	6.827096E-2
3.422656E+0	5.508810E-1	1.572171E+2	5.589030E-1	1.532900E+2	-1.666742E-2	6.750417E-2
3.423828E+0	5.508070E-1	1.537416E+2	5.586267E-1	1.498578E+2	-1.626246E-2	6.678506E-2
3.425000E+0	5.506908E-1	1.502706E+2	5.583656E-1	1.464311E+2	-1.595872E-2	6.604138E-2
3.426172E+0	5.505712E-1	1.468062E+2	5.580742E-1	1.430100E+2	-1.560909E-2	6.531760E-2
3.427344E+0	5.504439E-1	1.433527E+2	5.577798E-1	1.395936E+2	-1.527515E-2	6.469935E-2
3.428516E+0	5.503010E-1	1.399077E+2	5.574566E-1	1.361891E+2	-1.491451E-2	6.402375E-2
3.429687E+0	5.501422E-1	1.364814E+2	5.571390E-1	1.328029E+2	-1.459281E-2	6.335212E-2
3.430859E+0	5.499907E-1	1.330811E+2	5.567874E-1	1.294379E+2	-1.420322E-2	6.276733E-2
3.432031E+0	5.498434E-1	1.297096E+2	5.564604E-1	1.261037E+2	-1.384743E-2	6.214541E-2
3.433203E+0	5.497007E-1	1.263347E+2	5.561520E-1	1.227650E+2	-1.351759E-2	6.154048E-2
3.434375E+0	5.495974E-1	1.229155E+2	5.558852E-1	1.193845E+2	-1.318823E-2	6.089192E-2
3.435547E+0	5.495144E-1	1.194586E+2	5.556132E-1	1.159647E+2	-1.281501E-2	6.027333E-2
3.436719E+0	5.494271E-1	1.159853E+2	5.553736E-1	1.125276E+2	-1.250812E-2	5.966586E-2
3.437891E+0	5.493677E-1	1.125039E+2	5.551727E-1	1.090868E+2	-1.221553E-2	5.898106E-2
3.439063E+0	5.492917E-1	1.090269E+2	5.549659E-1	1.056481E+2	-1.194494E-2	5.833441E-2
3.440234E+0	5.492374E-1	1.055561E+2	5.547814E-1	1.022147E+2	-1.167617E-2	5.770293E-2
3.441406E+0	5.491781E-1	1.020927E+2	5.546055E-1	9.878962E+1	-1.143108E-2	5.705384E-2
3.442578E+0	5.491255E-1	9.863699E+1	5.544372E-1	9.536825E+1	-1.119168E-2	5.647307E-2
3.443750E+0	5.491040E-1	9.518796E+1	5.543026E-1	9.195336E+1	-1.095682E-2	5.589525E-2
3.444922E+0	5.490690E-1	9.174144E+1	5.541791E-1	8.854017E+1	-1.076711E-2	5.532870E-2
3.446094E+0	5.490792E-1	8.830301E+1	5.540870E-1	8.513657E+1	-1.055084E-2	5.473745E-2
3.447266E+0	5.490889E-1	8.490200E+1	5.540237E-1	8.176598E+1	-1.039139E-2	5.421927E-2
3.448438E+0	5.491280E-1	8.096976E+1	5.539700E-1	7.786407E+1	-1.019641E-2	5.370443E-2
3.449609E+0	5.490222E-1	7.762808E+1	5.538291E-1	7.455615E+1	-1.010388E-2	5.312448E-2
3.450781E+0	5.490365E-1	7.434011E+1	5.537428E-1	7.129860E+1	-9.895744E-3	5.260848E-2
3.451953E+0	5.490379E-1	7.103268E+1	5.536852E-1	6.802045E+1	-9.763460E-3	5.210805E-2
3.453125E+0	5.490543E-1	6.769167E+1	5.536602E-1	6.470709E+1	-9.664134E-3	5.163405E-2
3.454297E+0	5.491129E-1	6.431531E+1	5.536469E-1	6.135780E+1	-9.510356E-3	5.117284E-2
3.455469E+0	5.491343E-1	6.091534E+1	5.536578E-1	5.798627E+1	-9.465976E-3	5.068216E-2
3.456641E+0	5.492422E-1	5.749951E+1	5.536498E-1	5.459596E+1	-9.234548E-3	5.025156E-2
3.457813E+0	5.493326E-1	5.404612E+1	5.536838E-1	5.116825E+1	-9.109902E-3	4.981263E-2
3.458984E+0	5.493683E-1	5.059308E+1	5.536982E-1	4.774099E+1	-9.048964E-3	4.936870E-2
3.460156E+0	5.494547E-1	4.714698E+1	5.537016E-1	4.431727E+1	-8.879991E-3	4.898903E-2
3.461328E+0	5.495058E-1	4.370298E+1	5.537229E-1	4.089885E+1	-8.804170E-3	4.854918E-2
3.462500E+0	5.495272E-1	4.025937E+1	5.536959E-1	3.747944E+1	-8.696814E-3	4.813475E-2
3.463672E+0	5.495995E-1	3.681910E+1	5.536931E-1	3.405901E+1	-8.544767E-3	4.779801E-2
3.464844E+0	5.496347E-1	3.337214E+1	5.536641E-1	3.063834E+1	-8.407503E-3	4.734859E-2
3.466016E+0	5.496481E-1	2.992845E+1	5.536288E-1	2.721531E+1	-8.303091E-3	4.699518E-2
3.467188E+0	5.496175E-1	2.648191E+1	5.535908E-1	2.379135E+1	-8.271788E-3	4.660496E-2
3.468359E+0	5.495915E-1	2.303509E+1	5.535050E-1	2.036670E+1	-8.147019E-3	4.622619E-2
3.469531E+0	5.495612E-1	1.959014E+1	5.534217E-1	1.693890E+1	-8.038625E-3	4.593369E-2
3.470703E+0	5.494980E-1	1.614283E+1	5.533437E-1	1.351266E+1	-7.996064E-3	4.557008E-2
3.471875E+0	5.494265E-1	1.269774E+1	5.532146E-1	1.008767E+1	-7.877748E-3	4.522674E-2
3.473047E+0	5.493497E-1	9.253863E+0	5.530457E-1	6.662778E+0	-7.698543E-3	4.490543E-2
3.474219E+0	5.492243E-1	5.811622E+0	5.528859E-1	3.239833E+0	-7.623250E-3	4.457395E-2
3.475391E+0	5.490945E-1	2.371762E+0	5.526985E-1	-1.806480E-1	-7.506361E-3	4.424284E-2
3.476562E+0	5.489413E-1	-1.068298E+0	5.525064E-1	-3.600567E+0	-7.422797E-3	4.389696E-2
3.477734E+0	5.487724E-1	-4.504344E+0	5.522700E-1	-7.018225E+0	-7.289415E-3	4.358364E-2
3.478906E+0	5.485602E-1	-7.938811E+0	5.520132E-1	-1.043340E+1	-7.197021E-3	4.325278E-2
3.480078E+0	5.483754E-1	-1.137058E+1	5.517838E-1	-1.384671E+1	-7.104982E-3	4.293630E-2
3.481250E+0	5.481472E-1	-1.479862E+1	5.515256E-1	-1.725981E+1	-7.042365E-3	4.267961E-2
3.482422E+0	5.479206E-1	-1.822735E+1	5.512415E-1	-2.066976E+1	-6.927368E-3	4.235846E-2
3.483594E+0	5.476893E-1	-2.165349E+1	5.509543E-1	-2.407607E+1	-6.814535E-3	4.201891E-2
3.484766E+0	5.474290E-1	-2.507767E+1	5.506654E-1	-2.748102E+1	-6.751703E-3	4.168761E-2
3.485938E+0	5.471747E-1	-2.849687E+1	5.503658E-1	-3.088377E+1	-6.660735E-3	4.140574E-2
3.487109E+0	5.469164E-1	-3.191627E+1	5.500658E-1	-3.428445E+1	-6.574675E-3	4.108419E-2
3.488281E+0	5.466468E-1	-3.532966E+1	5.497628E-1	-3.768005E+1	-6.504417E-3	4.077810E-2
3.489453E+0	5.464143E-1	-3.874287E+1	5.494735E-1	-4.107513E+1	-6.391259E-3	4.046781E-2
3.490625E+0	5.461520E-1	-4.215261E+1	5.491773E-1	-4.446783E+1	-6.320589E-3	4.017468E-2
3.491797E+0	5.459132E-1	-4.555902E+1	5.489160E-1	-4.785715E+1	-6.270314E-3	3.987982E-2
3.492969E+0	5.456876E-1	-4.896096E+1	5.486393E-1	-5.124340E+1	-6.169121E-3	3.961129E-2
3.494141E+0	5.454481E-1	-5.236120E+1	5.484149E-1	-5.462660E+1	-6.187097E-3	3.931455E-2
3.495313E+0	5.452650E-1	-5.575939E+1	5.481688E-1	-5.800915E+1	-6.063990E-3	3.904768E-2
3.496484E+0	5.450792E-1	-5.915548E+1	5.479688E-1	-6.138998E+1	-6.029663E-3	3.878389E-2
3.497656E+0	5.449262E-1	-6.254858E+1	5.477660E-1	-6.476852E+1	-5.930943E-3	3.853475E-2
3.498828E+0	5.448062E-1	-6.594313E+1	5.476195E-1	-6.814593E+1	-5.872491E-3	3.823918E-2
3.500000E+0	5.446756E-1	-6.933456E+1	5.474669E-1	-7.152198E+1	-5.823537E-3	3.797380E-2
3.501172E+0	5.445880E-1	-7.272656E+1	5.473663E-1	-7.489899E+1	-5.790840E-3	3.771457E-2
3.502344E+0	5.445206E-1	-7.611572E+1	5.472838E-1	-7.827319E+1	-5.754219E-3	3.745598E-2
3.503516E+0	5.444756E-1	-7.950408E+1	5.472026E-1	-8.164706E+1	-5.679419E-3	3.720699E-2
3.504688E+0	5.444546E-1	-8.289571E+1	5.471635E-1	-8.502399E+1	-5.637205E-3	3.695309E-2
3.505859E+0	5.444617E-1	-8.628601E+1	5.471672E-1	-8.839849E+1	-5.620809E-3	3.667912E-2
3.507031E+0	5.444846E-1	-8.967639E+1	5.472041E-1	-9.177559E+1	-5.637569E-3	3.644771E-2
3.508203E+0	5.445575E-1	-9.306746E+1	5.472299E-1	-9.515282E+1	-5.542547E-3	3.621066E-2
3.509375E+0	5.446138E-1	-9.645895E+1	5.473022E-1	-9.853020E+1	-5.562230E-3	3.596472E-2
3.510547E+0	5.447136E-1	-9.985349E+1	5.473904E-1	-1.019123E+2	-5.532476E-3	3.574960E-2
3.511719E+0	5.448362E-1	-1.032481E+2	5.475108E-1	-1.052932E+2	-5.518860E-3	3.551182E-2
3.512891E+0	5.449723E-1	-1.066446E+2	5.476173E-1	-1.086774E+2	-5.456291E-3	3.530028E-2
3.514063E+0	5.451229E-1	-1.100445E+2	5.477576E-1	-1.120626E+2	-5.427239E-3	3.504582E-2
3.515234E+0	5.452830E-1	-1.134447E+2	5.479344E-1	-1.154519E+2	-5.449498E-3	3.485560E-2
3.516406E+0	5.454462E-1	-1.168475E+2	5.480755E-1	-1.188412E+2	-5.399769E-3	3.462271E-2
3.517578E+0	5.456205E-1	-1.202523E+2	5.482580E-1	-1.222370E+2	-5.407695E-3	3.446602E-2
3.518750E+0	5.457966E-1	-1.236588E+2	5.484228E-1	-1.256308E+2	-5.378042E-3	3.424632E-2
3.519922E+0	5.459709E-1	-1.270686E+2	5.486235E-1	-1.290281E+2	-5.416936E-3	3.402774E-2
3.521094E+0	5.461660E-1	-1.304797E+2	5.487903E-1	-1.324287E+2	-5.357710E-3	3.384727E-2
3.522266E+0	5.463350E-1	-1.338935E+2	5.489690E-1	-1.358308E+2	-5.366923E-3	3.364362E-2
3.523437E+0	5.464996E-1	-1.373104E+2	5.491331E-1	-1.392368E+2	-5.358197E-3	3.345448E-2
3.524609E+0	5.466775E-1	-1.407262E+2	5.492921E-1	-1.426429E+2	-5.316772E-3	3.328728E-2
3.525781E+0	5.467992E-1	-1.441465E+2	5.494462E-1	-1.460518E+2	-5.367770E-3	3.308746E-2
3.526953E+0	5.469593E-1	-1.475652E+2	5.495820E-1	-1.494621E+2	-5.317549E-3	3.294314E-2
3.528125E+0	5.470697E-1	-1.509871E+2	5.497285E-1	-1.528757E+2	-5.377149E-3	3.279692E-2
3.529297E+0	5.471886E-1	-1.544100E+2	5.498373E-1	-1.562899E+2	-5.352865E-3	3.264653E-2
3.530469E+0	5.472785E-1	-1.578333E+2	5.499271E-1	-1.597059E+2	-5.347746E-3	3.251983E-2
3.531641E+0	5.473624E-1	-1.612595E+2	5.500070E-1	-1.631218E+2	-5.333947E-3	3.234129E-2
3.532813E+0	5.474318E-1	-1.646873E+2	5.500662E-1	-1.665410E+2	-5.310054E-3	3.219260E-2
3.533984E+0	5.474827E-1	-1.681134E+2	5.501205E-1	-1.699583E+2	-5.310826E-3	3.203965E-2
3.535156E+0	5.475118E-1	-1.715386E+2	5.501351E-1	-1.733763E+2	-5.280336E-3	3.191550E-2
3.536328E+0	5.475109E-1	-1.749677E+2	5.501431E-1	-1.767948E+2	-5.290549E-3	3.173096E-2
3.537500E+0	5.475122E-1	-1.783944E+2	5.501406E-1	1.797863E+2	-5.279356E-3	3.159576E-2
3.538672E+0	5.474734E-1	1.781817E+2	5.501047E-1	1.763681E+2	-5.281799E-3	3.149662E-2
3.539844E+0	5.474547E-1	1.747531E+2	5.500410E-1	1.729491E+2	-5.195318E-3	3.133252E-2
3.541016E+0	5.473970E-1	1.713294E+2	5.499745E-1	1.695332E+2	-5.175637E-3	3.119757E-2
3.542188E+0	5.473127E-1	1.679046E+2	5.498843E-1	1.661156E+2	-5.161768E-3	3.107287E-2
3.543359E+0	5.472214E-1	1.644818E+2	5.497993E-1	1.627002E+2	-5.169939E-3	3.094400E-2
3.544531E+0	5.471168E-1	1.610586E+2	5.496795E-1	1.592864E+2	-5.138258E-3	3.078161E-2
3.545703E+0	5.469973E-1	1.576365E+2	5.495557E-1	1.558715E+2	-5.127627E-3	3.065680E-2
3.546875E+0	5.468725E-1	1.542182E+2	5.494169E-1	1.524591E+2	-5.100181E-3	3.055510E-2
3.548047E+0	5.467213E-1	1.508013E+2	5.492716E-1	1.490482E+2	-5.108948E-3	3.045055E-2
3.549219E+0	5.466010E-1	1.473821E+2	5.491408E-1	1.456395E+2	-5.085378E-3	3.026877E-2
3.550391E+0	5.464433E-1	1.439649E+2	5.489746E-1	1.422308E+2	-5.066821E-3	3.012160E-2
3.551563E+0	5.462421E-1	1.405518E+2	5.488104E-1	1.388240E+2	-5.132282E-3	3.001013E-2
3.552734E+0	5.460595E-1	1.371417E+2	5.486607E-1	1.354202E+2	-5.190202E-3	2.989890E-2
3.553906E+0	5.458682E-1	1.337366E+2	5.484959E-1	1.320177E+2	-5.238562E-3	2.985226E-2
3.555078E+0	5.456886E-1	1.303341E+2	5.483321E-1	1.286177E+2	-5.267493E-3	2.980795E-2
3.556250E+0	5.455256E-1	1.269358E+2	5.481856E-1	1.252181E+2	-5.299543E-3	2.982958E-2
3.557422E+0	5.454315E-1	1.235413E+2	5.480399E-1	1.218195E+2	-5.208858E-3	2.990355E-2
3.558594E+0	5.453660E-1	1.201435E+2	5.478962E-1	1.184242E+2	-5.066139E-3	2.986439E-2
3.559766E+0	5.453206E-1	1.167447E+2	5.477642E-1	1.150295E+2	-4.907090E-3	2.979789E-2
3.560938E+0	5.452911E-1	1.133457E+2	5.476612E-1	1.116369E+2	-4.770459E-3	2.969071E-2
3.562109E+0	5.452648E-1	1.099458E+2	5.475458E-1	1.082443E+2	-4.604942E-3	2.956872E-2
3.563281E+0	5.452390E-1	1.065466E+2	5.474584E-1	1.048524E+2	-4.489376E-3	2.944520E-2
3.564453E+0	5.452278E-1	1.031454E+2	5.473884E-1	1.014626E+2	-4.376683E-3	2.925027E-2
3.565625E+0	5.452187E-1	9.974624E+1	5.473459E-1	9.807232E+1	-4.311472E-3	2.909773E-2
3.566797E+0	5.452349E-1	9.634805E+1	5.473430E-1	9.468088E+1	-4.273191E-3	2.898145E-2
3.567969E+0	5.452611E-1	9.294803E+1	5.473144E-1	9.129244E+1	-4.167471E-3	2.878309E-2
3.569141E+0	5.452871E-1	8.954688E+1	5.473031E-1	8.790237E+1	-4.093877E-3	2.859246E-2
3.570313E+0	5.453550E-1	8.614793E+1	5.473620E-1	8.451109E+1	-4.073226E-3	2.845963E-2
3.571484E+0	5.454142E-1	8.274667E+1	5.473878E-1	8.111895E+1	-4.007543E-3	2.830284E-2
3.572656E+0	5.455090E-1	7.934503E+1	5.474717E-1	7.772536E+1	-3.983123E-3	2.816348E-2
3.573828E+0	5.456177E-1	7.594090E+1	5.475657E-1	7.432926E+1	-3.951735E-3	2.802466E-2
3.575000E+0	5.457157E-1	7.253574E+1	5.476902E-1	7.093290E+1	-3.995000E-3	2.787035E-2
3.576172E+0	5.458593E-1	6.913002E+1	5.478038E-1	6.753415E+1	-3.936127E-3	2.775073E-2
3.577344E+0	5.460173E-1	6.572014E+1	5.479332E-1	6.413369E+1	-3.878563E-3	2.758843E-2
3.578516E+0	5.461594E-1	6.230764E+1	5.480645E-1	6.072802E+1	-3.854746E-3	2.747026E-2
3.579688E+0	5.463187E-1	5.889378E+1	5.482298E-1	5.731826E+1	-3.862676E-3	2.739870E-2
3.580859E+0	5.464807E-1	5.547348E+1	5.483918E-1	5.390923E+1	-3.856276E-3	2.720279E-2
3.582031E+0	5.466201E-1	5.205476E+1	5.485377E-1	5.049525E+1	-3.864948E-3	2.712008E-2
3.583203E+0	5.467865E-1	4.863012E+1	5.486823E-1	4.707820E+1	-3.820726E-3	2.698923E-2
3.584375E+0	5.469214E-1	4.520251E+1	5.488174E-1	4.365551E+1	-3.817926E-3	2.690370E-2
3.585547E+0	5.470534E-1	4.177259E+1	5.489131E-1	4.023284E+1	-3.747821E-3	2.677944E-2
3.586719E+0	5.471534E-1	3.833978E+1	5.490193E-1	3.680486E+1	-3.756201E-3	2.669517E-2
3.587891E+0	5.472591E-1	3.490339E+1	5.491182E-1	3.337556E+1	-3.739914E-3	2.657224E-2
3.589063E+0	5.472956E-1	3.146388E+1	5.491459E-1	2.994026E+1	-3.721774E-3	2.649946E-2
3.590234E+0	5.473276E-1	2.802407E+1	5.491895E-1	2.650721E+1	-3.739502E-3	2.638136E-2
3.591406E+0	5.473231E-1	2.457941E+1	5.491597E-1	2.307037E+1	-3.690040E-3	2.624660E-2
3.592578E+0	5.472676E-1	2.113539E+1	5.491213E-1	1.963117E+1	-3.719199E-3	2.616196E-2
3.593750E+0	5.471932E-1	1.768900E+1	5.490206E-1	1.618999E+1	-3.669556E-3	2.607260E-2
3.594922E+0	5.470643E-1	1.424177E+1	5.488914E-1	1.274768E+1	-3.667558E-3	2.598704E-2
3.596094E+0	5.469099E-1	1.079375E+1	5.487259E-1	9.305734E+0	-3.645590E-3	2.588192E-2
3.597266E+0	5.466996E-1	7.347352E+0	5.485062E-1	5.864557E+0	-3.627430E-3	2.579154E-2
3.598438E+0	5.464306E-1	3.899828E+0	5.482398E-1	2.421728E+0	-3.631660E-3	2.570973E-2
3.599609E+0	5.461242E-1	4.552269E-1	5.479106E-1	-1.018248E+0	-3.589971E-3	2.563032E-2
3.600781E+0	5.457799E-1	-2.990355E+0	5.475708E-1	-4.458088E+0	-3.597646E-3	2.553020E-2
3.601953E+0	5.454071E-1	-6.439644E+0	5.471897E-1	-7.902006E+0	-3.582371E-3	2.543712E-2
3.603125E+0	5.449811E-1	-9.886554E+0	5.467339E-1	-1.134475E+1	-3.528751E-3	2.536599E-2
3.604297E+0	5.444966E-1	-1.333092E+1	5.462379E-1	-1.478274E+1	-3.507798E-3	2.525556E-2
3.605469E+0	5.440319E-1	-1.676767E+1	5.457356E-1	-1.821659E+1	-3.440578E-3	2.520679E-2
3.606641E+0	5.435007E-1	-2.020378E+1	5.451911E-1	-2.164552E+1	-3.416157E-3	2.508244E-2
3.607813E+0	5.429423E-1	-2.363429E+1	5.446140E-1	-2.507167E+1	-3.383210E-3	2.500739E-2
3.608984E+0	5.423548E-1	-2.705779E+1	5.440431E-1	-2.849263E+1	-3.415825E-3	2.496236E-2
3.610156E+0	5.417773E-1	-3.047857E+1	5.434395E-1	-3.190643E+1	-3.368225E-3	2.484206E-2
3.611328E+0	5.411900E-1	-3.389548E+1	5.428256E-1	-3.531566E+1	-3.319374E-3	2.470960E-2
3.612500E+0	5.405732E-1	-3.730411E+1	5.422090E-1	-3.871920E+1	-3.320977E-3	2.462096E-2
3.613672E+0	5.399717E-1	-4.070856E+1	5.415922E-1	-4.211959E+1	-3.294429E-3	2.455095E-2
3.614844E+0	5.394015E-1	-4.410683E+1	5.409781E-1	-4.551284E+1	-3.214552E-3	2.446553E-2
3.616016E+0	5.388010E-1	-4.749999E+1	5.403829E-1	-4.889952E+1	-3.224805E-3	2.435248E-2
3.617188E+0	5.382333E-1	-5.088694E+1	5.397992E-1	-5.227999E+1	-3.195590E-3	2.424039E-2
3.618359E+0	5.376828E-1	-5.426841E+1	5.392269E-1	-5.565979E+1	-3.157546E-3	2.421224E-2
3.619531E+0	5.371739E-1	-5.764485E+1	5.386687E-1	-5.903096E+1	-3.066794E-3	2.412270E-2
3.620703E+0	5.366866E-1	-6.101841E+1	5.381811E-1	-6.239788E+1	-3.065961E-3	2.400712E-2
3.621875E+0	5.361866E-1	-6.438844E+1	5.377020E-1	-6.576171E+1	-3.104701E-3	2.389825E-2
3.623047E+0	5.357643E-1	-6.775214E+1	5.372691E-1	-6.912044E+1	-3.085178E-3	2.381219E-2
3.624219E+0	5.354083E-1	-7.111362E+1	5.368890E-1	-7.247637E+1	-3.039983E-3	2.371664E-2
3.625391E+0	5.350543E-1	-7.447054E+1	5.365099E-1	-7.582906E+1	-2.993412E-3	2.364410E-2
3.626563E+0	5.347561E-1	-7.782506E+1	5.362111E-1	-7.917618E+1	-2.990760E-3	2.351533E-2
3.627734E+0	5.345054E-1	-8.117616E+1	5.359656E-1	-8.252489E+1	-3.000722E-3	2.347348E-2
3.628906E+0	5.343249E-1	-8.452765E+1	5.357379E-1	-8.586902E+1	-2.910793E-3	2.334744E-2
3.630078E+0	5.341651E-1	-8.787759E+1	5.355935E-1	-8.921362E+1	-2.938078E-3	2.325383E-2
3.631250E+0	5.340660E-1	-9.122713E+1	5.354801E-1	-9.255855E+1	-2.910077E-3	2.317421E-2
3.632422E+0	5.340261E-1	-9.457577E+1	5.354348E-1	-9.589978E+1	-2.897229E-3	2.304549E-2
3.633594E+0	5.340374E-1	-9.792565E+1	5.354358E-1	-9.924434E+1	-2.875857E-3	2.295335E-2
3.634766E+0	5.340737E-1	-1.012764E+2	5.354998E-1	-1.025901E+2	-2.925264E-3	2.286533E-2
3.635938E+0	5.342000E-1	-1.046257E+2	5.355861E-1	-1.059345E+2	-2.848218E-3	2.278177E-2
3.637109E+0	5.343522E-1	-1.079757E+2	5.357673E-1	-1.092803E+2	-2.899789E-3	2.270746E-2
3.638281E+0	5.345564E-1	-1.113336E+2	5.359608E-1	-1.126297E+2	-2.875519E-3	2.256001E-2
3.639453E+0	5.348157E-1	-1.146901E+2	5.362280E-1	-1.159818E+2	-2.887213E-3	2.248314E-2
3.640625E+0	5.351183E-1	-1.180499E+2	5.365070E-1	-1.193357E+2	-2.839557E-3	2.238148E-2
3.641797E+0	5.354456E-1	-1.214132E+2	5.368557E-1	-1.226953E+2	-2.876284E-3	2.231623E-2
3.642969E+0	5.358121E-1	-1.247822E+2	5.372373E-1	-1.260594E+2	-2.900614E-3	2.223037E-2
3.644141E+0	5.362219E-1	-1.281527E+2	5.376359E-1	-1.294229E+2	-2.875112E-3	2.210906E-2
3.645313E+0	5.366780E-1	-1.315300E+2	5.380852E-1	-1.327964E+2	-2.858818E-3	2.204325E-2
3.646484E+0	5.371516E-1	-1.349116E+2	5.385577E-1	-1.361743E+2	-2.853061E-3	2.197895E-2
3.647656E+0	5.376345E-1	-1.382978E+2	5.390388E-1	-1.395564E+2	-2.845823E-3	2.190772E-2
3.648828E+0	5.381555E-1	-1.416901E+2	5.395799E-1	-1.429437E+2	-2.878545E-3	2.181995E-2
3.650000E+0	5.386763E-1	-1.450896E+2	5.401219E-1	-1.463400E+2	-2.913921E-3	2.176346E-2
3.651172E+0	5.392049E-1	-1.484929E+2	5.406345E-1	-1.497386E+2	-2.880014E-3	2.168237E-2
3.652344E+0	5.397272E-1	-1.519025E+2	5.411820E-1	-1.531428E+2	-2.921854E-3	2.158744E-2
3.653516E+0	5.402658E-1	-1.553194E+2	5.417211E-1	-1.565559E+2	-2.918673E-3	2.152135E-2
3.654688E+0	5.408051E-1	-1.587401E+2	5.422618E-1	-1.599718E+2	-2.916776E-3	2.143782E-2
3.655859E+0	5.413111E-1	-1.621667E+2	5.427790E-1	-1.633985E+2	-2.934884E-3	2.143917E-2
3.657031E+0	5.418049E-1	-1.656014E+2	5.432951E-1	-1.668282E+2	-2.971485E-3	2.135134E-2
3.658203E+0	5.422860E-1	-1.690385E+2	5.437545E-1	-1.702635E+2	-2.928600E-3	2.132092E-2
3.659375E+0	5.427077E-1	-1.724836E+2	5.442066E-1	-1.737043E+2	-2.980608E-3	2.124495E-2
3.660547E+0	5.431178E-1	-1.759326E+2	5.446290E-1	-1.771510E+2	-3.000199E-3	2.120449E-2
3.661719E+0	5.434768E-1	-1.793855E+2	5.449927E-1	1.794012E+2	-3.005086E-3	2.111560E-2
3.662891E+0	5.438041E-1	1.771574E+2	5.453089E-1	1.759442E+2	-2.983086E-3	2.111433E-2
3.664063E+0	5.440759E-1	1.736951E+2	5.455795E-1	1.724851E+2	-2.978341E-3	2.105872E-2
3.665234E+0	5.443009E-1	1.702316E+2	5.458205E-1	1.690211E+2	-3.006615E-3	2.106682E-2
3.666406E+0	5.444727E-1	1.667623E+2	5.459880E-1	1.655601E+2	-2.994846E-3	2.092258E-2
3.667578E+0	5.445516E-1	1.632948E+2	5.460637E-1	1.620900E+2	-2.989553E-3	2.096795E-2
3.668750E+0	5.446016E-1	1.598242E+2	5.461275E-1	1.586222E+2	-3.013470E-3	2.091871E-2
3.669922E+0	5.446010E-1	1.563523E+2	5.460929E-1	1.551536E+2	-2.950196E-3	2.086258E-2
3.671094E+0	5.445043E-1	1.528800E+2	5.460124E-1	1.516840E+2	-2.979280E-3	2.081497E-2
3.672266E+0	5.443705E-1	1.494092E+2	5.458630E-1	1.482160E+2	-2.950448E-3	2.076683E-2
3.673438E+0	5.441587E-1	1.459421E+2	5.456458E-1	1.447498E+2	-2.941315E-3	2.075135E-2
3.674609E+0	5.439238E-1	1.424769E+2	5.453917E-1	1.412849E+2	-2.907280E-3	2.074683E-2
3.675781E+0	5.435715E-1	1.390103E+2	5.450606E-1	1.378239E+2	-2.945778E-3	2.064854E-2
3.676953E+0	5.432068E-1	1.355510E+2	5.446758E-1	1.343658E+2	-2.910380E-3	2.062838E-2
3.678125E+0	5.427768E-1	1.320924E+2	5.442309E-1	1.309109E+2	-2.883882E-3	2.056451E-2
3.679297E+0	5.423132E-1	1.286413E+2	5.437689E-1	1.274634E+2	-2.887804E-3	2.050175E-2
3.680469E+0	5.418097E-1	1.251927E+2	5.432393E-1	1.240173E+2	-2.841484E-3	2.045918E-2
3.681641E+0	5.412838E-1	1.217532E+2	5.426918E-1	1.205776E+2	-2.804417E-3	2.046342E-2
3.682813E+0	5.406873E-1	1.183173E+2	5.421029E-1	1.171459E+2	-2.819754E-3	2.038998E-2
3.683984E+0	5.400836E-1	1.148882E+2	5.415073E-1	1.137198E+2	-2.836514E-3	2.033740E-2
3.685156E+0	5.394729E-1	1.114662E+2	5.408642E-1	1.102999E+2	-2.779003E-3	2.030201E-2
3.686328E+0	5.388649E-1	1.080524E+2	5.402236E-1	1.068872E+2	-2.721331E-3	2.028403E-2
3.687500E+0	5.382333E-1	1.046437E+2	5.395585E-1	1.034797E+2	-2.661931E-3	2.026434E-2
3.688672E+0	5.375941E-1	1.012431E+2	5.389338E-1	1.000829E+2	-2.690335E-3	2.019759E-2
3.689844E+0	5.369700E-1	9.785085E+1	5.382811E-1	9.669411E+1	-2.639009E-3	2.013838E-2
3.691016E+0	5.363626E-1	9.446828E+1	5.376737E-1	9.331482E+1	-2.640609E-3	2.008123E-2
3.692188E+0	5.357866E-1	9.109221E+1	5.370845E-1	8.994366E+1	-2.616994E-3	1.999620E-2
3.693359E+0	5.352123E-1	8.772733E+1	5.365043E-1	8.658153E+1	-2.607653E-3	1.994849E-2
3.694531E+0	5.347100E-1	8.436873E+1	5.359707E-1	8.322684E+1	-2.550304E-3	1.988155E-2
3.695703E+0	5.342157E-1	8.101084E+1	5.354518E-1	7.987343E+1	-2.505098E-3	1.980442E-2
3.696875E+0	5.337808E-1	7.764284E+1	5.350280E-1	7.650938E+1	-2.526306E-3	1.973521E-2
3.698047E+0	5.333884E-1	7.426302E+1	5.346115E-1	7.313081E+1	-2.482621E-3	1.971430E-2
3.699219E+0	5.330248E-1	7.086823E+1	5.342348E-1	6.974191E+1	-2.457696E-3	1.961221E-2
3.700391E+0	5.327094E-1	6.747486E+1	5.339233E-1	6.635088E+1	-2.465520E-3	1.957130E-2
3.701563E+0	5.324208E-1	6.408710E+1	5.336513E-1	6.296676E+1	-2.496538E-3	1.950729E-2
3.702734E+0	5.322054E-1	6.070911E+1	5.334066E-1	5.959254E+1	-2.441395E-3	1.944271E-2
3.703906E+0	5.320487E-1	5.733876E+1	5.332354E-1	5.622554E+1	-2.413795E-3	1.938490E-2
3.705078E+0	5.319301E-1	5.397335E+1	5.330964E-1	5.286412E+1	-2.374768E-3	1.931615E-2
3.706250E+0	5.318432E-1	5.061083E+1	5.330181E-1	4.950518E+1	-2.390016E-3	1.925350E-2
3.707422E+0	5.318359E-1	4.724696E+1	5.329999E-1	4.614417E+1	-2.368685E-3	1.920410E-2
3.708594E+0	5.318611E-1	4.387827E+1	5.330372E-1	4.277734E+1	-2.390605E-3	1.917128E-2
3.709766E+0	5.319443E-1	4.049760E+1	5.331164E-1	3.940150E+1	-2.381163E-3	1.908733E-2
3.710938E+0	5.320696E-1	3.709308E+1	5.332459E-1	3.600082E+1	-2.387227E-3	1.902033E-2
3.712109E+0	5.321956E-1	3.363965E+1	5.333776E-1	3.254998E+1	-2.396508E-3	1.897504E-2
3.713281E+0	5.323215E-1	3.025089E+1	5.334943E-1	2.916493E+1	-2.377555E-3	1.891078E-2
3.714453E+0	5.325349E-1	2.705944E+1	5.337225E-1	2.597701E+1	-2.403177E-3	1.884881E-2
3.715625E+0	5.328029E-1	2.384302E+1	5.339922E-1	2.276161E+1	-2.404901E-3	1.883101E-2
3.716797E+0	5.331261E-1	2.053502E+1	5.343166E-1	1.945883E+1	-2.404083E-3	1.874011E-2
3.717969E+0	5.334890E-1	1.715836E+1	5.346661E-1	1.608751E+1	-2.375827E-3	1.864763E-2
3.719141E+0	5.338641E-1	1.375945E+1	5.350260E-1	1.269162E+1	-2.344960E-3	1.859560E-2
3.720313E+0	5.342439E-1	1.035110E+1	5.354453E-1	9.285438E+0	-2.416314E-3	1.855651E-2
3.721484E+0	5.346481E-1	6.941153E+0	5.358211E-1	5.878424E+0	-2.360798E-3	1.850645E-2
3.722656E+0	5.350432E-1	3.525750E+0	5.362276E-1	2.465406E+0	-2.379626E-3	1.846456E-2
3.723828E+0	5.354323E-1	1.061965E-1	5.366381E-1	-9.506951E-1	-2.416697E-3	1.840375E-2
3.725000E+0	5.357949E-1	-3.314514E+0	5.370228E-1	-4.371350E+0	-2.456215E-3	1.840205E-2
3.726172E+0	5.361612E-1	-6.741613E+0	5.373787E-1	-7.794130E+0	-2.433967E-3	1.832724E-2
3.727344E+0	5.365279E-1	-1.017134E+1	5.377414E-1	-1.122207E+1	-2.424431E-3	1.829629E-2
3.728516E+0	5.368700E-1	-1.360501E+1	5.380566E-1	-1.465241E+1	-2.372061E-3	1.823925E-2
3.729688E+0	5.371383E-1	-1.703885E+1	5.383472E-1	-1.808690E+1	-2.412494E-3	1.824983E-2
3.730859E+0	5.373915E-1	-2.047747E+1	5.386226E-1	-2.152224E+1	-2.451512E-3	1.819199E-2
3.732031E+0	5.376126E-1	-2.391916E+1	5.388409E-1	-2.495999E+1	-2.444142E-3	1.812350E-2
3.733203E+0	5.377930E-1	-2.736085E+1	5.390380E-1	-2.840087E+1	-2.474029E-3	1.810885E-2
3.734375E+0	5.379391E-1	-3.080758E+1	5.391688E-1	-3.184479E+1	-2.444209E-3	1.806046E-2
3.735547E+0	5.380263E-1	-3.425507E+1	5.392636E-1	-3.529078E+1	-2.457427E-3	1.803409E-2
3.736719E+0	5.380750E-1	-3.770259E+1	5.392855E-1	-3.873857E+1	-2.407731E-3	1.803969E-2
3.737891E+0	5.380648E-1	-4.115231E+1	5.392950E-1	-4.218605E+1	-2.443510E-3	1.800003E-2
3.739063E+0	5.379902E-1	-4.460363E+1	5.392289E-1	-4.563577E+1	-2.459048E-3	1.797189E-2
3.740234E+0	5.378989E-1	-4.805394E+1	5.390995E-1	-4.908409E+1	-2.388314E-3	1.793850E-2
3.741406E+0	5.377270E-1	-5.150474E+1	5.389509E-1	-5.253259E+1	-2.431434E-3	1.789767E-2
3.742578E+0	5.375039E-1	-5.495490E+1	5.387139E-1	-5.598210E+1	-2.406432E-3	1.788680E-2
3.743750E+0	5.372493E-1	-5.840208E+1	5.384369E-1	-5.942555E+1	-2.364830E-3	1.782257E-2
3.744922E+0	5.369394E-1	-6.184909E+1	5.381546E-1	-6.287083E+1	-2.416727E-3	1.779152E-2
3.746094E+0	5.366174E-1	-6.529192E+1	5.378093E-1	-6.631337E+1	-2.374770E-3	1.778721E-2
3.747266E+0	5.362110E-1	-6.873428E+1	5.374121E-1	-6.975306E+1	-2.392696E-3	1.774039E-2
3.748438E+0	5.358100E-1	-7.217041E+1	5.369831E-1	-7.318866E+1	-2.342182E-3	1.773206E-2
3.749609E+0	5.353782E-1	-7.560570E+1	5.365266E-1	-7.662033E+1	-2.296893E-3	1.766981E-2
3.750781E+0	5.349074E-1	-7.903553E+1	5.360439E-1	-8.004855E+1	-2.276127E-3	1.764213E-2
3.751953E+0	5.344142E-1	-8.245851E+1	5.355549E-1	-8.346996E+1	-2.285421E-3	1.761462E-2
3.753125E+0	5.339250E-1	-8.587961E+1	5.350640E-1	-8.688820E+1	-2.283320E-3	1.756484E-2
3.754297E+0	5.334117E-1	-8.929417E+1	5.345513E-1	-9.029943E+1	-2.285465E-3	1.750679E-2
3.755469E+0	5.329105E-1	-9.270253E+1	5.340555E-1	-9.370694E+1	-2.297294E-3	1.749178E-2
3.756641E+0	5.324303E-1	-9.610765E+1	5.335454E-1	-9.710868E+1	-2.242281E-3	1.743387E-2
3.757813E+0	5.319304E-1	-9.950403E+1	5.330500E-1	-1.005064E+2	-2.253072E-3	1.745702E-2
3.758984E+0	5.314495E-1	-1.028986E+2	5.325658E-1	-1.038965E+2	-2.247427E-3	1.737926E-2
3.760156E+0	5.310305E-1	-1.062863E+2	5.321032E-1	-1.072829E+2	-2.166928E-3	1.735801E-2
3.761328E+0	5.305980E-1	-1.096703E+2	5.316741E-1	-1.106631E+2	-2.173800E-3	1.729169E-2
3.762500E+0	5.301875E-1	-1.130495E+2	5.312743E-1	-1.140404E+2	-2.194887E-3	1.725823E-2
3.763672E+0	5.298607E-1	-1.164232E+2	5.309113E-1	-1.174113E+2	-2.127269E-3	1.721062E-2
3.764844E+0	5.295234E-1	-1.197941E+2	5.305895E-1	-1.207791E+2	-2.156748E-3	1.715611E-2
3.766016E+0	5.292272E-1	-1.231603E+2	5.302938E-1	-1.241429E+2	-2.158093E-3	1.711427E-2
3.767188E+0	5.290069E-1	-1.265246E+2	5.300414E-1	-1.275053E+2	-2.097931E-3	1.708220E-2
3.768359E+0	5.288183E-1	-1.298851E+2	5.298319E-1	-1.308632E+2	-2.058488E-3	1.703758E-2
3.769531E+0	5.286633E-1	-1.332455E+2	5.296850E-1	-1.342188E+2	-2.072884E-3	1.695371E-2
3.770703E+0	5.285615E-1	-1.366012E+2	5.295810E-1	-1.375740E+2	-2.068962E-3	1.694506E-2
3.771875E+0	5.285296E-1	-1.399584E+2	5.295331E-1	-1.409285E+2	-2.038127E-3	1.689855E-2
3.773047E+0	5.285293E-1	-1.433160E+2	5.295122E-1	-1.442831E+2	-1.998421E-3	1.684695E-2
3.774219E+0	5.285662E-1	-1.466705E+2	5.295822E-1	-1.476387E+2	-2.060992E-3	1.686506E-2
3.775391E+0	5.286639E-1	-1.500296E+2	5.296808E-1	-1.509918E+2	-2.060573E-3	1.676053E-2
3.776563E+0	5.288181E-1	-1.533872E+2	5.298250E-1	-1.543473E+2	-2.040566E-3	1.672428E-2
3.777734E+0	5.289733E-1	-1.567490E+2	5.299984E-1	-1.577062E+2	-2.073434E-3	1.667320E-2
3.778906E+0	5.292264E-1	-1.601117E+2	5.302454E-1	-1.610666E+2	-2.060362E-3	1.663335E-2
3.780078E+0	5.294895E-1	-1.634766E+2	5.305125E-1	-1.644298E+2	-2.066440E-3	1.660363E-2
3.781250E+0	5.297956E-1	-1.668487E+2	5.308129E-1	-1.677951E+2	-2.052649E-3	1.648539E-2
3.782422E+0	5.301164E-1	-1.702181E+2	5.311511E-1	-1.711655E+2	-2.084471E-3	1.650229E-2
3.783594E+0	5.304924E-1	-1.735953E+2	5.315228E-1	-1.745393E+2	-2.074043E-3	1.644322E-2
3.784766E+0	5.308952E-1	-1.769752E+2	5.319381E-1	-1.779174E+2	-2.095509E-3	1.641151E-2
3.785938E+0	5.313023E-1	1.796407E+2	5.323476E-1	1.787011E+2	-2.097765E-3	1.636618E-2
3.787109E+0	5.317255E-1	1.762502E+2	5.327708E-1	1.753132E+2	-2.095464E-3	1.632092E-2
3.788281E+0	5.321743E-1	1.728592E+2	5.332248E-1	1.719225E+2	-2.103459E-3	1.631556E-2
3.789453E+0	5.326401E-1	1.694600E+2	5.336732E-1	1.685245E+2	-2.068862E-3	1.629522E-2
3.790625E+0	5.330901E-1	1.660544E+2	5.341407E-1	1.651230E+2	-2.098763E-3	1.622331E-2
3.791797E+0	5.335482E-1	1.626465E+2	5.346007E-1	1.617146E+2	-2.100766E-3	1.623199E-2
3.792969E+0	5.339913E-1	1.592336E+2	5.350708E-1	1.583039E+2	-2.148868E-3	1.619288E-2
3.794141E+0	5.344208E-1	1.558139E+2	5.355018E-1	1.548860E+2	-2.149537E-3	1.616151E-2
3.795313E+0	5.348364E-1	1.523904E+2	5.359167E-1	1.514634E+2	-2.146415E-3	1.614588E-2
3.796484E+0	5.352356E-1	1.489626E+2	5.363177E-1	1.480378E+2	-2.147645E-3	1.610754E-2
3.797656E+0	5.356054E-1	1.455285E+2	5.366998E-1	1.446068E+2	-2.168253E-3	1.605320E-2
3.798828E+0	5.359560E-1	1.420934E+2	5.370570E-1	1.411697E+2	-2.179746E-3	1.608786E-2
3.800000E+0	5.362602E-1	1.386525E+2	5.373487E-1	1.377322E+2	-2.154421E-3	1.602904E-2
