3.601172E+0	5.295872E-1	-6.319113E+0	5.477471E-1	-3.307979E+0	-3.448868E-2	-5.078844E-2
3.602344E+0	5.291623E-1	-9.784415E+0	5.473658E-1	-6.753713E+0	-3.460869E-2	-5.111276E-2
3.603516E+0	5.286866E-1	-1.325237E+1	5.469322E-1	-1.019684E+1	-3.473412E-2	-5.152558E-2
3.604688E+0	5.281754E-1	-1.672411E+1	5.464674E-1	-1.363539E+1	-3.487725E-2	-5.207862E-2
3.605859E+0	5.275650E-1	-2.019860E+1	5.459446E-1	-1.707059E+1	-3.510542E-2	-5.272992E-2
3.607031E+0	5.268073E-1	-2.367566E+1	5.454314E-1	-2.050242E+1	-3.562655E-2	-5.346504E-2
3.608203E+0	5.258427E-1	-2.713760E+1	5.448706E-1	-2.392811E+1	-3.643559E-2	-5.403171E-2
3.609375E+0	5.248729E-1	-3.057640E+1	5.442865E-1	-2.734996E+1	-3.719654E-2	-5.427477E-2
3.610547E+0	5.239933E-1	-3.400100E+1	5.436842E-1	-3.076649E+1	-3.775288E-2	-5.437937E-2
3.611719E+0	5.231796E-1	-3.742002E+1	5.430863E-1	-3.417832E+1	-3.819624E-2	-5.447540E-2
3.612891E+0	5.224554E-1	-4.084141E+1	5.424598E-1	-3.758572E+1	-3.843165E-2	-5.469761E-2
3.614063E+0	5.217361E-1	-4.426578E+1	5.418463E-1	-4.098523E+1	-3.869210E-2	-5.510125E-2
3.615234E+0	5.209673E-1	-4.769639E+1	5.412263E-1	-4.437986E+1	-3.904380E-2	-5.568655E-2
3.616406E+0	5.200977E-1	-5.112535E+1	5.406285E-1	-4.776910E+1	-3.962584E-2	-5.632086E-2
3.617578E+0	5.190957E-1	-5.454163E+1	5.400293E-1	-5.115258E+1	-4.044489E-2	-5.682405E-2
3.618750E+0	5.181012E-1	-5.793512E+1	5.394757E-1	-5.453224E+1	-4.131417E-2	-5.700479E-2
3.619922E+0	5.173158E-1	-6.131625E+1	5.389034E-1	-5.790576E+1	-4.175849E-2	-5.710610E-2
3.621094E+0	5.165976E-1	-6.471170E+1	5.384047E-1	-6.127481E+1	-4.222889E-2	-5.752095E-2
3.622266E+0	5.157731E-1	-6.810585E+1	5.379066E-1	-6.463807E+1	-4.290316E-2	-5.799834E-2
3.623438E+0	5.149688E-1	-7.148714E+1	5.374535E-1	-6.799953E+1	-4.361016E-2	-5.828772E-2
3.624609E+0	5.141746E-1	-7.486166E+1	5.370565E-1	-7.135703E+1	-4.439659E-2	-5.852472E-2
3.625781E+0	5.134400E-1	-7.822470E+1	5.366817E-1	-7.470866E+1	-4.510712E-2	-5.867208E-2
3.626953E+0	5.128501E-1	-8.158170E+1	5.363749E-1	-7.805998E+1	-4.566447E-2	-5.873280E-2
3.628125E+0	5.123915E-1	-8.494399E+1	5.360879E-1	-8.140715E+1	-4.602292E-2	-5.896344E-2
3.629297E+0	5.119780E-1	-8.831262E+1	5.358799E-1	-8.475237E+1	-4.644696E-2	-5.932834E-2
3.630469E+0	5.115483E-1	-9.168251E+1	5.356863E-1	-8.809656E+1	-4.692964E-2	-5.972747E-2
3.631641E+0	5.112079E-1	-9.505277E+1	5.355750E-1	-9.144214E+1	-4.739171E-2	-6.011047E-2
3.632813E+0	5.109274E-1	-9.843259E+1	5.354974E-1	-9.478460E+1	-4.781582E-2	-6.070708E-2
3.633984E+0	5.105860E-1	-1.018215E+2	5.354874E-1	-9.812714E+1	-4.848371E-2	-6.143774E-2
3.635156E+0	5.101976E-1	-1.052065E+2	5.355251E-1	-1.014709E+2	-4.931889E-2	-6.207098E-2
3.636328E+0	5.098394E-1	-1.085886E+2	5.356197E-1	-1.048189E+2	-5.019121E-2	-6.258174E-2
3.637500E+0	5.095262E-1	-1.119633E+2	5.357478E-1	-1.081642E+2	-5.103386E-2	-6.301529E-2
3.638672E+0	5.093470E-1	-1.153388E+2	5.359387E-1	-1.115125E+2	-5.173551E-2	-6.342087E-2
3.639844E+0	5.093067E-1	-1.187326E+2	5.361764E-1	-1.148631E+2	-5.227896E-2	-6.410232E-2
3.641016E+0	5.092945E-1	-1.221510E+2	5.364792E-1	-1.182183E+2	-5.290780E-2	-6.510933E-2
3.642188E+0	5.090963E-1	-1.255912E+2	5.367823E-1	-1.215749E+2	-5.390688E-2	-6.642775E-2
3.643359E+0	5.087022E-1	-1.290237E+2	5.371468E-1	-1.249361E+2	-5.536405E-2	-6.750686E-2
3.644531E+0	5.083013E-1	-1.324560E+2	5.375446E-1	-1.283026E+2	-5.688504E-2	-6.848689E-2
3.645703E+0	5.078513E-1	-1.359001E+2	5.379901E-1	-1.316717E+2	-5.859057E-2	-6.960195E-2
3.646875E+0	5.071368E-1	-1.393431E+2	5.384619E-1	-1.350474E+2	-6.082096E-2	-7.054634E-2
3.648047E+0	5.063193E-1	-1.427615E+2	5.389264E-1	-1.384276E+2	-6.319021E-2	-7.099652E-2
3.649219E+0	5.055847E-1	-1.461732E+2	5.394542E-1	-1.418141E+2	-6.549587E-2	-7.123517E-2
3.650391E+0	5.048079E-1	-1.495855E+2	5.399817E-1	-1.452057E+2	-6.786891E-2	-7.139301E-2
3.651563E+0	5.038898E-1	-1.530026E+2	5.405226E-1	-1.486052E+2	-7.051719E-2	-7.147738E-2
3.652734E+0	5.026101E-1	-1.563858E+2	5.410582E-1	-1.520060E+2	-7.377368E-2	-7.094076E-2
3.653906E+0	5.014796E-1	-1.596774E+2	5.416081E-1	-1.554171E+2	-7.664982E-2	-6.878368E-2
3.655078E+0	5.012547E-1	-1.629765E+2	5.421296E-1	-1.588330E+2	-7.781363E-2	-6.680692E-2
3.656250E+0	5.011275E-1	-1.663365E+2	5.426573E-1	-1.622547E+2	-7.887287E-2	-6.573312E-2
3.657422E+0	5.007896E-1	-1.696899E+2	5.431932E-1	-1.656828E+2	-8.031734E-2	-6.442500E-2
3.658594E+0	5.006677E-1	-1.730237E+2	5.436662E-1	-1.691154E+2	-8.123154E-2	-6.276906E-2
3.659766E+0	5.010384E-1	-1.763766E+2	5.441225E-1	-1.725579E+2	-8.122530E-2	-6.132614E-2
3.660938E+0	5.014826E-1	-1.798053E+2	5.445454E-1	-1.760009E+2	-8.110964E-2	-6.110351E-2
3.662109E+0	5.014062E-1	1.767221E+2	5.449345E-1	-1.794497E+2	-8.193108E-2	-6.143194E-2
3.663281E+0	5.008790E-1	1.732890E+2	5.452693E-1	1.770971E+2	-8.343803E-2	-6.100813E-2
3.664453E+0	5.005238E-1	1.698888E+2	5.455636E-1	1.736401E+2	-8.452214E-2	-6.002445E-2
3.665625E+0	5.003283E-1	1.664720E+2	5.457877E-1	1.701785E+2	-8.520885E-2	-5.926110E-2
3.666797E+0	5.001447E-1	1.630490E+2	5.460110E-1	1.667137E+2	-8.587556E-2	-5.854825E-2
3.667969E+0	5.000903E-1	1.596103E+2	5.461188E-1	1.632474E+2	-8.612732E-2	-5.809011E-2
3.669141E+0	4.999945E-1	1.561406E+2	5.461925E-1	1.597785E+2	-8.642649E-2	-5.808390E-2
3.670313E+0	4.996667E-1	1.526417E+2	5.461863E-1	1.563088E+2	-8.704477E-2	-5.851176E-2
3.671484E+0	4.990124E-1	1.491439E+2	5.461120E-1	1.528412E+2	-8.814715E-2	-5.892373E-2
3.672656E+0	4.981808E-1	1.456562E+2	5.459835E-1	1.493720E+2	-8.947154E-2	-5.913338E-2
3.673828E+0	4.972491E-1	1.421695E+2	5.457863E-1	1.459051E+2	-9.086650E-2	-5.935829E-2
3.675000E+0	4.961015E-1	1.386817E+2	5.455406E-1	1.424394E+2	-9.257910E-2	-5.959798E-2
3.676172E+0	4.946389E-1	1.352058E+2	5.452461E-1	1.389775E+2	-9.478022E-2	-5.967556E-2
3.677344E+0	4.929649E-1	1.317762E+2	5.448864E-1	1.355184E+2	-9.721768E-2	-5.904805E-2
3.678516E+0	4.914972E-1	1.283811E+2	5.444511E-1	1.320630E+2	-9.912437E-2	-5.797124E-2
3.679688E+0	4.900796E-1	1.249973E+2	5.439825E-1	1.286109E+2	-1.008806E-1	-5.678207E-2
3.680859E+0	4.888315E-1	1.216356E+2	5.434750E-1	1.251660E+2	-1.022516E-1	-5.538677E-2
3.682031E+0	4.878916E-1	1.182543E+2	5.429331E-1	1.217247E+2	-1.030259E-1	-5.439617E-2
3.683203E+0	4.868440E-1	1.148404E+2	5.423574E-1	1.182901E+2	-1.039823E-1	-5.401328E-2
3.684375E+0	4.854666E-1	1.114359E+2	5.417563E-1	1.148622E+2	-1.055040E-1	-5.355491E-2
3.685547E+0	4.841329E-1	1.080570E+2	5.411333E-1	1.114402E+2	-1.068945E-1	-5.279745E-2
3.686719E+0	4.827042E-1	1.046724E+2	5.404947E-1	1.080252E+2	-1.084501E-1	-5.223081E-2
3.687891E+0	4.810794E-1	1.013229E+2	5.398386E-1	1.046162E+2	-1.103176E-1	-5.119438E-2
3.689063E+0	4.797502E-1	9.801944E+1	5.391815E-1	1.012178E+2	-1.116110E-1	-4.964315E-2
3.690234E+0	4.788254E-1	9.468225E+1	5.385645E-1	9.782489E+1	-1.122599E-1	-4.874091E-2
3.691406E+0	4.775971E-1	9.131403E+1	5.379340E-1	9.444216E+1	-1.134870E-1	-4.844836E-2
3.692578E+0	4.761514E-1	8.798378E+1	5.373296E-1	9.106664E+1	-1.151384E-1	-4.765691E-2
3.693750E+0	4.748613E-1	8.466930E+1	5.367321E-1	8.770072E+1	-1.165112E-1	-4.678752E-2
3.694922E+0	4.735786E-1	8.135746E+1	5.362064E-1	8.434466E+1	-1.179980E-1	-4.602618E-2
3.696094E+0	4.722631E-1	7.804897E+1	5.356969E-1	8.099080E+1	-1.195754E-1	-4.524483E-2
3.697266E+0	4.708302E-1	7.474521E+1	5.352358E-1	7.763140E+1	-1.214471E-1	-4.429327E-2
3.698438E+0	4.695279E-1	7.145755E+1	5.348070E-1	7.425968E+1	-1.231108E-1	-4.291971E-2
3.699609E+0	4.685127E-1	6.815462E+1	5.344064E-1	7.087187E+1	-1.242883E-1	-4.156175E-2
3.700781E+0	4.675241E-1	6.481290E+1	5.340804E-1	6.748215E+1	-1.255683E-1	-4.076682E-2
3.701953E+0	4.662184E-1	6.148789E+1	5.337813E-1	6.409392E+1	-1.274774E-1	-3.971304E-2
3.703125E+0	4.650358E-1	5.822372E+1	5.335254E-1	6.071674E+1	-1.291967E-1	-3.791380E-2
3.704297E+0	4.643095E-1	5.496901E+1	5.333346E-1	5.734750E+1	-1.301718E-1	-3.612948E-2
3.705469E+0	4.638003E-1	5.168893E+1	5.332011E-1	5.398377E+1	-1.308564E-1	-3.483001E-2
3.706641E+0	4.631951E-1	4.837959E+1	5.330923E-1	5.062619E+1	-1.317844E-1	-3.406068E-2
3.707813E+0	4.625783E-1	4.508068E+1	5.330716E-1	4.726426E+1	-1.328699E-1	-3.306291E-2
3.708984E+0	4.621643E-1	4.174460E+1	5.330786E-1	4.390251E+1	-1.336427E-1	-3.264474E-2
3.710156E+0	4.612599E-1	3.837085E+1	5.331351E-1	4.053004E+1	-1.354304E-1	-3.259672E-2
3.711328E+0	4.600682E-1	3.504126E+1	5.332633E-1	3.713960E+1	-1.378373E-1	-3.158906E-2
3.712500E+0	4.593252E-1	3.170946E+1	5.334067E-1	3.370915E+1	-1.394081E-1	-3.004787E-2
3.713672E+0	4.588183E-1	2.830601E+1	5.334921E-1	3.026079E+1	-1.404722E-1	-2.933619E-2
3.714844E+0	4.580628E-1	2.509131E+1	5.336804E-1	2.703419E+1	-1.421842E-1	-2.909939E-2
3.716016E+0	4.571158E-1	2.193025E+1	5.339443E-1	2.384183E+1	-1.443650E-1	-2.855746E-2
3.717188E+0	4.562070E-1	1.868700E+1	5.342500E-1	2.056891E+1	-1.465401E-1	-2.804242E-2
3.718359E+0	4.551859E-1	1.534636E+1	5.346060E-1	1.721558E+1	-1.490113E-1	-2.777255E-2
3.719531E+0	4.539331E-1	1.196829E+1	5.349841E-1	1.382460E+1	-1.519470E-1	-2.748545E-2
3.720703E+0	4.524060E-1	8.587225E+0	5.353556E-1	1.042261E+1	-1.553765E-1	-2.706551E-2
3.721875E+0	4.506770E-1	5.229791E+0	5.357662E-1	7.014433E+0	-1.592258E-1	-2.619681E-2
3.723047E+0	4.489621E-1	1.871968E+0	5.361614E-1	3.604784E+0	-1.630192E-1	-2.532082E-2
3.724219E+0	4.469772E-1	-1.508676E+0	5.365429E-1	1.896510E-1	-1.672971E-1	-2.468971E-2
3.725391E+0	4.444368E-1	-4.883638E+0	5.369387E-1	-3.229009E+0	-1.726216E-1	-2.390028E-2
3.726563E+0	4.413787E-1	-8.208498E+0	5.373045E-1	-6.653092E+0	-1.788342E-1	-2.229763E-2
3.727734E+0	4.381929E-1	-1.148602E+1	5.376824E-1	-1.007761E+1	-1.852802E-1	-2.003098E-2
3.728906E+0	4.346149E-1	-1.476286E+1	5.380068E-1	-1.350647E+1	-1.923700E-1	-1.771266E-2
3.730078E+0	4.301616E-1	-1.799923E+1	5.383245E-1	-1.693973E+1	-2.010617E-1	-1.477546E-2
3.731250E+0	4.247136E-1	-2.111484E+1	5.385911E-1	-2.037490E+1	-2.115017E-1	-1.018354E-2
3.732422E+0	4.183246E-1	-2.400088E+1	5.388486E-1	-2.381181E+1	-2.236737E-1	-2.561804E-3
3.733594E+0	4.119422E-1	-2.651547E+1	5.390288E-1	-2.725293E+1	-2.358329E-1	9.836218E-3
3.734766E+0	4.071793E-1	-2.863532E+1	5.391957E-1	-3.069601E+1	-2.453279E-1	2.715412E-2
3.735938E+0	4.058207E-1	-3.061079E+1	5.393081E-1	-3.414217E+1	-2.489448E-1	4.634940E-2
3.737109E+0	4.065957E-1	-3.272980E+1	5.393533E-1	-3.758893E+1	-2.488516E-1	6.385643E-2
3.738281E+0	4.078581E-1	-3.494198E+1	5.393440E-1	-4.103489E+1	-2.480603E-1	8.026506E-2
3.739453E+0	4.095380E-1	-3.698846E+1	5.393209E-1	-4.448414E+1	-2.471303E-1	9.905943E-2
3.740625E+0	4.144384E-1	-3.888384E+1	5.392085E-1	-4.793270E+1	-2.409605E-1	1.208837E-1
3.741797E+0	4.231445E-1	-4.108871E+1	5.390733E-1	-5.138139E+1	-2.276835E-1	1.402518E-1
3.742969E+0	4.328974E-1	-4.377917E+1	5.388565E-1	-5.482911E+1	-2.115309E-1	1.539762E-1
3.744141E+0	4.421154E-1	-4.673402E+1	5.386232E-1	-5.827588E+1	-1.957731E-1	1.642338E-1
3.745313E+0	4.515547E-1	-4.982442E+1	5.383215E-1	-6.172163E+1	-1.791989E-1	1.729282E-1
3.746484E+0	4.614350E-1	-5.316651E+1	5.379890E-1	-6.516535E+1	-1.610359E-1	1.783096E-1
3.747656E+0	4.705790E-1	-5.677260E+1	5.375943E-1	-6.860416E+1	-1.432548E-1	1.794760E-1
3.748828E+0	4.782941E-1	-6.053483E+1	5.371810E-1	-7.204210E+1	-1.275192E-1	1.776235E-1
3.750000E+0	4.844686E-1	-6.436372E+1	5.367414E-1	-7.547556E+1	-1.143105E-1	1.739554E-1
3.751172E+0	4.894189E-1	-6.818428E+1	5.362871E-1	-7.890408E+1	-1.033201E-1	1.697504E-1
3.752344E+0	4.935316E-1	-7.199490E+1	5.358131E-1	-8.232940E+1	-9.385356E-2	1.652384E-1
3.753516E+0	4.969591E-1	-7.578076E+1	5.352993E-1	-8.574847E+1	-8.563727E-2	1.606955E-1
3.754688E+0	4.999537E-1	-7.954880E+1	5.347871E-1	-8.916301E+1	-7.826559E-2	1.561349E-1
3.755859E+0	5.024697E-1	-8.330884E+1	5.342714E-1	-9.257182E+1	-7.178738E-2	1.513849E-1
3.757031E+0	5.045544E-1	-8.705406E+1	5.337640E-1	-9.597558E+1	-6.616006E-2	1.465948E-1
3.758203E+0	5.062233E-1	-9.077920E+1	5.332553E-1	-9.937299E+1	-6.135069E-2	1.418533E-1
3.759375E+0	5.075166E-1	-9.447906E+1	5.327829E-1	-1.027670E+2	-5.737182E-2	1.373120E-1
3.760547E+0	5.085482E-1	-9.814764E+1	5.323181E-1	-1.061538E+2	-5.396523E-2	1.330602E-1
3.761719E+0	5.093755E-1	-1.017880E+2	5.318896E-1	-1.095348E+2	-5.106878E-2	1.290899E-1
3.762891E+0	5.100613E-1	-1.054026E+2	5.314621E-1	-1.129149E+2	-4.850534E-2	1.254745E-1
3.764063E+0	5.106176E-1	-1.089918E+2	5.310765E-1	-1.162869E+2	-4.630631E-2	1.220881E-1
3.765234E+0	5.111373E-1	-1.125625E+2	5.307348E-1	-1.196554E+2	-4.429540E-2	1.189190E-1
3.766406E+0	5.116020E-1	-1.161143E+2	5.304360E-1	-1.230229E+2	-4.250954E-2	1.160149E-1
3.767578E+0	5.120359E-1	-1.196486E+2	5.301811E-1	-1.263838E+2	-4.088956E-2	1.132670E-1
3.768750E+0	5.124585E-1	-1.231677E+2	5.299610E-1	-1.297442E+2	-3.938887E-2	1.107472E-1
3.769922E+0	5.128611E-1	-1.266766E+2	5.297993E-1	-1.331017E+2	-3.805117E-2	1.083266E-1
3.771094E+0	5.132717E-1	-1.301742E+2	5.296788E-1	-1.364550E+2	-3.679197E-2	1.060125E-1
3.772266E+0	5.136681E-1	-1.336595E+2	5.296124E-1	-1.398096E+2	-3.568769E-2	1.039082E-1
3.773438E+0	5.140719E-1	-1.371368E+2	5.295922E-1	-1.431655E+2	-3.467464E-2	1.019487E-1
3.774609E+0	5.145127E-1	-1.406041E+2	5.296424E-1	-1.465165E+2	-3.373338E-2	1.000653E-1
3.775781E+0	5.149868E-1	-1.440608E+2	5.296968E-1	-1.498718E+2	-3.276661E-2	9.843560E-2
3.776953E+0	5.154983E-1	-1.475099E+2	5.298224E-1	-1.532262E+2	-3.187395E-2	9.691000E-2
3.778125E+0	5.160786E-1	-1.509567E+2	5.299968E-1	-1.565853E+2	-3.095573E-2	9.550401E-2
3.779297E+0	5.167320E-1	-1.544028E+2	5.302204E-1	-1.599433E+2	-2.999219E-2	9.409319E-2
3.780469E+0	5.174237E-1	-1.578491E+2	5.304844E-1	-1.633067E+2	-2.904187E-2	9.276750E-2
3.781641E+0	5.181727E-1	-1.612990E+2	5.307615E-1	-1.666712E+2	-2.800668E-2	9.140462E-2
3.782813E+0	5.189173E-1	-1.647531E+2	5.311050E-1	-1.700393E+2	-2.710330E-2	9.001656E-2
3.783984E+0	5.196957E-1	-1.682094E+2	5.314714E-1	-1.734116E+2	-2.618461E-2	8.866185E-2
3.785156E+0	5.204856E-1	-1.716695E+2	5.318562E-1	-1.767902E+2	-2.528488E-2	8.734597E-2
3.786328E+0	5.212492E-1	-1.751328E+2	5.322511E-1	1.798303E+2	-2.445232E-2	8.598249E-2
3.787500E+0	5.220060E-1	-1.786011E+2	5.326977E-1	1.764435E+2	-2.373360E-2	8.464654E-2
3.788672E+0	5.227416E-1	1.779301E+2	5.331361E-1	1.730554E+2	-2.304346E-2	8.332017E-2
3.789844E+0	5.234495E-1	1.744572E+2	5.335993E-1	1.696590E+2	-2.245924E-2	8.205546E-2
3.791016E+0	5.241592E-1	1.709826E+2	5.340635E-1	1.662582E+2	-2.187976E-2	8.083549E-2
3.792188E+0	5.248230E-1	1.675070E+2	5.345113E-1	1.628537E+2	-2.136194E-2	7.965570E-2
3.793359E+0	5.254762E-1	1.640291E+2	5.349871E-1	1.594427E+2	-2.092300E-2	7.854077E-2
3.794531E+0	5.260886E-1	1.605488E+2	5.354230E-1	1.560258E+2	-2.049364E-2	7.748447E-2
3.795703E+0	5.266991E-1	1.570681E+2	5.358384E-1	1.526071E+2	-2.003390E-2	7.645387E-2
3.796875E+0	5.272819E-1	1.535828E+2	5.362664E-1	1.491814E+2	-1.965351E-2	7.545765E-2
3.798047E+0	5.278284E-1	1.500985E+2	5.366454E-1	1.457516E+2	-1.925916E-2	7.454966E-2
3.799219E+0	5.283505E-1	1.466107E+2	5.370013E-1	1.423163E+2	-1.887177E-2	7.367497E-2
3.800391E+0	5.288348E-1	1.431203E+2	5.373186E-1	1.388810E+2	-1.848194E-2	7.275508E-2
3.801563E+0	5.292189E-1	1.396242E+2	5.375756E-1	1.354322E+2	-1.817888E-2	7.196261E-2
3.802734E+0	5.295578E-1	1.361257E+2	5.377514E-1	1.319808E+2	-1.781248E-2	7.117777E-2
3.803906E+0	5.298445E-1	1.326290E+2	5.378966E-1	1.285290E+2	-1.749051E-2	7.042716E-2
3.805078E+0	5.301270E-1	1.291294E+2	5.379860E-1	1.250723E+2	-1.707754E-2	6.971706E-2
3.806250E+0	5.303156E-1	1.256303E+2	5.380424E-1	1.216149E+2	-1.678043E-2	6.901898E-2
3.807422E+0	5.305071E-1	1.221331E+2	5.380384E-1	1.181567E+2	-1.637130E-2	6.837489E-2
3.808594E+0	5.306331E-1	1.186321E+2	5.379953E-1	1.146975E+2	-1.600923E-2	6.767876E-2
3.809766E+0	5.307079E-1	1.151332E+2	5.378647E-1	1.112401E+2	-1.558278E-2	6.699173E-2
3.810938E+0	5.307174E-1	1.116348E+2	5.377015E-1	1.077788E+2	-1.522318E-2	6.637562E-2
3.812109E+0	5.307159E-1	1.081364E+2	5.374923E-1	1.043211E+2	-1.479576E-2	6.570144E-2
3.813281E+0	5.306317E-1	1.046416E+2	5.372272E-1	1.008668E+2	-1.441977E-2	6.502679E-2
3.814453E+0	5.304909E-1	1.011483E+2	5.369210E-1	9.741280E+1	-1.407499E-2	6.437036E-2
3.815625E+0	5.303159E-1	9.765899E+1	5.365710E-1	9.396159E+1	-1.371473E-2	6.373526E-2
3.816797E+0	5.300882E-1	9.417271E+1	5.361785E-1	9.051465E+1	-1.337299E-2	6.307712E-2
3.817969E+0	5.297997E-1	9.069135E+1	5.357419E-1	8.707477E+1	-1.306093E-2	6.237967E-2
3.819141E+0	5.295127E-1	8.721238E+1	5.352720E-1	8.363322E+1	-1.268909E-2	6.175581E-2
3.820313E+0	5.291518E-1	8.373996E+1	5.347709E-1	8.020012E+1	-1.239534E-2	6.109381E-2
3.821484E+0	5.287549E-1	8.027149E+1	5.342489E-1	7.677359E+1	-1.212740E-2	6.038453E-2
3.822656E+0	5.283660E-1	7.681317E+1	5.336903E-1	7.334916E+1	-1.178521E-2	5.981877E-2
3.823828E+0	5.279195E-1	7.335870E+1	5.331416E-1	6.993198E+1	-1.156538E-2	5.918643E-2
3.825000E+0	5.274961E-1	6.990924E+1	5.325778E-1	6.651919E+1	-1.127490E-2	5.856879E-2
3.826172E+0	5.270274E-1	6.646681E+1	5.320214E-1	6.311082E+1	-1.108566E-2	5.799009E-2
3.827344E+0	5.265719E-1	6.302894E+1	5.314603E-1	5.971047E+1	-1.085942E-2	5.735341E-2
3.828516E+0	5.261226E-1	5.959845E+1	5.309106E-1	5.631417E+1	-1.064608E-2	5.677344E-2
3.829688E+0	5.256897E-1	5.617422E+1	5.303841E-1	5.292501E+1	-1.044426E-2	5.617736E-2
3.830859E+0	5.252537E-1	5.275515E+1	5.298576E-1	4.953860E+1	-1.025065E-2	5.562237E-2
3.832031E+0	5.248587E-1	4.934377E+1	5.293754E-1	4.615802E+1	-1.006433E-2	5.509902E-2
3.833203E+0	5.244642E-1	4.593259E+1	5.288991E-1	4.278132E+1	-9.884595E-3	5.451136E-2
3.834375E+0	5.241553E-1	4.252762E+1	5.284809E-1	3.940820E+1	-9.654558E-3	5.397185E-2
3.835547E+0	5.238157E-1	3.912836E+1	5.281160E-1	3.603992E+1	-9.583331E-3	5.343864E-2
3.836719E+0	5.235382E-1	3.573256E+1	5.277487E-1	3.267274E+1	-9.392506E-3	5.295269E-2
3.837891E+0	5.233057E-1	3.233794E+1	5.274522E-1	2.931070E+1	-9.245866E-3	5.239556E-2
3.839063E+0	5.230897E-1	2.894672E+1	5.271797E-1	2.594965E+1	-9.115444E-3	5.187925E-2
3.840234E+0	5.229101E-1	2.555830E+1	5.269948E-1	2.259061E+1	-9.081646E-3	5.137152E-2
3.841406E+0	5.227913E-1	2.217176E+1	5.268163E-1	1.923161E+1	-8.946518E-3	5.090089E-2
3.842578E+0	5.227355E-1	1.878469E+1	5.266845E-1	1.587313E+1	-8.779039E-3	5.041359E-2
3.843750E+0	5.227038E-1	1.539995E+1	5.266305E-1	1.251373E+1	-8.715317E-3	4.997730E-2
3.844922E+0	5.227055E-1	1.201430E+1	5.266019E-1	9.155609E+0	-8.634356E-3	4.950386E-2
3.846094E+0	5.227718E-1	8.627268E+0	5.266286E-1	5.792671E+0	-8.538148E-3	4.909070E-2
3.847266E+0	5.228561E-1	5.239005E+0	5.266910E-1	2.429975E+0	-8.473944E-3	4.865036E-2
3.848438E+0	5.229741E-1	1.849963E+0	5.267884E-1	-9.358050E-1	-8.413871E-3	4.824976E-2
3.849609E+0	5.231531E-1	-1.541743E+0	5.269340E-1	-4.302579E+0	-8.327659E-3	4.782142E-2
3.850781E+0	5.233382E-1	-4.936417E+0	5.271058E-1	-7.675949E+0	-8.282407E-3	4.745401E-2
3.851953E+0	5.235762E-1	-8.334013E+0	5.273135E-1	-1.105046E+1	-8.203159E-3	4.705729E-2
3.853125E+0	5.238134E-1	-1.173502E+1	5.275317E-1	-1.442882E+1	-8.145731E-3	4.666709E-2
3.854297E+0	5.240811E-1	-1.513801E+1	5.278071E-1	-1.781284E+1	-8.141233E-3	4.633819E-2
3.855469E+0	5.243651E-1	-1.854680E+1	5.280828E-1	-2.119913E+1	-8.103731E-3	4.594958E-2
3.856641E+0	5.246759E-1	-2.195783E+1	5.283474E-1	-2.459121E+1	-7.997716E-3	4.562570E-2
3.857813E+0	5.249844E-1	-2.537426E+1	5.286654E-1	-2.798904E+1	-7.996732E-3	4.530303E-2
3.858984E+0	5.253079E-1	-2.879461E+1	5.289509E-1	-3.139023E+1	-7.906117E-3	4.497472E-2
3.860156E+0	5.256031E-1	-3.221975E+1	5.292388E-1	-3.479675E+1	-7.874031E-3	4.465310E-2
3.861328E+0	5.258933E-1	-3.564806E+1	5.295340E-1	-3.820635E+1	-7.865110E-3	4.432887E-2
3.862500E+0	5.262203E-1	-3.907886E+1	5.298142E-1	-4.162129E+1	-7.760999E-3	4.405831E-2
3.863672E+0	5.264871E-1	-4.251764E+1	5.300954E-1	-4.504264E+1	-7.771185E-3	4.375542E-2
3.864844E+0	5.267609E-1	-4.595818E+1	5.303341E-1	-4.846762E+1	-7.690157E-3	4.348899E-2
3.866016E+0	5.270033E-1	-4.940311E+1	5.305505E-1	-5.189676E+1	-7.626505E-3	4.321777E-2
3.867188E+0	5.271995E-1	-5.284935E+1	5.307519E-1	-5.532787E+1	-7.622381E-3	4.295540E-2
3.868359E+0	5.274017E-1	-5.629898E+1	5.309059E-1	-5.876595E+1	-7.521098E-3	4.275934E-2
3.869531E+0	5.275476E-1	-5.975478E+1	5.310408E-1	-6.220493E+1	-7.486218E-3	4.246894E-2
3.870703E+0	5.276494E-1	-6.320868E+1	5.311272E-1	-6.564476E+1	-7.445781E-3	4.222649E-2
3.871875E+0	5.277487E-1	-6.666539E+1	5.311711E-1	-6.908857E+1	-7.331553E-3	4.200745E-2
3.873047E+0	5.277851E-1	-7.012478E+1	5.312014E-1	-7.253214E+1	-7.308152E-3	4.173386E-2
3.874219E+0	5.277896E-1	-7.358410E+1	5.311494E-1	-7.597672E+1	-7.191797E-3	4.148289E-2
3.875391E+0	5.277652E-1	-7.704484E+1	5.310674E-1	-7.942208E+1	-7.073306E-3	4.122085E-2
3.876563E+0	5.276532E-1	-8.050417E+1	5.309408E-1	-8.286852E+1	-7.038064E-3	4.099854E-2
3.877734E+0	5.275199E-1	-8.396478E+1	5.307752E-1	-8.631641E+1	-6.970114E-3	4.078051E-2
3.878906E+0	5.273417E-1	-8.742144E+1	5.305722E-1	-8.975996E+1	-6.916450E-3	4.055510E-2
3.880078E+0	5.271125E-1	-9.087848E+1	5.303147E-1	-9.320365E+1	-6.856661E-3	4.032576E-2
3.881250E+0	5.268525E-1	-9.433241E+1	5.300108E-1	-9.664355E+1	-6.767515E-3	4.008576E-2
3.882422E+0	5.265706E-1	-9.778487E+1	5.296619E-1	-1.000817E+2	-6.635062E-3	3.984261E-2
3.883594E+0	5.262445E-1	-1.012312E+2	5.292892E-1	-1.035170E+2	-6.543544E-3	3.965472E-2
3.884766E+0	5.258648E-1	-1.046775E+2	5.288944E-1	-1.069489E+2	-6.509372E-3	3.940600E-2
3.885938E+0	5.254756E-1	-1.081178E+2	5.284309E-1	-1.103758E+2	-6.364708E-3	3.917899E-2
3.887109E+0	5.250348E-1	-1.115539E+2	5.279845E-1	-1.138002E+2	-6.350855E-3	3.897632E-2
3.888281E+0	5.246038E-1	-1.149849E+2	5.275004E-1	-1.172187E+2	-6.246911E-3	3.876326E-2
3.889453E+0	5.241410E-1	-1.184120E+2	5.270117E-1	-1.206319E+2	-6.193516E-3	3.852388E-2
3.890625E+0	5.236785E-1	-1.218324E+2	5.265228E-1	-1.240387E+2	-6.139351E-3	3.828972E-2
3.891797E+0	5.232115E-1	-1.252532E+2	5.259957E-1	-1.274432E+2	-6.019732E-3	3.801113E-2
3.892969E+0	5.227320E-1	-1.286637E+2	5.254715E-1	-1.308414E+2	-5.931866E-3	3.780078E-2
3.894141E+0	5.222738E-1	-1.320698E+2	5.249719E-1	-1.342339E+2	-5.849075E-3	3.756761E-2
3.895313E+0	5.217958E-1	-1.354695E+2	5.244694E-1	-1.376203E+2	-5.798621E-3	3.733841E-2
3.896484E+0	5.213554E-1	-1.388662E+2	5.239825E-1	-1.410038E+2	-5.706097E-3	3.711249E-2
3.897656E+0	5.209300E-1	-1.422560E+2	5.235196E-1	-1.443801E+2	-5.630229E-3	3.688071E-2
3.898828E+0	5.205191E-1	-1.456429E+2	5.230953E-1	-1.477540E+2	-5.600297E-3	3.665589E-2
3.900000E+0	5.201457E-1	-1.490235E+2	5.226949E-1	-1.511214E+2	-5.544027E-3	3.642855E-2
3.901172E+0	5.198050E-1	-1.524017E+2	5.223383E-1	-1.544857E+2	-5.508127E-3	3.618828E-2
3.902344E+0	5.195183E-1	-1.557766E+2	5.220274E-1	-1.578459E+2	-5.455434E-3	3.593469E-2
3.903516E+0	5.192302E-1	-1.591446E+2	5.217326E-1	-1.612056E+2	-5.440119E-3	3.579099E-2
3.904688E+0	5.190088E-1	-1.625124E+2	5.214911E-1	-1.645598E+2	-5.395353E-3	3.555621E-2
3.905859E+0	5.188495E-1	-1.658797E+2	5.212921E-1	-1.679126E+2	-5.312093E-3	3.530714E-2
3.907031E+0	5.187095E-1	-1.692429E+2	5.211496E-1	-1.712626E+2	-5.300472E-3	3.507810E-2
3.908203E+0	5.186288E-1	-1.726060E+2	5.210659E-1	-1.746134E+2	-5.287962E-3	3.486474E-2
3.909375E+0	5.186042E-1	-1.759707E+2	5.210250E-1	-1.779630E+2	-5.247909E-3	3.460366E-2
3.910547E+0	5.186127E-1	-1.793336E+2	5.210581E-1	1.786850E+2	-5.288233E-3	3.441280E-2
3.911719E+0	5.186826E-1	1.773026E+2	5.211042E-1	1.753338E+2	-5.234629E-3	3.419563E-2
3.912891E+0	5.188048E-1	1.739365E+2	5.212157E-1	1.719793E+2	-5.206216E-3	3.399497E-2
3.914063E+0	5.189779E-1	1.705704E+2	5.214007E-1	1.686238E+2	-5.221113E-3	3.381020E-2
3.915234E+0	5.191680E-1	1.672000E+2	5.215805E-1	1.652655E+2	-5.192658E-3	3.360084E-2
3.916406E+0	5.194103E-1	1.638287E+2	5.218456E-1	1.619055E+2	-5.227368E-3	3.340326E-2
3.917578E+0	5.196825E-1	1.604519E+2	5.221172E-1	1.585392E+2	-5.217689E-3	3.322107E-2
3.918750E+0	5.200109E-1	1.570716E+2	5.224391E-1	1.551711E+2	-5.195331E-3	3.300976E-2
3.919922E+0	5.203449E-1	1.536867E+2	5.227854E-1	1.517965E+2	-5.209851E-3	3.283025E-2
3.921094E+0	5.207024E-1	1.502965E+2	5.231457E-1	1.484169E+2	-5.205930E-3	3.264614E-2
3.922266E+0	5.210850E-1	1.469032E+2	5.235421E-1	1.450329E+2	-5.223455E-3	3.248392E-2
3.923438E+0	5.214691E-1	1.435037E+2	5.239568E-1	1.416443E+2	-5.271952E-3	3.229290E-2
3.924609E+0	5.218322E-1	1.400991E+2	5.243827E-1	1.382486E+2	-5.382791E-3	3.213464E-2
3.925781E+0	5.222123E-1	1.366908E+2	5.247956E-1	1.348491E+2	-5.436510E-3	3.197999E-2
3.926953E+0	5.225816E-1	1.332787E+2	5.252303E-1	1.314450E+2	-5.552436E-3	3.183727E-2
3.928125E+0	5.229581E-1	1.298643E+2	5.256321E-1	1.280343E+2	-5.594637E-3	3.177164E-2
3.929297E+0	5.232957E-1	1.264468E+2	5.260111E-1	1.246165E+2	-5.669805E-3	3.177445E-2
3.930469E+0	5.236405E-1	1.230258E+2	5.264060E-1	1.211968E+2	-5.760339E-3	3.174898E-2
3.931641E+0	5.240256E-1	1.196038E+2	5.267668E-1	1.177710E+2	-5.712744E-3	3.181651E-2
3.932813E+0	5.244151E-1	1.161728E+2	5.271403E-1	1.143416E+2	-5.677833E-3	3.178983E-2
3.933984E+0	5.247718E-1	1.127353E+2	5.274193E-1	1.109064E+2	-5.526579E-3	3.175470E-2
3.935156E+0	5.251130E-1	1.092927E+2	5.277050E-1	1.074673E+2	-5.416805E-3	3.169739E-2
3.936328E+0	5.254180E-1	1.058457E+2	5.279357E-1	1.040284E+2	-5.269523E-3	3.156131E-2
3.937500E+0	5.256699E-1	1.023954E+2	5.281234E-1	1.005828E+2	-5.143741E-3	3.148362E-2
3.938672E+0	5.258593E-1	9.894079E+1	5.283186E-1	9.713715E+1	-5.148087E-3	3.132775E-2
3.939844E+0	5.260268E-1	9.548502E+1	5.284146E-1	9.368934E+1	-5.007655E-3	3.119380E-2
3.941016E+0	5.261191E-1	9.202718E+1	5.284951E-1	9.024196E+1	-4.978972E-3	3.101287E-2
3.942188E+0	5.261776E-1	8.856931E+1	5.285029E-1	8.679035E+1	-4.879639E-3	3.090714E-2
3.943359E+0	5.261832E-1	8.511050E+1	5.284873E-1	8.333821E+1	-4.836082E-3	3.079253E-2
3.944531E+0	5.261461E-1	8.165427E+1	5.284365E-1	7.988959E+1	-4.806506E-3	3.066113E-2
3.945703E+0	5.260689E-1	7.819736E+1	5.283113E-1	7.644060E+1	-4.712491E-3	3.052632E-2
3.946875E+0	5.259189E-1	7.474215E+1	5.281916E-1	7.299046E+1	-4.768094E-3	3.043647E-2
3.948047E+0	5.257497E-1	7.128751E+1	5.279945E-1	6.954589E+1	-4.711549E-3	3.026311E-2
3.949219E+0	5.255508E-1	6.783718E+1	5.277569E-1	6.610242E+1	-4.636550E-3	3.014610E-2
3.950391E+0	5.252855E-1	6.438965E+1	5.274974E-1	6.265860E+1	-4.647646E-3	3.008126E-2
3.951563E+0	5.250149E-1	6.094403E+1	5.271811E-1	5.922101E+1	-4.559306E-3	2.994429E-2
3.952734E+0	5.247022E-1	5.750180E+1	5.268509E-1	5.578658E+1	-4.524612E-3	2.980969E-2
3.953906E+0	5.243716E-1	5.406288E+1	5.264978E-1	5.235408E+1	-4.481296E-3	2.969934E-2
3.955078E+0	5.239974E-1	5.062810E+1	5.260835E-1	4.892504E+1	-4.405314E-3	2.960178E-2
3.956250E+0	5.236112E-1	4.719685E+1	5.256795E-1	4.550184E+1	-4.370365E-3	2.946281E-2
3.957422E+0	5.231811E-1	4.377238E+1	5.252351E-1	4.208036E+1	-4.344942E-3	2.941156E-2
3.958594E+0	5.227610E-1	4.034858E+1	5.247968E-1	3.866563E+1	-4.308899E-3	2.925487E-2
3.959766E+0	5.223253E-1	3.693046E+1	5.243368E-1	3.525393E+1	-4.262704E-3	2.914456E-2
3.960938E+0	5.218865E-1	3.352068E+1	5.238723E-1	3.184708E+1	-4.215578E-3	2.909497E-2
3.962109E+0	5.214427E-1	3.010973E+1	5.233764E-1	2.844687E+1	-4.114228E-3	2.891110E-2
3.963281E+0	5.209904E-1	2.670728E+1	5.229151E-1	2.505380E+1	-4.095562E-3	2.874846E-2
3.964453E+0	5.205426E-1	2.330891E+1	5.224401E-1	2.166111E+1	-4.044020E-3	2.865113E-2
3.965625E+0	5.201318E-1	1.991679E+1	5.220052E-1	1.827461E+1	-3.998090E-3	2.855468E-2
3.966797E+0	5.197050E-1	1.652851E+1	5.215632E-1	1.489180E+1	-3.969278E-3	2.846033E-2
3.967969E+0	5.193245E-1	1.314357E+1	5.211447E-1	1.151570E+1	-3.894871E-3	2.830865E-2
3.969141E+0	5.189268E-1	9.765164E+0	5.207309E-1	8.143736E+0	-3.863563E-3	2.819745E-2
3.970313E+0	5.185991E-1	6.388381E+0	5.203694E-1	4.778746E+0	-3.795258E-3	2.799417E-2
3.971484E+0	5.182749E-1	3.017349E+0	5.200237E-1	1.410228E+0	-3.754964E-3	2.795156E-2
3.972656E+0	5.179870E-1	-3.512339E-1	5.197333E-1	-1.947670E+0	-3.746838E-3	2.776585E-2
3.973828E+0	5.177464E-1	-3.715958E+0	5.194679E-1	-5.305058E+0	-3.697285E-3	2.763957E-2
3.975000E+0	5.175088E-1	-7.078888E+0	5.192539E-1	-8.660694E+0	-3.740572E-3	2.751144E-2
3.976172E+0	5.173633E-1	-1.043979E+1	5.190722E-1	-1.201623E+1	-3.669462E-3	2.742003E-2
3.977344E+0	5.172502E-1	-1.379908E+1	5.189276E-1	-1.536585E+1	-3.605086E-3	2.725351E-2
3.978516E+0	5.171391E-1	-1.715568E+1	5.188485E-1	-1.871694E+1	-3.664615E-3	2.715599E-2
3.979688E+0	5.171358E-1	-2.051181E+1	5.187953E-1	-2.206691E+1	-3.565890E-3	2.705147E-2
3.980859E+0	5.171466E-1	-2.386946E+1	5.188284E-1	-2.541566E+1	-3.604462E-3	2.689554E-2
3.982031E+0	5.172020E-1	-2.722533E+1	5.188815E-1	-2.876447E+1	-3.596392E-3	2.677289E-2
3.983203E+0	5.173180E-1	-3.058281E+1	5.189939E-1	-3.211446E+1	-3.585266E-3	2.664284E-2
3.984375E+0	5.175039E-1	-3.394350E+1	5.191433E-1	-3.546827E+1	-3.510862E-3	2.652509E-2
3.985547E+0	5.176941E-1	-3.730355E+1	5.193498E-1	-3.882577E+1	-3.539802E-3	2.647994E-2
3.986719E+0	5.179577E-1	-4.066957E+1	5.196148E-1	-4.218278E+1	-3.536718E-3	2.632321E-2
3.987891E+0	5.182340E-1	-4.403651E+1	5.199091E-1	-4.554318E+1	-3.566525E-3	2.620861E-2
3.989063E+0	5.185507E-1	-4.741013E+1	5.202261E-1	-4.890753E+1	-3.560911E-3	2.604743E-2
3.990234E+0	5.189154E-1	-5.078549E+1	5.206046E-1	-5.228129E+1	-3.584342E-3	2.601897E-2
3.991406E+0	5.193194E-1	-5.416880E+1	5.209994E-1	-5.565879E+1	-3.561599E-3	2.591845E-2
3.992578E+0	5.197323E-1	-5.756148E+1	5.213991E-1	-5.904527E+1	-3.531021E-3	2.581135E-2
3.993750E+0	5.201382E-1	-6.096048E+1	5.218146E-1	-6.243828E+1	-3.544174E-3	2.570676E-2
3.994922E+0	5.205459E-1	-6.435956E+1	5.222541E-1	-6.583186E+1	-3.599878E-3	2.560962E-2
3.996094E+0	5.209618E-1	-6.775446E+1	5.226573E-1	-6.922319E+1	-3.571471E-3	2.554822E-2
3.997266E+0	5.213827E-1	-7.115353E+1	5.230882E-1	-7.261716E+1	-3.585641E-3	2.545910E-2
3.998438E+0	5.218428E-1	-7.455599E+1	5.235431E-1	-7.601562E+1	-3.571104E-3	2.538987E-2
3.999609E+0	5.222526E-1	-7.796509E+1	5.239652E-1	-7.941905E+1	-3.589449E-3	2.529073E-2
4.000781E+0	5.226886E-1	-8.138688E+1	5.243869E-1	-8.283459E+1	-3.556807E-3	2.518279E-2
4.001953E+0	5.229567E-1	-8.480759E+1	5.246648E-1	-8.625391E+1	-3.573154E-3	2.515819E-2
4.003125E+0	5.232174E-1	-8.823304E+1	5.249199E-1	-8.967332E+1	-3.558261E-3	2.505346E-2
4.004297E+0	5.234274E-1	-9.166187E+1	5.251523E-1	-9.309954E+1	-3.598327E-3	2.500703E-2
4.005469E+0	5.236292E-1	-9.509425E+1	5.253239E-1	-9.652792E+1	-3.538040E-3	2.493894E-2
4.006641E+0	5.237626E-1	-9.853049E+1	5.254585E-1	-9.996072E+1	-3.538002E-3	2.487907E-2
4.007812E+0	5.238780E-1	-1.019683E+2	5.255822E-1	-1.033925E+2	-3.550417E-3	2.477383E-2
4.008984E+0	5.239282E-1	-1.054126E+2	5.256207E-1	-1.068332E+2	-3.526372E-3	2.471178E-2
4.010156E+0	5.239366E-1	-1.088607E+2	5.256490E-1	-1.102773E+2	-3.562322E-3	2.464128E-2
4.011328E+0	5.239160E-1	-1.123105E+2	5.256005E-1	-1.137240E+2	-3.508225E-3	2.458867E-2
4.012500E+0	5.238242E-1	-1.157622E+2	5.254981E-1	-1.171734E+2	-3.487698E-3	2.454915E-2
4.013672E+0	5.237024E-1	-1.192168E+2	5.253631E-1	-1.206214E+2	-3.460577E-3	2.443495E-2
4.014844E+0	5.235117E-1	-1.226715E+2	5.251641E-1	-1.240749E+2	-3.445463E-3	2.441444E-2
4.016016E+0	5.232747E-1	-1.261251E+2	5.249248E-1	-1.275244E+2	-3.440772E-3	2.434320E-2
4.017188E+0	5.230072E-1	-1.295796E+2	5.246412E-1	-1.309729E+2	-3.409249E-3	2.423955E-2
4.018359E+0	5.226874E-1	-1.330308E+2	5.243031E-1	-1.344228E+2	-3.375814E-3	2.421773E-2
4.019531E+0	5.223384E-1	-1.364837E+2	5.239189E-1	-1.378710E+2	-3.308923E-3	2.413755E-2
4.020703E+0	5.219390E-1	-1.399361E+2	5.235251E-1	-1.413179E+2	-3.319573E-3	2.404156E-2
4.021875E+0	5.215209E-1	-1.433845E+2	5.230905E-1	-1.447634E+2	-3.289340E-3	2.399181E-2
4.023047E+0	5.210498E-1	-1.468324E+2	5.226074E-1	-1.482072E+2	-3.267443E-3	2.392098E-2
4.024219E+0	5.205772E-1	-1.502781E+2	5.221222E-1	-1.516488E+2	-3.244377E-3	2.385016E-2
4.025391E+0	5.200840E-1	-1.537182E+2	5.216123E-1	-1.550835E+2	-3.213019E-3	2.375691E-2
4.026562E+0	5.195646E-1	-1.571543E+2	5.210937E-1	-1.585165E+2	-3.216185E-3	2.370288E-2
4.027734E+0	5.190557E-1	-1.605836E+2	5.205458E-1	-1.619416E+2	-3.142637E-3	2.363151E-2
4.028906E+0	5.185162E-1	-1.640076E+2	5.200036E-1	-1.653612E+2	-3.138619E-3	2.355501E-2
4.030078E+0	5.179769E-1	-1.674236E+2	5.194543E-1	-1.687735E+2	-3.120878E-3	2.349102E-2
4.031250E+0	5.174531E-1	-1.708325E+2	5.189229E-1	-1.721791E+2	-3.107797E-3	2.343388E-2
4.032422E+0	5.168976E-1	-1.742337E+2	5.183809E-1	-1.755761E+2	-3.135078E-3	2.336012E-2
4.033594E+0	5.164140E-1	-1.776299E+2	5.178481E-1	-1.789672E+2	-3.040963E-3	2.327354E-2
4.034766E+0	5.158902E-1	1.789816E+2	5.173289E-1	1.776490E+2	-3.050725E-3	2.319148E-2
4.035938E+0	5.154023E-1	1.755962E+2	5.168069E-1	1.742675E+2	-2.985993E-3	2.312509E-2
4.037109E+0	5.149240E-1	1.722191E+2	5.163605E-1	1.708923E+2	-3.049337E-3	2.309054E-2
4.038281E+0	5.145007E-1	1.688401E+2	5.158971E-1	1.675189E+2	-2.971875E-3	2.299484E-2
4.039453E+0	5.140827E-1	1.654686E+2	5.154804E-1	1.641509E+2	-2.975181E-3	2.293382E-2
4.040625E+0	5.137014E-1	1.620978E+2	5.150910E-1	1.607876E+2	-2.958516E-3	2.280363E-2
4.041797E+0	5.133492E-1	1.587312E+2	5.147268E-1	1.574256E+2	-2.935289E-3	2.272407E-2
4.042969E+0	5.130241E-1	1.553660E+2	5.144010E-1	1.540641E+2	-2.934158E-3	2.265967E-2
4.044141E+0	5.127560E-1	1.520029E+2	5.141016E-1	1.507059E+2	-2.872915E-3	2.257574E-2
4.045313E+0	5.124978E-1	1.486395E+2	5.138468E-1	1.473469E+2	-2.879097E-3	2.249899E-2
4.046484E+0	5.122691E-1	1.452773E+2	5.136347E-1	1.439911E+2	-2.909984E-3	2.238686E-2
4.047656E+0	5.121094E-1	1.419174E+2	5.134503E-1	1.406340E+2	-2.861752E-3	2.233919E-2
4.048828E+0	5.119514E-1	1.385549E+2	5.133011E-1	1.372756E+2	-2.878055E-3	2.226744E-2
4.050000E+0	5.118549E-1	1.351934E+2	5.131805E-1	1.339187E+2	-2.829938E-3	2.218841E-2
4.051172E+0	5.117741E-1	1.318327E+2	5.131102E-1	1.305603E+2	-2.849860E-3	2.214792E-2
4.052344E+0	5.117353E-1	1.284682E+2	5.130732E-1	1.272003E+2	-2.851819E-3	2.206952E-2
4.053516E+0	5.117069E-1	1.251012E+2	5.130519E-1	1.238374E+2	-2.864186E-3	2.199786E-2
4.054687E+0	5.117176E-1	1.217318E+2	5.130751E-1	1.204735E+2	-2.886317E-3	2.190161E-2
4.055859E+0	5.117846E-1	1.183624E+2	5.130985E-1	1.171085E+2	-2.799564E-3	2.182690E-2
4.057031E+0	5.118380E-1	1.149893E+2	5.131602E-1	1.137398E+2	-2.813753E-3	2.174998E-2
4.058203E+0	5.119347E-1	1.116173E+2	5.132469E-1	1.103668E+2	-2.794219E-3	2.176781E-2
4.059375E+0	5.120295E-1	1.082383E+2	5.133510E-1	1.069951E+2	-2.809047E-3	2.164038E-2
4.060547E+0	5.121725E-1	1.048574E+2	5.134839E-1	1.036165E+2	-2.787848E-3	2.160079E-2
4.061719E+0	5.123029E-1	1.014724E+2	5.136256E-1	1.002345E+2	-2.808009E-3	2.154812E-2
4.062891E+0	5.124431E-1	9.808393E+1	5.137950E-1	9.685234E+1	-2.861612E-3	2.143709E-2
4.064063E+0	5.125736E-1	9.469503E+1	5.139328E-1	9.346474E+1	-2.874622E-3	2.141418E-2
4.065234E+0	5.127490E-1	9.130163E+1	5.140643E-1	9.007191E+1	-2.788354E-3	2.140610E-2
4.066406E+0	5.129220E-1	8.790099E+1	5.142367E-1	8.667748E+1	-2.784016E-3	2.129806E-2
4.067578E+0	5.130529E-1	8.450197E+1	5.143811E-1	8.327813E+1	-2.809660E-3	2.130326E-2
4.068750E+0	5.132177E-1	8.109561E+1	5.145476E-1	7.987684E+1	-2.810247E-3	2.121497E-2
4.069922E+0	5.133425E-1	7.768800E+1	5.146992E-1	7.647231E+1	-2.860404E-3	2.116028E-2
4.071094E+0	5.134734E-1	7.427679E+1	5.148083E-1	7.306372E+1	-2.816543E-3	2.111559E-2
4.072266E+0	5.135950E-1	7.086272E+1	5.149255E-1	6.965314E+1	-2.806125E-3	2.105504E-2
4.073437E+0	5.136578E-1	6.744759E+1	5.150065E-1	6.623971E+1	-2.840426E-3	2.102472E-2
4.074609E+0	5.137487E-1	6.402869E+1	5.150895E-1	6.282691E+1	-2.822438E-3	2.091889E-2
4.075781E+0	5.137972E-1	6.061176E+1	5.151262E-1	5.940988E+1	-2.799387E-3	2.092111E-2
4.076953E+0	5.138348E-1	5.718888E+1	5.151533E-1	5.599041E+1	-2.777630E-3	2.086219E-2
4.078125E+0	5.138437E-1	5.376772E+1	5.151761E-1	5.256979E+1	-2.804295E-3	2.085223E-2
4.079297E+0	5.138375E-1	5.034429E+1	5.151473E-1	4.915152E+1	-2.758705E-3	2.076333E-2
4.080469E+0	5.138053E-1	4.692101E+1	5.150948E-1	4.573171E+1	-2.718306E-3	2.070375E-2
4.081641E+0	5.137200E-1	4.350054E+1	5.150149E-1	4.231105E+1	-2.729246E-3	2.070683E-2
4.082813E+0	5.136343E-1	4.007691E+1	5.149401E-1	3.888990E+1	-2.749879E-3	2.066322E-2
4.083984E+0	5.135100E-1	3.665562E+1	5.148235E-1	3.547113E+1	-2.764499E-3	2.061904E-2
4.085156E+0	5.133734E-1	3.323525E+1	5.146874E-1	3.205490E+1	-2.764657E-3	2.054695E-2
4.086328E+0	5.132214E-1	2.981896E+1	5.145130E-1	2.863871E+1	-2.721959E-3	2.054608E-2
4.087500E+0	5.130422E-1	2.639916E+1	5.143267E-1	2.522476E+1	-2.706974E-3	2.044452E-2
4.088672E+0	5.128719E-1	2.298688E+1	5.141302E-1	2.181397E+1	-2.656448E-3	2.041961E-2
4.089844E+0	5.126601E-1	1.957540E+1	5.139279E-1	1.840701E+1	-2.674285E-3	2.034054E-2
4.091016E+0	5.124415E-1	1.616655E+1	5.137045E-1	1.499855E+1	-2.665877E-3	2.033392E-2
4.092188E+0	5.122248E-1	1.276231E+1	5.134715E-1	1.159657E+1	-2.634453E-3	2.029520E-2
4.093359E+0	5.120267E-1	9.361360E+0	5.132403E-1	8.200268E+0	-2.569424E-3	2.021558E-2
4.094531E+0	5.118014E-1	5.960319E+0	5.130188E-1	4.802961E+0	-2.576535E-3	2.015040E-2
4.095703E+0	5.115881E-1	2.565270E+0	5.127982E-1	1.411902E+0	-2.561923E-3	2.008121E-2
4.096875E+0	5.113742E-1	-8.254253E-1	5.125714E-1	-1.976463E+0	-2.536988E-3	2.004113E-2
4.098047E+0	5.111740E-1	-4.214459E+0	5.123782E-1	-5.362487E+0	-2.550477E-3	1.998844E-2
4.099219E+0	5.110016E-1	-7.601977E+0	5.121711E-1	-8.747361E+0	-2.482768E-3	1.994375E-2
4.100391E+0	5.108255E-1	-1.098246E+1	5.120060E-1	-1.212570E+1	-2.504239E-3	1.990598E-2
4.101562E+0	5.106829E-1	-1.436510E+1	5.118859E-1	-1.550364E+1	-2.547096E-3	1.982327E-2
4.102734E+0	5.105690E-1	-1.774033E+1	5.117536E-1	-1.887753E+1	-2.511293E-3	1.980064E-2
4.103906E+0	5.104894E-1	-2.111870E+1	5.116660E-1	-2.225138E+1	-2.494498E-3	1.972225E-2
4.105078E+0	5.104143E-1	-2.449370E+1	5.115823E-1	-2.562388E+1	-2.477207E-3	1.967905E-2
4.106250E+0	5.104096E-1	-2.786654E+1	5.115566E-1	-2.899256E+1	-2.434852E-3	1.960743E-2
4.107422E+0	5.103915E-1	-3.123981E+1	5.115706E-1	-3.236258E+1	-2.496416E-3	1.954962E-2
4.108594E+0	5.104373E-1	-3.461246E+1	5.116236E-1	-3.573109E+1	-2.508838E-3	1.947727E-2
4.109766E+0	5.105191E-1	-3.798535E+1	5.116963E-1	-3.910257E+1	-2.490249E-3	1.945308E-2
4.110938E+0	5.106268E-1	-4.136084E+1	5.118082E-1	-4.247214E+1	-2.495946E-3	1.934986E-2
4.112109E+0	5.107819E-1	-4.473482E+1	5.119575E-1	-4.584529E+1	-2.483666E-3	1.933564E-2
4.113281E+0	5.109729E-1	-4.811049E+1	5.121545E-1	-4.921745E+1	-2.493313E-3	1.927432E-2
4.114453E+0	5.112049E-1	-5.149029E+1	5.123603E-1	-5.259541E+1	-2.440642E-3	1.924329E-2
4.115625E+0	5.114537E-1	-5.487413E+1	5.126279E-1	-5.597339E+1	-2.474169E-3	1.914059E-2
4.116797E+0	5.117383E-1	-5.825698E+1	5.129303E-1	-5.935800E+1	-2.508103E-3	1.917059E-2
4.117969E+0	5.120631E-1	-6.164690E+1	5.132349E-1	-6.274502E+1	-2.466404E-3	1.912088E-2
4.119141E+0	5.123929E-1	-6.504057E+1	5.135823E-1	-6.613663E+1	-2.498436E-3	1.908439E-2
4.120312E+0	5.127334E-1	-6.844004E+1	5.139261E-1	-6.953113E+1	-2.501655E-3	1.899777E-2
4.121484E+0	5.131198E-1	-7.184292E+1	5.142938E-1	-7.293275E+1	-2.463225E-3	1.897656E-2
4.122656E+0	5.135068E-1	-7.524876E+1	5.147023E-1	-7.633778E+1	-2.502910E-3	1.896170E-2
4.123828E+0	5.138760E-1	-7.866402E+1	5.150700E-1	-7.975007E+1	-2.497359E-3	1.891008E-2
4.125000E+0	5.142678E-1	-8.208192E+1	5.154818E-1	-8.316543E+1	-2.533461E-3	1.886516E-2
4.126172E+0	5.146608E-1	-8.550655E+1	5.158458E-1	-8.659132E+1	-2.476007E-3	1.888819E-2
4.127344E+0	5.150161E-1	-8.893797E+1	5.162209E-1	-9.001910E+1	-2.511489E-3	1.882412E-2
4.128516E+0	5.153878E-1	-9.237594E+1	5.165831E-1	-9.345308E+1	-2.490157E-3	1.875504E-2
4.129688E+0	5.157135E-1	-9.581633E+1	5.169354E-1	-9.689235E+1	-2.539662E-3	1.873460E-2
4.130859E+0	5.160240E-1	-9.926290E+1	5.172302E-1	-1.003367E+2	-2.507241E-3	1.869655E-2
4.132031E+0	5.162892E-1	-1.027149E+2	5.174917E-1	-1.037854E+2	-2.497839E-3	1.863925E-2
4.133203E+0	5.165371E-1	-1.061688E+2	5.177584E-1	-1.072409E+2	-2.533468E-3	1.866645E-2
4.134375E+0	5.167243E-1	-1.096296E+2	5.179356E-1	-1.106980E+2	-2.512153E-3	1.860241E-2
4.135547E+0	5.168468E-1	-1.130936E+2	5.180547E-1	-1.141620E+2	-2.505054E-3	1.860254E-2
4.136719E+0	5.169573E-1	-1.165616E+2	5.181530E-1	-1.176264E+2	-2.479904E-3	1.854031E-2
4.137891E+0	5.170173E-1	-1.200264E+2	5.182111E-1	-1.210927E+2	-2.476465E-3	1.856650E-2
4.139063E+0	5.169982E-1	-1.234987E+2	5.181745E-1	-1.245614E+2	-2.441696E-3	1.850445E-2
4.140234E+0	5.169272E-1	-1.269692E+2	5.181002E-1	-1.280315E+2	-2.435524E-3	1.849760E-2
4.141406E+0	5.167891E-1	-1.304423E+2	5.179701E-1	-1.315022E+2	-2.450761E-3	1.845551E-2
4.142578E+0	5.166137E-1	-1.339130E+2	5.177983E-1	-1.349726E+2	-2.458372E-3	1.845015E-2
4.143750E+0	5.163764E-1	-1.373839E+2	5.175393E-1	-1.384400E+2	-2.416470E-3	1.838996E-2
4.144922E+0	5.160639E-1	-1.408523E+2	5.172434E-1	-1.419084E+2	-2.449843E-3	1.838935E-2
4.146094E+0	5.156996E-1	-1.443197E+2	5.168856E-1	-1.453726E+2	-2.462969E-3	1.833337E-2
4.147266E+0	5.153109E-1	-1.477830E+2	5.164581E-1	-1.488345E+2	-2.389305E-3	1.831034E-2
4.148437E+0	5.148577E-1	-1.512433E+2	5.159924E-1	-1.522945E+2	-2.366993E-3	1.830553E-2
4.149609E+0	5.143628E-1	-1.547000E+2	5.154848E-1	-1.557491E+2	-2.343855E-3	1.826937E-2
4.150781E+0	5.138241E-1	-1.581518E+2	5.149349E-1	-1.591977E+2	-2.323413E-3	1.821401E-2
4.151953E+0	5.132365E-1	-1.615977E+2	5.143514E-1	-1.626429E+2	-2.333608E-3	1.820163E-2
4.153125E+0	5.126578E-1	-1.650389E+2	5.137402E-1	-1.660824E+2	-2.272395E-3	1.817313E-2
4.154297E+0	5.119997E-1	-1.684752E+2	5.131031E-1	-1.695154E+2	-2.314887E-3	1.811488E-2
4.155469E+0	5.113601E-1	-1.719072E+2	5.124223E-1	-1.729440E+2	-2.236281E-3	1.805708E-2
4.156641E+0	5.106996E-1	-1.753319E+2	5.117438E-1	-1.763669E+2	-2.203294E-3	1.802632E-2
4.157813E+0	5.100102E-1	-1.787498E+2	5.110655E-1	-1.797838E+2	-2.227403E-3	1.800846E-2
4.158984E+0	5.093140E-1	1.778371E+2	5.103655E-1	1.768043E+2	-2.222413E-3	1.798765E-2
4.160156E+0	5.086334E-1	1.744292E+2	5.096598E-1	1.734022E+2	-2.174209E-3	1.788748E-2
4.161328E+0	5.079716E-1	1.710288E+2	5.089618E-1	1.700039E+2	-2.105202E-3	1.785213E-2
4.162500E+0	5.072656E-1	1.676342E+2	5.082844E-1	1.666097E+2	-2.163928E-3	1.784411E-2
4.163672E+0	5.066159E-1	1.642459E+2	5.076007E-1	1.632222E+2	-2.099407E-3	1.783132E-2
4.164844E+0	5.059649E-1	1.608632E+2	5.069579E-1	1.598403E+2	-2.117790E-3	1.781706E-2
4.166016E+0	5.053493E-1	1.574834E+2	5.063196E-1	1.564663E+2	-2.073635E-3	1.771679E-2
4.167187E+0	5.047425E-1	1.541099E+2	5.057192E-1	1.530948E+2	-2.087945E-3	1.768170E-2
4.168359E+0	5.041602E-1	1.507415E+2	5.051247E-1	1.497278E+2	-2.065637E-3	1.765770E-2
4.169531E+0	5.036098E-1	1.473780E+2	5.045785E-1	1.463687E+2	-2.074673E-3	1.758088E-2
4.170703E+0	5.031161E-1	1.440161E+2	5.040377E-1	1.430099E+2	-1.982352E-3	1.752849E-2
4.171875E+0	5.026301E-1	1.406604E+2	5.035675E-1	1.396564E+2	-2.014758E-3	1.748959E-2
4.173047E+0	5.021811E-1	1.373083E+2	5.031191E-1	1.363055E+2	-2.017243E-3	1.746864E-2
4.174219E+0	5.017861E-1	1.339586E+2	5.027195E-1	1.329596E+2	-2.008420E-3	1.740258E-2
4.175391E+0	5.014068E-1	1.306110E+2	5.023511E-1	1.296160E+2	-2.030263E-3	1.733251E-2
4.176563E+0	5.011110E-1	1.272668E+2	5.020247E-1	1.262738E+2	-1.969937E-3	1.729871E-2
4.177734E+0	5.008302E-1	1.239238E+2	5.017357E-1	1.229349E+2	-1.953409E-3	1.722756E-2
4.178906E+0	5.005804E-1	1.205824E+2	5.015064E-1	1.195972E+2	-1.993994E-3	1.716239E-2
4.180078E+0	5.004030E-1	1.172412E+2	5.013055E-1	1.162569E+2	-1.947594E-3	1.714750E-2
4.181250E+0	5.002502E-1	1.139035E+2	5.011783E-1	1.129208E+2	-1.998644E-3	1.711875E-2
4.182422E+0	5.001352E-1	1.105643E+2	5.010737E-1	1.095857E+2	-2.018561E-3	1.704697E-2
4.183594E+0	5.001135E-1	1.072275E+2	5.010251E-1	1.062492E+2	-1.964971E-3	1.704266E-2
4.184766E+0	5.001117E-1	1.038878E+2	5.010321E-1	1.029128E+2	-1.981527E-3	1.698488E-2
4.185938E+0	5.001220E-1	1.005472E+2	5.010679E-1	9.957577E+1	-2.031223E-3	1.692183E-2
4.187109E+0	5.002296E-1	9.720614E+1	5.011356E-1	9.623810E+1	-1.950361E-3	1.686414E-2
4.188281E+0	5.003466E-1	9.386508E+1	5.012930E-1	9.289742E+1	-2.030262E-3	1.685617E-2
4.189453E+0	5.005153E-1	9.051684E+1	5.014544E-1	8.955379E+1	-2.013746E-3	1.677613E-2
4.190625E+0	5.007091E-1	8.716877E+1	5.016763E-1	8.620728E+1	-2.068465E-3	1.674803E-2
4.191797E+0	5.009699E-1	8.381770E+1	5.019055E-1	8.285870E+1	-2.003907E-3	1.670573E-2
4.192969E+0	5.012603E-1	8.046394E+1	5.021874E-1	7.950585E+1	-1.985672E-3	1.669018E-2
4.194141E+0	5.015620E-1	7.710489E+1	5.025152E-1	7.614902E+1	-2.035753E-3	1.665066E-2
4.195312E+0	5.018932E-1	7.374318E+1	5.028560E-1	7.278859E+1	-2.053185E-3	1.662807E-2
4.196484E+0	5.022458E-1	7.037696E+1	5.032375E-1	6.942431E+1	-2.108591E-3	1.659335E-2
4.197656E+0	5.026380E-1	6.700521E+1	5.036314E-1	6.605493E+1	-2.109740E-3	1.655204E-2
4.198828E+0	5.030424E-1	6.363028E+1	5.040222E-1	6.268034E+1	-2.081133E-3	1.654659E-2
4.200000E+0	5.034496E-1	6.025080E+1	5.044397E-1	5.930223E+1	-2.099545E-3	1.652242E-2
