3.801172E+0	5.381955E-1	1.358777E+2	5.374596E-1	1.377323E+2	8.446756E-4	-3.240754E-2
3.802344E+0	5.384347E-1	1.324106E+2	5.376594E-1	1.342849E+2	9.062066E-4	-3.275404E-2
3.803516E+0	5.386336E-1	1.289435E+2	5.378251E-1	1.308316E+2	9.595412E-4	-3.299713E-2
3.804688E+0	5.387726E-1	1.254709E+2	5.379634E-1	1.273764E+2	9.503884E-4	-3.330113E-2
3.805859E+0	5.388743E-1	1.219960E+2	5.380293E-1	1.239213E+2	1.005138E-3	-3.364927E-2
3.807031E+0	5.389196E-1	1.185191E+2	5.380764E-1	1.204634E+2	9.904438E-4	-3.398109E-2
3.808203E+0	5.389199E-1	1.150406E+2	5.380482E-1	1.170048E+2	1.031601E-3	-3.433057E-2
3.809375E+0	5.388387E-1	1.115618E+2	5.379913E-1	1.135461E+2	9.745264E-4	-3.468019E-2
3.810547E+0	5.387261E-1	1.080820E+2	5.378503E-1	1.100880E+2	1.014503E-3	-3.506115E-2
3.811719E+0	5.385575E-1	1.046011E+2	5.376839E-1	1.066293E+2	9.972576E-4	-3.544888E-2
3.812891E+0	5.382957E-1	1.011181E+2	5.374326E-1	1.031703E+2	9.635554E-4	-3.586750E-2
3.814063E+0	5.380185E-1	9.764140E+1	5.371773E-1	9.971413E+1	9.106600E-4	-3.622471E-2
3.815234E+0	5.376779E-1	9.416623E+1	5.368548E-1	9.626392E+1	8.620321E-4	-3.665954E-2
3.816406E+0	5.372951E-1	9.069021E+1	5.364853E-1	9.281499E+1	8.208686E-4	-3.713187E-2
3.817578E+0	5.368531E-1	8.721953E+1	5.360676E-1	8.936874E+1	7.608223E-4	-3.755695E-2
3.818750E+0	5.363694E-1	8.375125E+1	5.356112E-1	8.592634E+1	6.940707E-4	-3.800709E-2
3.819922E+0	5.358700E-1	8.028708E+1	5.351420E-1	8.248969E+1	6.205482E-4	-3.848561E-2
3.821094E+0	5.353243E-1	7.682726E+1	5.346265E-1	7.905961E+1	5.453026E-4	-3.900284E-2
3.822266E+0	5.347758E-1	7.337016E+1	5.340955E-1	7.563054E+1	4.946585E-4	-3.949108E-2
3.823438E+0	5.341614E-1	6.991431E+1	5.335467E-1	7.221043E+1	3.482871E-4	-4.011029E-2
3.824609E+0	5.335492E-1	6.646465E+1	5.329853E-1	6.879369E+1	2.310552E-4	-4.068122E-2
3.825781E+0	5.329086E-1	6.301878E+1	5.324153E-1	6.538257E+1	7.483926E-5	-4.128243E-2
3.826953E+0	5.322563E-1	5.957711E+1	5.318605E-1	6.197805E+1	-1.343302E-4	-4.192322E-2
3.828125E+0	5.315953E-1	5.613897E+1	5.313157E-1	5.857847E+1	-3.805127E-4	-4.258684E-2
3.829297E+0	5.309232E-1	5.270491E+1	5.307566E-1	5.518384E+1	-6.222076E-4	-4.326557E-2
3.830469E+0	5.302470E-1	4.927286E+1	5.302566E-1	5.179593E+1	-9.875095E-4	-4.402085E-2
3.831641E+0	5.295155E-1	4.584950E+1	5.297226E-1	4.841094E+1	-1.389696E-3	-4.467320E-2
3.832813E+0	5.288067E-1	4.242950E+1	5.292515E-1	4.503221E+1	-1.871142E-3	-4.537207E-2
3.833984E+0	5.280846E-1	3.901442E+1	5.287945E-1	4.165533E+1	-2.403136E-3	-4.601440E-2
3.835156E+0	5.273672E-1	3.560674E+1	5.283816E-1	3.828574E+1	-3.010653E-3	-4.665060E-2
3.836328E+0	5.266646E-1	3.220330E+1	5.280151E-1	3.491759E+1	-3.676727E-3	-4.723446E-2
3.837500E+0	5.259897E-1	2.880519E+1	5.276955E-1	3.155358E+1	-4.379093E-3	-4.779506E-2
3.838672E+0	5.253201E-1	2.540968E+1	5.273970E-1	2.819144E+1	-5.111742E-3	-4.834068E-2
3.839844E+0	5.246474E-1	2.201903E+1	5.271419E-1	2.483007E+1	-5.929722E-3	-4.881015E-2
3.841016E+0	5.240174E-1	1.863731E+1	5.269576E-1	2.147170E+1	-6.796113E-3	-4.917336E-2
3.842188E+0	5.233926E-1	1.525909E+1	5.268007E-1	1.811168E+1	-7.700534E-3	-4.944456E-2
3.843359E+0	5.228214E-1	1.188329E+1	5.266999E-1	1.475507E+1	-8.610373E-3	-4.973210E-2
3.844531E+0	5.222647E-1	8.513151E+0	5.266520E-1	1.139488E+1	-9.584574E-3	-4.985564E-2
3.845703E+0	5.217548E-1	5.146048E+0	5.266468E-1	8.034814E+0	-1.054790E-2	-4.992898E-2
3.846875E+0	5.212895E-1	1.786242E+0	5.266694E-1	4.673955E+0	-1.147179E-2	-4.986415E-2
3.848047E+0	5.208609E-1	-1.567218E+0	5.267547E-1	1.307934E+0	-1.243360E-2	-4.959858E-2
3.849219E+0	5.205351E-1	-4.921191E+0	5.268708E-1	-2.058190E+0	-1.325832E-2	-4.934737E-2
3.850391E+0	5.203296E-1	-8.277152E+0	5.270238E-1	-5.427884E+0	-1.392243E-2	-4.907722E-2
3.851563E+0	5.201979E-1	-1.163974E+1	5.272087E-1	-8.801051E+0	-1.450872E-2	-4.886563E-2
3.852734E+0	5.201194E-1	-1.500253E+1	5.274291E-1	-1.217654E+1	-1.505838E-2	-4.861954E-2
3.853906E+0	5.200462E-1	-1.836805E+1	5.276573E-1	-1.555631E+1	-1.561085E-2	-4.834685E-2
3.855078E+0	5.200610E-1	-2.173793E+1	5.279184E-1	-1.894076E+1	-1.605746E-2	-4.807410E-2
3.856250E+0	5.201436E-1	-2.511014E+1	5.281938E-1	-2.232985E+1	-1.640017E-2	-4.776689E-2
3.857422E+0	5.202972E-1	-2.849703E+1	5.284851E-1	-2.572412E+1	-1.664589E-2	-4.762800E-2
3.858594E+0	5.204596E-1	-3.189317E+1	5.287692E-1	-2.912099E+1	-1.686686E-2	-4.760474E-2
3.859766E+0	5.206416E-1	-3.530130E+1	5.290729E-1	-3.252390E+1	-1.709194E-2	-4.768360E-2
3.860938E+0	5.207775E-1	-3.872054E+1	5.293823E-1	-3.593200E+1	-1.741928E-2	-4.785922E-2
3.862109E+0	5.208480E-1	-4.213944E+1	5.296624E-1	-3.934413E+1	-1.781161E-2	-4.795644E-2
3.863281E+0	5.208429E-1	-4.556101E+1	5.299398E-1	-4.276230E+1	-1.833820E-2	-4.798912E-2
3.864453E+0	5.208236E-1	-4.898495E+1	5.301997E-1	-4.618273E+1	-1.885870E-2	-4.802392E-2
3.865625E+0	5.207363E-1	-5.240768E+1	5.304506E-1	-4.961094E+1	-1.948257E-2	-4.789938E-2
3.866797E+0	5.206556E-1	-5.583026E+1	5.306574E-1	-5.304007E+1	-2.001111E-2	-4.776126E-2
3.867969E+0	5.205618E-1	-5.925465E+1	5.308332E-1	-5.647478E+1	-2.050357E-2	-4.756042E-2
3.869141E+0	5.204582E-1	-6.268240E+1	5.309913E-1	-5.991043E+1	-2.098355E-2	-4.740181E-2
3.870313E+0	5.203642E-1	-6.611073E+1	5.311079E-1	-6.335001E+1	-2.136598E-2	-4.719069E-2
3.871484E+0	5.202140E-1	-6.954692E+1	5.311841E-1	-6.679082E+1	-2.178500E-2	-4.709142E-2
3.872656E+0	5.200629E-1	-7.298711E+1	5.312079E-1	-7.023531E+1	-2.210941E-2	-4.700225E-2
3.873828E+0	5.198599E-1	-7.642906E+1	5.312217E-1	-7.367864E+1	-2.251538E-2	-4.695913E-2
3.875000E+0	5.195565E-1	-7.986913E+1	5.311539E-1	-7.712461E+1	-2.295633E-2	-4.683711E-2
3.876172E+0	5.192229E-1	-8.330762E+1	5.310653E-1	-8.056931E+1	-2.341571E-2	-4.670900E-2
3.877344E+0	5.188286E-1	-8.674568E+1	5.309296E-1	-8.401760E+1	-2.389960E-2	-4.651118E-2
3.878516E+0	5.183618E-1	-9.017753E+1	5.307572E-1	-8.746251E+1	-2.445047E-2	-4.626206E-2
3.879688E+0	5.179008E-1	-9.360623E+1	5.305174E-1	-9.090705E+1	-2.486476E-2	-4.597222E-2
3.880859E+0	5.174320E-1	-9.703246E+1	5.302282E-1	-9.434959E+1	-2.520302E-2	-4.567817E-2
3.882031E+0	5.169511E-1	-1.004580E+2	5.299316E-1	-9.779070E+1	-2.555154E-2	-4.539646E-2
3.883203E+0	5.164878E-1	-1.038845E+2	5.295743E-1	-1.012269E+2	-2.576032E-2	-4.522144E-2
3.884375E+0	5.159567E-1	-1.073091E+2	5.291968E-1	-1.046625E+2	-2.605921E-2	-4.502018E-2
3.885547E+0	5.154206E-1	-1.107308E+2	5.287791E-1	-1.080917E+2	-2.629674E-2	-4.488148E-2
3.886719E+0	5.148724E-1	-1.141530E+2	5.283207E-1	-1.115184E+2	-2.648490E-2	-4.479618E-2
3.887891E+0	5.142592E-1	-1.175704E+2	5.278624E-1	-1.149377E+2	-2.679863E-2	-4.474940E-2
3.889063E+0	5.135490E-1	-1.209759E+2	5.273777E-1	-1.183537E+2	-2.724125E-2	-4.455041E-2
3.890234E+0	5.128060E-1	-1.243660E+2	5.268801E-1	-1.217676E+2	-2.771285E-2	-4.412409E-2
3.891406E+0	5.120899E-1	-1.277503E+2	5.263764E-1	-1.251740E+2	-2.812454E-2	-4.372978E-2
3.892578E+0	5.114863E-1	-1.311239E+2	5.258322E-1	-1.285767E+2	-2.824337E-2	-4.322989E-2
3.893750E+0	5.109644E-1	-1.345032E+2	5.253301E-1	-1.319720E+2	-2.829504E-2	-4.295571E-2
3.894922E+0	5.104708E-1	-1.378804E+2	5.248544E-1	-1.353619E+2	-2.834438E-2	-4.273774E-2
3.896094E+0	5.100037E-1	-1.412645E+2	5.243288E-1	-1.387479E+2	-2.825894E-2	-4.270921E-2
3.897266E+0	5.095614E-1	-1.446429E+2	5.238765E-1	-1.421306E+2	-2.826023E-2	-4.263608E-2
3.898438E+0	5.090852E-1	-1.480223E+2	5.234144E-1	-1.455043E+2	-2.831549E-2	-4.273051E-2
3.899609E+0	5.086151E-1	-1.513987E+2	5.229810E-1	-1.488778E+2	-2.841043E-2	-4.277561E-2
3.900781E+0	5.081306E-1	-1.547705E+2	5.225971E-1	-1.522426E+2	-2.862814E-2	-4.288493E-2
3.901953E+0	5.076172E-1	-1.581322E+2	5.222498E-1	-1.556049E+2	-2.896382E-2	-4.285992E-2
3.903125E+0	5.070930E-1	-1.614854E+2	5.219501E-1	-1.589657E+2	-2.940391E-2	-4.271150E-2
3.904297E+0	5.066232E-1	-1.648292E+2	5.216772E-1	-1.623221E+2	-2.978650E-2	-4.248089E-2
3.905469E+0	5.062667E-1	-1.681654E+2	5.214529E-1	-1.656766E+2	-3.003866E-2	-4.215946E-2
3.906641E+0	5.059837E-1	-1.715041E+2	5.212562E-1	-1.690290E+2	-3.020499E-2	-4.191991E-2
3.907813E+0	5.057791E-1	-1.748449E+2	5.211445E-1	-1.723797E+2	-3.038214E-2	-4.174440E-2
3.908984E+0	5.055945E-1	-1.781839E+2	5.210826E-1	-1.757284E+2	-3.061384E-2	-4.157001E-2
3.910156E+0	5.054848E-1	1.784802E+2	5.210521E-1	-1.790804E+2	-3.075579E-2	-4.129107E-2
3.911328E+0	5.054190E-1	1.751485E+2	5.210958E-1	1.775673E+2	-3.094846E-2	-4.093382E-2
3.912500E+0	5.054113E-1	1.718185E+2	5.211697E-1	1.742164E+2	-3.108576E-2	-4.057396E-2
3.913672E+0	5.055044E-1	1.684852E+2	5.212936E-1	1.708603E+2	-3.112154E-2	-4.018624E-2
3.914844E+0	5.057306E-1	1.651468E+2	5.214576E-1	1.675055E+2	-3.098138E-2	-3.991422E-2
3.916016E+0	5.060055E-1	1.618037E+2	5.216926E-1	1.641449E+2	-3.087924E-2	-3.962193E-2
3.917188E+0	5.063571E-1	1.584484E+2	5.219473E-1	1.607831E+2	-3.067460E-2	-3.952014E-2
3.918359E+0	5.067840E-1	1.550887E+2	5.222394E-1	1.574157E+2	-3.039470E-2	-3.940103E-2
3.919531E+0	5.072098E-1	1.517183E+2	5.225772E-1	1.540465E+2	-3.020815E-2	-3.942896E-2
3.920703E+0	5.076907E-1	1.483350E+2	5.229372E-1	1.506704E+2	-2.996188E-2	-3.956107E-2
3.921875E+0	5.081757E-1	1.449427E+2	5.233079E-1	1.472920E+2	-2.973264E-2	-3.980620E-2
3.923047E+0	5.086315E-1	1.415414E+2	5.237162E-1	1.439048E+2	-2.962932E-2	-4.004965E-2
3.924219E+0	5.090477E-1	1.381385E+2	5.241194E-1	1.405148E+2	-2.959144E-2	-4.027007E-2
3.925391E+0	5.094361E-1	1.347345E+2	5.245449E-1	1.371164E+2	-2.964274E-2	-4.036294E-2
3.926563E+0	5.098311E-1	1.313245E+2	5.249646E-1	1.337139E+2	-2.967203E-2	-4.048896E-2
3.927734E+0	5.102451E-1	1.279046E+2	5.253851E-1	1.303080E+2	-2.967126E-2	-4.072651E-2
3.928906E+0	5.106434E-1	1.244759E+2	5.258079E-1	1.268955E+2	-2.970622E-2	-4.099987E-2
3.930078E+0	5.110106E-1	1.210436E+2	5.261930E-1	1.234784E+2	-2.973003E-2	-4.125673E-2
3.931250E+0	5.112966E-1	1.176068E+2	5.265638E-1	1.200558E+2	-2.988088E-2	-4.149118E-2
3.932422E+0	5.115710E-1	1.141678E+2	5.269353E-1	1.166281E+2	-3.005277E-2	-4.167548E-2
3.933594E+0	5.118046E-1	1.107253E+2	5.272565E-1	1.131971E+2	-3.020939E-2	-4.186376E-2
3.934766E+0	5.120139E-1	1.072803E+2	5.275552E-1	1.097622E+2	-3.036951E-2	-4.202809E-2
3.935938E+0	5.121743E-1	1.038310E+2	5.277988E-1	1.063233E+2	-3.052106E-2	-4.219783E-2
3.937109E+0	5.123610E-1	1.003768E+2	5.280401E-1	1.028807E+2	-3.061941E-2	-4.239018E-2
3.938281E+0	5.124756E-1	9.691218E+1	5.282323E-1	9.943675E+1	-3.077074E-2	-4.273390E-2
3.939453E+0	5.125266E-1	9.344931E+1	5.283936E-1	9.598764E+1	-3.098047E-2	-4.295782E-2
3.940625E+0	5.125139E-1	8.998671E+1	5.284724E-1	9.254082E+1	-3.116083E-2	-4.321718E-2
3.941797E+0	5.124469E-1	8.652146E+1	5.285264E-1	8.909053E+1	-3.139778E-2	-4.346002E-2
3.942969E+0	5.123436E-1	8.305565E+1	5.285618E-1	8.563903E+1	-3.166877E-2	-4.369020E-2
3.944141E+0	5.121974E-1	7.958733E+1	5.285223E-1	8.219086E+1	-3.188816E-2	-4.402147E-2
3.945313E+0	5.119366E-1	7.612078E+1	5.284438E-1	7.874004E+1	-3.224948E-2	-4.427128E-2
3.946484E+0	5.116261E-1	7.265695E+1	5.283245E-1	7.529137E+1	-3.262979E-2	-4.451038E-2
3.947656E+0	5.112676E-1	6.920008E+1	5.281664E-1	7.184538E+1	-3.302673E-2	-4.467613E-2
3.948828E+0	5.108754E-1	6.574635E+1	5.279420E-1	6.839800E+1	-3.336277E-2	-4.476796E-2
3.950000E+0	5.104508E-1	6.229770E+1	5.277150E-1	6.495622E+1	-3.375608E-2	-4.486585E-2
3.951172E+0	5.100176E-1	5.885321E+1	5.274185E-1	6.151370E+1	-3.403490E-2	-4.488619E-2
3.952344E+0	5.095958E-1	5.540951E+1	5.271082E-1	5.807438E+1	-3.426904E-2	-4.494929E-2
3.953516E+0	5.091383E-1	5.196245E+1	5.267525E-1	5.464258E+1	-3.449651E-2	-4.519642E-2
3.954688E+0	5.086562E-1	4.851957E+1	5.263817E-1	5.120923E+1	-3.473878E-2	-4.534598E-2
3.955859E+0	5.080997E-1	4.507848E+1	5.259963E-1	4.778390E+1	-3.510086E-2	-4.559497E-2
3.957031E+0	5.075778E-1	4.164219E+1	5.255788E-1	4.436159E+1	-3.533742E-2	-4.581969E-2
3.958203E+0	5.069801E-1	3.821075E+1	5.251304E-1	4.094212E+1	-3.566021E-2	-4.600628E-2
3.959375E+0	5.063487E-1	3.478437E+1	5.246779E-1	3.752736E+1	-3.603992E-2	-4.618411E-2
3.960547E+0	5.056892E-1	3.136279E+1	5.241958E-1	3.411926E+1	-3.642094E-2	-4.639308E-2
3.961719E+0	5.050203E-1	2.794963E+1	5.237278E-1	3.071501E+1	-3.684282E-2	-4.652290E-2
3.962891E+0	5.043046E-1	2.454603E+1	5.232570E-1	2.731581E+1	-3.734598E-2	-4.657269E-2
3.964063E+0	5.036173E-1	2.115368E+1	5.227966E-1	2.392186E+1	-3.781005E-2	-4.652331E-2
3.965234E+0	5.029440E-1	1.777210E+1	5.223339E-1	2.053120E+1	-3.823787E-2	-4.634985E-2
3.966406E+0	5.023587E-1	1.439410E+1	5.218914E-1	1.714779E+1	-3.853824E-2	-4.624438E-2
3.967578E+0	5.018756E-1	1.101568E+1	5.214310E-1	1.376855E+1	-3.861407E-2	-4.622695E-2
3.968750E+0	5.014601E-1	7.636248E+0	5.210224E-1	1.039223E+1	-3.865919E-2	-4.627711E-2
3.969922E+0	5.010577E-1	4.251200E+0	5.206338E-1	7.021788E+0	-3.872548E-2	-4.651954E-2
3.971094E+0	5.006397E-1	8.677661E-1	5.202835E-1	3.655122E+0	-3.889439E-2	-4.679330E-2
3.972266E+0	5.002177E-1	-2.510029E+0	5.199683E-1	2.910571E-1	-3.913364E-2	-4.701246E-2
3.973438E+0	4.997810E-1	-5.879674E+0	5.196604E-1	-3.068550E+0	-3.941193E-2	-4.716754E-2
3.974609E+0	4.993953E-1	-9.241460E+0	5.194224E-1	-6.424838E+0	-3.971798E-2	-4.724488E-2
3.975781E+0	4.990580E-1	-1.260397E+1	5.192242E-1	-9.778065E+0	-4.000792E-2	-4.738653E-2
3.976953E+0	4.987992E-1	-1.596457E+1	5.190385E-1	-1.313184E+1	-4.016811E-2	-4.749324E-2
3.978125E+0	4.986081E-1	-1.932580E+1	5.189131E-1	-1.648326E+1	-4.031213E-2	-4.765083E-2
3.979297E+0	4.984775E-1	-2.269174E+1	5.188643E-1	-1.983338E+1	-4.048645E-2	-4.790776E-2
3.980469E+0	4.983913E-1	-2.605972E+1	5.188325E-1	-2.318230E+1	-4.060957E-2	-4.822157E-2
3.981641E+0	4.982930E-1	-2.942560E+1	5.188791E-1	-2.653150E+1	-4.089901E-2	-4.848694E-2
3.982813E+0	4.982620E-1	-3.279250E+1	5.189430E-1	-2.988123E+1	-4.109134E-2	-4.876532E-2
3.983984E+0	4.982678E-1	-3.615727E+1	5.190721E-1	-3.323191E+1	-4.133069E-2	-4.898951E-2
3.985156E+0	4.983430E-1	-3.952516E+1	5.192428E-1	-3.658796E+1	-4.151136E-2	-4.917887E-2
3.986328E+0	4.985320E-1	-4.289999E+1	5.194715E-1	-3.994369E+1	-4.158643E-2	-4.949536E-2
3.987500E+0	4.987662E-1	-4.628420E+1	5.197209E-1	-4.330167E+1	-4.161908E-2	-4.993360E-2
3.988672E+0	4.990732E-1	-4.968172E+1	5.200299E-1	-4.666491E+1	-4.162904E-2	-5.050805E-2
3.989844E+0	4.993993E-1	-5.309221E+1	5.203804E-1	-5.003138E+1	-4.168785E-2	-5.124329E-2
3.991016E+0	4.997113E-1	-5.651425E+1	5.207551E-1	-5.340448E+1	-4.182322E-2	-5.205687E-2
3.992188E+0	4.999898E-1	-5.994497E+1	5.211610E-1	-5.678502E+1	-4.208184E-2	-5.288428E-2
3.993359E+0	5.001894E-1	-6.338485E+1	5.215873E-1	-6.017569E+1	-4.252842E-2	-5.368452E-2
3.994531E+0	5.004028E-1	-6.683023E+1	5.220060E-1	-6.357029E+1	-4.293618E-2	-5.451260E-2
3.995703E+0	5.005654E-1	-7.027505E+1	5.224048E-1	-6.696291E+1	-4.340608E-2	-5.536022E-2
3.996875E+0	5.007233E-1	-7.372070E+1	5.228307E-1	-7.035344E+1	-4.393750E-2	-5.625236E-2
3.998047E+0	5.008745E-1	-7.717732E+1	5.232735E-1	-7.374727E+1	-4.452026E-2	-5.726886E-2
3.999219E+0	5.010234E-1	-8.064864E+1	5.236962E-1	-7.714851E+1	-4.507839E-2	-5.840768E-2
4.000391E+0	5.010691E-1	-8.413051E+1	5.241327E-1	-8.055532E+1	-4.586390E-2	-5.961437E-2
4.001563E+0	5.009896E-1	-8.762778E+1	5.245156E-1	-8.397269E+1	-4.679568E-2	-6.089072E-2
4.002734E+0	5.007425E-1	-9.112792E+1	5.247768E-1	-8.739231E+1	-4.782646E-2	-6.216859E-2
4.003906E+0	5.003268E-1	-9.463396E+1	5.250229E-1	-9.081508E+1	-4.915412E-2	-6.346982E-2
4.005078E+0	4.997296E-1	-9.813823E+1	5.252265E-1	-9.424235E+1	-5.074323E-2	-6.464526E-2
4.006250E+0	4.989740E-1	-1.016380E+2	5.254053E-1	-9.766993E+1	-5.258313E-2	-6.571930E-2
4.007422E+0	4.980617E-1	-1.051346E+2	5.255207E-1	-1.011038E+2	-5.459538E-2	-6.661985E-2
4.008594E+0	4.969975E-1	-1.086247E+2	5.256138E-1	-1.045405E+2	-5.684486E-2	-6.734478E-2
4.009766E+0	4.957519E-1	-1.120981E+2	5.256619E-1	-1.079803E+2	-5.933428E-2	-6.772150E-2
4.010937E+0	4.944028E-1	-1.155527E+2	5.256531E-1	-1.114253E+2	-6.188976E-2	-6.769552E-2
4.012109E+0	4.929868E-1	-1.189939E+2	5.256029E-1	-1.148732E+2	-6.447934E-2	-6.739869E-2
4.013281E+0	4.915938E-1	-1.224259E+2	5.254868E-1	-1.183209E+2	-6.689828E-2	-6.696741E-2
4.014453E+0	4.901780E-1	-1.258389E+2	5.253256E-1	-1.217729E+2	-6.925488E-2	-6.616151E-2
4.015625E+0	4.886753E-1	-1.292347E+2	5.251136E-1	-1.252221E+2	-7.167249E-2	-6.512013E-2
4.016797E+0	4.872545E-1	-1.326176E+2	5.248497E-1	-1.286720E+2	-7.383080E-2	-6.388046E-2
4.017969E+0	4.859250E-1	-1.359862E+2	5.245676E-1	-1.321219E+2	-7.577168E-2	-6.242904E-2
4.019141E+0	4.846965E-1	-1.393455E+2	5.242094E-1	-1.355710E+2	-7.738181E-2	-6.086781E-2
4.020313E+0	4.835724E-1	-1.426996E+2	5.238274E-1	-1.390200E+2	-7.875088E-2	-5.924514E-2
4.021484E+0	4.826095E-1	-1.460544E+2	5.234236E-1	-1.424658E+2	-7.978318E-2	-5.771132E-2
4.022656E+0	4.818451E-1	-1.494238E+2	5.229609E-1	-1.459115E+2	-8.035183E-2	-5.644626E-2
4.023828E+0	4.811819E-1	-1.528202E+2	5.224893E-1	-1.493542E+2	-8.074338E-2	-5.567662E-2
4.025000E+0	4.803999E-1	-1.562241E+2	5.219929E-1	-1.527934E+2	-8.133046E-2	-5.507302E-2
4.026172E+0	4.795106E-1	-1.596223E+2	5.214780E-1	-1.562287E+2	-8.209023E-2	-5.443100E-2
4.027344E+0	4.785360E-1	-1.630058E+2	5.209385E-1	-1.596587E+2	-8.296336E-2	-5.363239E-2
4.028516E+0	4.775354E-1	-1.663745E+2	5.203792E-1	-1.630821E+2	-8.384655E-2	-5.270315E-2
4.029688E+0	4.765643E-1	-1.697284E+2	5.198472E-1	-1.664997E+2	-8.471597E-2	-5.163224E-2
4.030859E+0	4.756795E-1	-1.730797E+2	5.193089E-1	-1.699075E+2	-8.541789E-2	-5.068795E-2
4.032031E+0	4.749031E-1	-1.764313E+2	5.187505E-1	-1.733108E+2	-8.588244E-2	-4.983487E-2
4.033203E+0	4.742195E-1	-1.797916E+2	5.182249E-1	-1.767060E+2	-8.624230E-2	-4.925703E-2
4.034375E+0	4.735135E-1	1.768448E+2	5.176818E-1	1.799053E+2	-8.662399E-2	-4.883517E-2
4.035547E+0	4.727561E-1	1.734885E+2	5.171842E-1	1.765214E+2	-8.718418E-2	-4.836426E-2
4.036719E+0	4.719985E-1	1.701344E+2	5.166941E-1	1.731438E+2	-8.776279E-2	-4.795840E-2
4.037891E+0	4.712785E-1	1.667751E+2	5.162175E-1	1.697697E+2	-8.830105E-2	-4.769396E-2
4.039062E+0	4.704989E-1	1.634104E+2	5.157663E-1	1.663976E+2	-8.900681E-2	-4.753906E-2
4.040234E+0	4.695388E-1	1.600640E+2	5.153829E-1	1.630313E+2	-9.017303E-2	-4.716134E-2
4.041406E+0	4.684996E-1	1.567424E+2	5.149743E-1	1.596672E+2	-9.143172E-2	-4.642037E-2
4.042578E+0	4.675767E-1	1.534342E+2	5.146422E-1	1.563054E+2	-9.259339E-2	-4.550996E-2
4.043750E+0	4.668398E-1	1.501252E+2	5.143279E-1	1.529442E+2	-9.342878E-2	-4.464008E-2
4.044922E+0	4.661461E-1	1.468111E+2	5.140479E-1	1.495857E+2	-9.424854E-2	-4.389615E-2
4.046094E+0	4.654474E-1	1.435061E+2	5.138158E-1	1.462276E+2	-9.515738E-2	-4.301159E-2
4.047266E+0	4.648334E-1	1.402027E+2	5.135775E-1	1.428711E+2	-9.589228E-2	-4.213690E-2
4.048438E+0	4.643733E-1	1.368970E+2	5.134222E-1	1.395148E+2	-9.647714E-2	-4.131001E-2
4.049609E+0	4.639823E-1	1.335848E+2	5.132868E-1	1.361577E+2	-9.696769E-2	-4.057847E-2
4.050781E+0	4.635863E-1	1.302699E+2	5.131810E-1	1.327995E+2	-9.752200E-2	-3.987018E-2
4.051953E+0	4.632452E-1	1.269508E+2	5.131183E-1	1.294397E+2	-9.804776E-2	-3.920502E-2
4.053125E+0	4.629474E-1	1.236336E+2	5.130653E-1	1.260807E+2	-9.850613E-2	-3.852619E-2
4.054297E+0	4.627118E-1	1.203114E+2	5.130818E-1	1.227186E+2	-9.896729E-2	-3.787789E-2
4.055469E+0	4.625594E-1	1.169672E+2	5.131093E-1	1.193537E+2	-9.929871E-2	-3.753798E-2
4.056641E+0	4.626322E-1	1.136020E+2	5.131392E-1	1.159862E+2	-9.920794E-2	-3.750554E-2
4.057812E+0	4.625553E-1	1.102286E+2	5.132237E-1	1.126167E+2	-9.950851E-2	-3.755442E-2
4.058984E+0	4.622546E-1	1.068576E+2	5.133012E-1	1.092435E+2	-1.002283E-1	-3.748979E-2
4.060156E+0	4.619206E-1	1.034923E+2	5.134327E-1	1.058687E+2	-1.011025E-1	-3.730407E-2
4.061328E+0	4.615892E-1	1.001202E+2	5.135599E-1	1.024904E+2	-1.019659E-1	-3.717090E-2
4.062500E+0	4.612255E-1	9.674084E+1	5.137047E-1	9.910969E+1	-1.029256E-1	-3.711000E-2
4.063672E+0	4.607208E-1	9.336596E+1	5.138611E-1	9.572567E+1	-1.041740E-1	-3.691521E-2
4.064844E+0	4.601318E-1	9.000707E+1	5.140077E-1	9.233348E+1	-1.055532E-1	-3.633766E-2
4.066016E+0	4.595001E-1	8.665192E+1	5.141646E-1	8.894339E+1	-1.070317E-1	-3.573215E-2
4.067188E+0	4.589993E-1	8.329656E+1	5.143280E-1	8.554729E+1	-1.082632E-1	-3.504781E-2
4.068359E+0	4.585484E-1	7.993188E+1	5.144820E-1	8.214746E+1	-1.093846E-1	-3.445653E-2
4.069531E+0	4.580052E-1	7.656905E+1	5.146059E-1	7.874310E+1	-1.106291E-1	-3.376279E-2
4.070703E+0	4.575035E-1	7.320963E+1	5.147417E-1	7.533694E+1	-1.118105E-1	-3.299236E-2
4.071875E+0	4.570360E-1	6.984768E+1	5.148814E-1	7.192604E+1	-1.129310E-1	-3.219186E-2
4.073047E+0	4.566205E-1	6.647044E+1	5.149873E-1	6.851823E+1	-1.139026E-1	-3.168321E-2
4.074219E+0	4.562758E-1	6.307728E+1	5.150627E-1	6.510346E+1	-1.146893E-1	-3.132075E-2
4.075391E+0	4.558805E-1	5.967340E+1	5.151255E-1	6.168681E+1	-1.155572E-1	-3.109268E-2
4.076563E+0	4.553993E-1	5.625900E+1	5.151635E-1	5.827067E+1	-1.165550E-1	-3.103074E-2
4.077734E+0	4.548335E-1	5.284255E+1	5.151888E-1	5.485135E+1	-1.176944E-1	-3.094647E-2
4.078906E+0	4.540722E-1	4.944287E+1	5.151867E-1	5.143094E+1	-1.191565E-1	-3.057610E-2
4.080078E+0	4.531073E-1	4.605233E+1	5.151603E-1	4.801076E+1	-1.209675E-1	-3.005796E-2
4.081250E+0	4.521639E-1	4.266098E+1	5.150953E-1	4.459027E+1	-1.226719E-1	-2.955297E-2
4.082422E+0	4.513089E-1	3.926406E+1	5.150236E-1	4.117125E+1	-1.241976E-1	-2.916338E-2
4.083594E+0	4.503612E-1	3.586213E+1	5.149412E-1	3.775032E+1	-1.258873E-1	-2.881693E-2
4.084766E+0	4.493248E-1	3.245911E+1	5.148040E-1	3.433308E+1	-1.276593E-1	-2.854178E-2
4.085937E+0	4.482594E-1	2.905760E+1	5.146639E-1	3.091642E+1	-1.294833E-1	-2.825168E-2
4.087109E+0	4.471208E-1	2.565854E+1	5.144668E-1	2.750139E+1	-1.313540E-1	-2.794860E-2
4.088281E+0	4.458101E-1	2.226401E+1	5.142790E-1	2.408825E+1	-1.335751E-1	-2.759542E-2
4.089453E+0	4.442839E-1	1.887995E+1	5.140956E-1	2.067759E+1	-1.362205E-1	-2.710975E-2
4.090625E+0	4.427204E-1	1.550328E+1	5.138739E-1	1.727127E+1	-1.388750E-1	-2.658038E-2
4.091797E+0	4.410934E-1	1.213069E+1	5.136390E-1	1.386646E+1	-1.416325E-1	-2.601212E-2
4.092969E+0	4.393441E-1	8.744705E+0	5.134307E-1	1.046517E+1	-1.446829E-1	-2.569099E-2
4.094141E+0	4.375217E-1	5.371868E+0	5.131967E-1	7.068108E+0	-1.478317E-1	-2.523579E-2
4.095313E+0	4.354196E-1	2.021247E+0	5.129733E-1	3.675066E+0	-1.515382E-1	-2.449730E-2
4.096484E+0	4.329834E-1	-1.308318E+0	5.127563E-1	2.828393E-1	-1.559022E-1	-2.344741E-2
4.097656E+0	4.304646E-1	-4.621599E+0	5.125277E-1	-3.106117E+0	-1.604082E-1	-2.221251E-2
4.098828E+0	4.277653E-1	-7.929193E+0	5.123206E-1	-6.491653E+0	-1.653065E-1	-2.094669E-2
4.100000E+0	4.246987E-1	-1.121875E+1	5.121518E-1	-9.873133E+0	-1.709849E-1	-1.947337E-2
4.101172E+0	4.211857E-1	-1.444017E+1	5.119864E-1	-1.325251E+1	-1.775266E-1	-1.705115E-2
4.102344E+0	4.169889E-1	-1.753739E+1	5.118575E-1	-1.662926E+1	-1.854441E-1	-1.291168E-2
4.103516E+0	4.119794E-1	-2.043690E+1	5.117247E-1	-2.000276E+1	-1.949430E-1	-6.100173E-3
4.104687E+0	4.064499E-1	-2.308022E+1	5.116503E-1	-2.337574E+1	-2.056205E-1	4.097284E-3
4.105859E+0	4.010156E-1	-2.551405E+1	5.115846E-1	-2.674573E+1	-2.163115E-1	1.684945E-2
4.107031E+0	3.965876E-1	-2.781782E+1	5.115966E-1	-3.011564E+1	-2.254274E-1	3.108053E-2
4.108203E+0	3.936625E-1	-3.008322E+1	5.116122E-1	-3.348580E+1	-2.319016E-1	4.566817E-2
4.109375E+0	3.922112E-1	-3.226252E+1	5.116703E-1	-3.685575E+1	-2.359307E-1	6.138469E-2
4.110547E+0	3.916102E-1	-3.432635E+1	5.117477E-1	-4.022719E+1	-2.388140E-1	7.867220E-2
4.111719E+0	3.924089E-1	-3.637998E+1	5.118651E-1	-4.359764E+1	-2.394491E-1	9.631809E-2
4.112891E+0	3.957270E-1	-3.858965E+1	5.120572E-1	-4.696996E+1	-2.354338E-1	1.126328E-1
4.114063E+0	4.013103E-1	-4.104000E+1	5.122423E-1	-5.034350E+1	-2.268670E-1	1.266539E-1
4.115234E+0	4.080473E-1	-4.371865E+1	5.124865E-1	-5.372097E+1	-2.158910E-1	1.382923E-1
4.116406E+0	4.157271E-1	-4.659991E+1	5.127444E-1	-5.710321E+1	-2.027971E-1	1.478003E-1
4.117578E+0	4.244181E-1	-4.970587E+1	5.130422E-1	-6.048505E+1	-1.873391E-1	1.547173E-1
4.118750E+0	4.333871E-1	-5.303391E+1	5.133806E-1	-6.387458E+1	-1.708824E-1	1.587727E-1
4.119922E+0	4.418735E-1	-5.652159E+1	5.137230E-1	-6.726759E+1	-1.549443E-1	1.603777E-1
4.121094E+0	4.495426E-1	-6.010418E+1	5.140818E-1	-7.066398E+1	-1.403523E-1	1.602545E-1
4.122266E+0	4.564334E-1	-6.374826E+1	5.144621E-1	-7.406568E+1	-1.271404E-1	1.588996E-1
4.123438E+0	4.624547E-1	-6.743763E+1	5.148374E-1	-7.747427E+1	-1.154925E-1	1.565458E-1
4.124609E+0	4.677193E-1	-7.115229E+1	5.152433E-1	-8.088728E+1	-1.053075E-1	1.534950E-1
4.125781E+0	4.722596E-1	-7.471719E+1	5.156295E-1	-8.430628E+1	-9.690760E-2	1.525698E-1
4.126953E+0	4.761908E-1	-7.844872E+1	5.160011E-1	-8.773176E+1	-8.923766E-2	1.488662E-1
4.128125E+0	4.796028E-1	-8.217543E+1	5.163874E-1	-9.116068E+1	-8.263178E-2	1.450548E-1
4.129297E+0	4.825459E-1	-8.589419E+1	5.167394E-1	-9.459873E+1	-7.692758E-2	1.413248E-1
4.130469E+0	4.850855E-1	-8.960214E+1	5.170624E-1	-9.804193E+1	-7.200304E-2	1.376933E-1
4.131641E+0	4.872887E-1	-9.329604E+1	5.173407E-1	-1.014865E+2	-6.769690E-2	1.341885E-1
4.132812E+0	4.892003E-1	-9.697662E+1	5.176148E-1	-1.049383E+2	-6.400500E-2	1.309072E-1
4.133984E+0	4.908753E-1	-1.006437E+2	5.178380E-1	-1.083938E+2	-6.072656E-2	1.278312E-1
4.135156E+0	4.923666E-1	-1.042973E+2	5.179965E-1	-1.118528E+2	-5.773137E-2	1.249807E-1
4.136328E+0	4.936659E-1	-1.079400E+2	5.181440E-1	-1.153149E+2	-5.512359E-2	1.222971E-1
4.137500E+0	4.948714E-1	-1.115764E+2	5.182093E-1	-1.187813E+2	-5.257608E-2	1.197698E-1
4.138672E+0	4.959140E-1	-1.152025E+2	5.182227E-1	-1.222486E+2	-5.027559E-2	1.173872E-1
4.139844E+0	4.968185E-1	-1.188223E+2	5.181924E-1	-1.257181E+2	-4.818251E-2	1.151118E-1
4.141016E+0	4.975765E-1	-1.224328E+2	5.180836E-1	-1.291884E+2	-4.625082E-2	1.129782E-1
4.142188E+0	4.982401E-1	-1.260334E+2	5.179461E-1	-1.326615E+2	-4.447586E-2	1.110328E-1
4.143359E+0	4.987695E-1	-1.296259E+2	5.177271E-1	-1.361289E+2	-4.281545E-2	1.091082E-1
4.144531E+0	4.992354E-1	-1.332083E+2	5.174528E-1	-1.395957E+2	-4.119496E-2	1.073337E-1
4.145703E+0	4.995948E-1	-1.367816E+2	5.171345E-1	-1.430646E+2	-3.971990E-2	1.057275E-1
4.146875E+0	4.999014E-1	-1.403462E+2	5.167643E-1	-1.465266E+2	-3.825419E-2	1.041462E-1
4.148047E+0	5.001566E-1	-1.439041E+2	5.163251E-1	-1.499886E+2	-3.677151E-2	1.026759E-1
4.149219E+0	5.003789E-1	-1.474577E+2	5.158594E-1	-1.534453E+2	-3.530094E-2	1.011829E-1
4.150391E+0	5.005676E-1	-1.510065E+2	5.153220E-1	-1.568965E+2	-3.375952E-2	9.968080E-2
4.151562E+0	5.006903E-1	-1.545520E+2	5.147654E-1	-1.603473E+2	-3.231400E-2	9.821376E-2
4.152734E+0	5.007660E-1	-1.580919E+2	5.141922E-1	-1.637907E+2	-3.092455E-2	9.670609E-2
4.153906E+0	5.007553E-1	-1.616292E+2	5.135328E-1	-1.672269E+2	-2.953160E-2	9.511593E-2
4.155078E+0	5.006949E-1	-1.651606E+2	5.128992E-1	-1.706609E+2	-2.828948E-2	9.357022E-2
4.156250E+0	5.005867E-1	-1.686833E+2	5.122252E-1	-1.740877E+2	-2.706571E-2	9.204475E-2
4.157422E+0	5.003744E-1	-1.722002E+2	5.115560E-1	-1.775069E+2	-2.605044E-2	9.046544E-2
4.158594E+0	5.001196E-1	-1.757109E+2	5.108492E-1	1.790795E+2	-2.504750E-2	8.889234E-2
4.159766E+0	4.998238E-1	-1.792101E+2	5.101523E-1	1.756701E+2	-2.415485E-2	8.743178E-2
4.160938E+0	4.994882E-1	1.772997E+2	5.094528E-1	1.722682E+2	-2.333742E-2	8.598799E-2
4.162109E+0	4.991106E-1	1.738189E+2	5.087634E-1	1.688703E+2	-2.262986E-2	8.462537E-2
4.163281E+0	4.987325E-1	1.703482E+2	5.080785E-1	1.654810E+2	-2.193443E-2	8.328580E-2
4.164453E+0	4.983239E-1	1.668853E+2	5.074143E-1	1.620954E+2	-2.134498E-2	8.200623E-2
4.165625E+0	4.979399E-1	1.634300E+2	5.067682E-1	1.587157E+2	-2.074494E-2	8.075548E-2
4.166797E+0	4.975236E-1	1.599825E+2	5.061468E-1	1.553425E+2	-2.025847E-2	7.951659E-2
4.167969E+0	4.971437E-1	1.565464E+2	5.055193E-1	1.519735E+2	-1.969887E-2	7.840651E-2
4.169141E+0	4.967644E-1	1.531145E+2	5.049648E-1	1.486070E+2	-1.928226E-2	7.731333E-2
4.170313E+0	4.963970E-1	1.496920E+2	5.044282E-1	1.452482E+2	-1.887972E-2	7.624760E-2
4.171484E+0	4.960683E-1	1.462751E+2	5.039115E-1	1.418929E+2	-1.844260E-2	7.521999E-2
4.172656E+0	4.957910E-1	1.428652E+2	5.034195E-1	1.385404E+2	-1.795763E-2	7.426762E-2
4.173828E+0	4.955103E-1	1.394594E+2	5.030107E-1	1.351906E+2	-1.764383E-2	7.332579E-2
4.175000E+0	4.952959E-1	1.360572E+2	5.026072E-1	1.318453E+2	-1.720822E-2	7.237694E-2
4.176172E+0	4.951105E-1	1.326598E+2	5.022459E-1	1.285028E+2	-1.680045E-2	7.145984E-2
4.177344E+0	4.949639E-1	1.292659E+2	5.019502E-1	1.251604E+2	-1.644868E-2	7.059673E-2
4.178516E+0	4.948455E-1	1.258734E+2	5.016869E-1	1.218224E+2	-1.610116E-2	6.968103E-2
4.179687E+0	4.947588E-1	1.224842E+2	5.014551E-1	1.184818E+2	-1.576004E-2	6.886619E-2
4.180859E+0	4.947189E-1	1.190965E+2	5.012762E-1	1.151467E+2	-1.542536E-2	6.798136E-2
4.182031E+0	4.947040E-1	1.157125E+2	5.011516E-1	1.118096E+2	-1.515490E-2	6.719008E-2
4.183203E+0	4.947253E-1	1.123283E+2	5.010855E-1	1.084738E+2	-1.492616E-2	6.636973E-2
4.184375E+0	4.947713E-1	1.089455E+2	5.010315E-1	1.051377E+2	-1.467460E-2	6.557997E-2
4.185547E+0	4.948909E-1	1.055635E+2	5.010740E-1	1.018018E+2	-1.446756E-2	6.479733E-2
4.186719E+0	4.950101E-1	1.021845E+2	5.011193E-1	9.846287E+1	-1.427421E-2	6.411772E-2
4.187891E+0	4.951825E-1	9.880338E+1	5.012208E-1	9.512429E+1	-1.408325E-2	6.339507E-2
4.189063E+0	4.954210E-1	9.542030E+1	5.013694E-1	9.178329E+1	-1.385445E-2	6.268256E-2
4.190234E+0	4.956629E-1	9.203898E+1	5.015433E-1	8.843962E+1	-1.367405E-2	6.204331E-2
4.191406E+0	4.959435E-1	8.865453E+1	5.017740E-1	8.509148E+1	-1.353030E-2	6.142475E-2
4.192578E+0	4.962568E-1	8.526902E+1	5.020440E-1	8.174180E+1	-1.339976E-2	6.081354E-2
4.193750E+0	4.966203E-1	8.187933E+1	5.023225E-1	7.838894E+1	-1.318559E-2	6.019002E-2
4.194922E+0	4.970061E-1	7.848879E+1	5.026799E-1	7.503093E+1	-1.308713E-2	5.963364E-2
4.196094E+0	4.974314E-1	7.509542E+1	5.030236E-1	7.166817E+1	-1.288578E-2	5.911653E-2
4.197266E+0	4.978379E-1	7.169666E+1	5.033860E-1	6.830125E+1	-1.275764E-2	5.857364E-2
4.198437E+0	4.982908E-1	6.829636E+1	5.037715E-1	6.493108E+1	-1.258499E-2	5.806282E-2
4.199609E+0	4.987686E-1	6.488942E+1	5.041831E-1	6.155596E+1	-1.241295E-2	5.752259E-2
4.200781E+0	4.992241E-1	6.148217E+1	5.046171E-1	5.817451E+1	-1.233540E-2	5.708087E-2
4.201953E+0	4.996971E-1	5.806868E+1	5.050237E-1	5.478979E+1	-1.216700E-2	5.659293E-2
4.203125E+0	5.001873E-1	5.465055E+1	5.054541E-1	5.139806E+1	-1.201395E-2	5.614499E-2
4.204297E+0	5.006772E-1	5.123019E+1	5.058763E-1	4.800490E+1	-1.184511E-2	5.568398E-2
4.205469E+0	5.011411E-1	4.780469E+1	5.062861E-1	4.460203E+1	-1.170820E-2	5.530012E-2
4.206641E+0	5.015776E-1	4.437370E+1	5.067061E-1	4.119845E+1	-1.164093E-2	5.482959E-2
4.207813E+0	5.020233E-1	4.094076E+1	5.070829E-1	3.778989E+1	-1.147451E-2	5.441691E-2
4.208984E+0	5.024605E-1	3.750554E+1	5.074425E-1	3.437754E+1	-1.129311E-2	5.403105E-2
4.210156E+0	5.028366E-1	3.406565E+1	5.077654E-1	3.096208E+1	-1.115931E-2	5.361549E-2
4.211328E+0	5.032222E-1	3.062397E+1	5.080906E-1	2.754444E+1	-1.101199E-2	5.320731E-2
4.212500E+0	5.035739E-1	2.717861E+1	5.083624E-1	2.412161E+1	-1.082908E-2	5.282707E-2
4.213672E+0	5.038974E-1	2.373526E+1	5.086049E-1	2.069786E+1	-1.064755E-2	5.249736E-2
4.214844E+0	5.041772E-1	2.028871E+1	5.088297E-1	1.727627E+1	-1.051275E-2	5.207226E-2
4.216016E+0	5.044304E-1	1.684109E+1	5.089998E-1	1.385141E+1	-1.032605E-2	5.168787E-2
4.217188E+0	5.046549E-1	1.339556E+1	5.091460E-1	1.042653E+1	-1.015133E-2	5.133927E-2
4.218359E+0	5.048464E-1	9.948519E+0	5.092682E-1	7.002966E+0	-9.992366E-3	5.094078E-2
4.219531E+0	5.050161E-1	6.503463E+0	5.093800E-1	3.579635E+0	-9.857699E-3	5.057129E-2
4.220703E+0	5.051478E-1	3.060574E+0	5.094403E-1	1.583544E-1	-9.697710E-3	5.020501E-2
4.221875E+0	5.052577E-1	-3.816990E-1	5.094769E-1	-3.261705E+0	-9.534024E-3	4.982833E-2
4.223047E+0	5.053500E-1	-3.822388E+0	5.095158E-1	-6.679842E+0	-9.409182E-3	4.944373E-2
4.224219E+0	5.054298E-1	-7.261261E+0	5.095403E-1	-1.009409E+1	-9.279234E-3	4.902336E-2
4.225391E+0	5.055050E-1	-1.069606E+1	5.095533E-1	-1.350819E+1	-9.139461E-3	4.867144E-2
4.226562E+0	5.055479E-1	-1.412698E+1	5.095558E-1	-1.691826E+1	-9.042586E-3	4.831473E-2
4.227734E+0	5.055928E-1	-1.755573E+1	5.095499E-1	-2.032754E+1	-8.926737E-3	4.798280E-2
4.228906E+0	5.056669E-1	-2.098194E+1	5.095636E-1	-2.373267E+1	-8.790545E-3	4.762386E-2
4.230078E+0	5.057353E-1	-2.440689E+1	5.095938E-1	-2.713597E+1	-8.697292E-3	4.725291E-2
4.231250E+0	5.058209E-1	-2.782632E+1	5.096087E-1	-3.053605E+1	-8.542590E-3	4.692469E-2
4.232422E+0	5.059028E-1	-3.124527E+1	5.096684E-1	-3.393752E+1	-8.483941E-3	4.662430E-2
4.233594E+0	5.060386E-1	-3.466159E+1	5.097458E-1	-3.733290E+1	-8.351404E-3	4.626731E-2
4.234766E+0	5.061698E-1	-3.807872E+1	5.098515E-1	-4.072999E+1	-8.283815E-3	4.592285E-2
4.235938E+0	5.063182E-1	-4.149555E+1	5.099947E-1	-4.412854E+1	-8.257003E-3	4.560701E-2
4.237109E+0	5.065175E-1	-4.491231E+1	5.101318E-1	-4.752492E+1	-8.117105E-3	4.525989E-2
4.238281E+0	5.067166E-1	-4.832848E+1	5.103229E-1	-5.092137E+1	-8.083276E-3	4.491933E-2
4.239453E+0	5.069655E-1	-5.174431E+1	5.105286E-1	-5.431939E+1	-7.981984E-3	4.461493E-2
4.240625E+0	5.072073E-1	-5.516471E+1	5.107788E-1	-5.772288E+1	-7.981873E-3	4.432157E-2
4.241797E+0	5.075167E-1	-5.858274E+1	5.110310E-1	-6.112571E+1	-7.854883E-3	4.406351E-2
4.242969E+0	5.078230E-1	-6.200363E+1	5.113147E-1	-6.453101E+1	-7.794961E-3	4.379567E-2
4.244141E+0	5.081660E-1	-6.542986E+1	5.116307E-1	-6.794048E+1	-7.725257E-3	4.350793E-2
4.245312E+0	5.085326E-1	-6.885820E+1	5.119741E-1	-7.135362E+1	-7.663940E-3	4.324685E-2
4.246484E+0	5.088985E-1	-7.229089E+1	5.123091E-1	-7.477135E+1	-7.588032E-3	4.299055E-2
4.247656E+0	5.092735E-1	-7.572839E+1	5.126630E-1	-7.819421E+1	-7.531369E-3	4.273894E-2
4.248828E+0	5.096487E-1	-7.917064E+1	5.130367E-1	-8.162009E+1	-7.511466E-3	4.245571E-2
4.250000E+0	5.100369E-1	-8.261495E+1	5.133979E-1	-8.505183E+1	-7.444990E-3	4.224041E-2
4.251172E+0	5.104026E-1	-8.606632E+1	5.137320E-1	-8.848720E+1	-7.367524E-3	4.196601E-2
4.252344E+0	5.108096E-1	-8.952139E+1	5.140750E-1	-9.192960E+1	-7.229562E-3	4.175192E-2
4.253516E+0	5.111362E-1	-9.298020E+1	5.144054E-1	-9.537555E+1	-7.223520E-3	4.152895E-2
4.254688E+0	5.114516E-1	-9.644835E+1	5.147130E-1	-9.882784E+1	-7.193127E-3	4.125493E-2
4.255859E+0	5.117605E-1	-9.991827E+1	5.149676E-1	-1.022826E+2	-7.073762E-3	4.099671E-2
4.257031E+0	5.120285E-1	-1.033925E+2	5.152039E-1	-1.057433E+2	-6.999778E-3	4.076488E-2
4.258203E+0	5.122650E-1	-1.068673E+2	5.154045E-1	-1.092068E+2	-6.919764E-3	4.057198E-2
4.259375E+0	5.124218E-1	-1.103490E+2	5.155703E-1	-1.126758E+2	-6.926280E-3	4.035123E-2
4.260547E+0	5.125673E-1	-1.138332E+2	5.156567E-1	-1.161477E+2	-6.802101E-3	4.014271E-2
4.261719E+0	5.126491E-1	-1.173199E+2	5.157396E-1	-1.196179E+2	-6.791751E-3	3.985664E-2
4.262891E+0	5.126944E-1	-1.208083E+2	5.157631E-1	-1.230946E+2	-6.741126E-3	3.965552E-2
4.264063E+0	5.126867E-1	-1.242953E+2	5.157105E-1	-1.265722E+2	-6.648244E-3	3.949600E-2
4.265234E+0	5.126237E-1	-1.277852E+2	5.156042E-1	-1.300501E+2	-6.557288E-3	3.929122E-2
4.266406E+0	5.124942E-1	-1.312761E+2	5.154765E-1	-1.335278E+2	-6.553183E-3	3.906215E-2
4.267578E+0	5.123115E-1	-1.347658E+2	5.152794E-1	-1.370056E+2	-6.519378E-3	3.885683E-2
4.268750E+0	5.120918E-1	-1.382558E+2	5.150068E-1	-1.404838E+2	-6.411803E-3	3.865609E-2
4.269922E+0	5.117918E-1	-1.417454E+2	5.146903E-1	-1.439597E+2	-6.374032E-3	3.841962E-2
4.271094E+0	5.114713E-1	-1.452287E+2	5.143204E-1	-1.474350E+2	-6.276747E-3	3.828442E-2
4.272266E+0	5.110596E-1	-1.487140E+2	5.139003E-1	-1.509061E+2	-6.255481E-3	3.803859E-2
4.273437E+0	5.106200E-1	-1.521950E+2	5.134184E-1	-1.543755E+2	-6.170655E-3	3.784034E-2
4.274609E+0	5.101076E-1	-1.556761E+2	5.128902E-1	-1.578421E+2	-6.135936E-3	3.758978E-2
4.275781E+0	5.095646E-1	-1.591476E+2	5.123278E-1	-1.613059E+2	-6.099005E-3	3.745741E-2
4.276953E+0	5.089718E-1	-1.626167E+2	5.116894E-1	-1.647635E+2	-6.009177E-3	3.726101E-2
4.278125E+0	5.083270E-1	-1.660813E+2	5.110424E-1	-1.682179E+2	-6.004977E-3	3.708397E-2
4.279297E+0	5.076671E-1	-1.695408E+2	5.103319E-1	-1.716670E+2	-5.906572E-3	3.690695E-2
4.280469E+0	5.069447E-1	-1.729974E+2	5.095851E-1	-1.751100E+2	-5.857637E-3	3.667246E-2
4.281641E+0	5.061868E-1	-1.764461E+2	5.088129E-1	-1.785483E+2	-5.830770E-3	3.649276E-2
4.282813E+0	5.054250E-1	-1.798874E+2	5.080157E-1	1.780206E+2	-5.762746E-3	3.631802E-2
4.283984E+0	5.046261E-1	1.766743E+2	5.071972E-1	1.745943E+2	-5.724767E-3	3.611089E-2
4.285156E+0	5.037889E-1	1.732444E+2	5.063311E-1	1.711775E+2	-5.668163E-3	3.588530E-2
4.286328E+0	5.029277E-1	1.698221E+2	5.054743E-1	1.677647E+2	-5.679430E-3	3.571982E-2
4.287500E+0	5.020601E-1	1.664070E+2	5.045897E-1	1.643600E+2	-5.648120E-3	3.554022E-2
4.288672E+0	5.011604E-1	1.630003E+2	5.036994E-1	1.609627E+2	-5.669808E-3	3.537611E-2
4.289844E+0	5.002801E-1	1.596038E+2	5.027938E-1	1.575759E+2	-5.622620E-3	3.520923E-2
4.291016E+0	4.993410E-1	1.562159E+2	5.019180E-1	1.541955E+2	-5.752775E-3	3.507431E-2
4.292188E+0	4.984714E-1	1.528392E+2	5.010285E-1	1.508223E+2	-5.720050E-3	3.501466E-2
4.293359E+0	4.976024E-1	1.494723E+2	5.001532E-1	1.474585E+2	-5.714495E-3	3.496099E-2
4.294531E+0	4.967770E-1	1.461128E+2	4.993063E-1	1.441039E+2	-5.677121E-3	3.487716E-2
4.295703E+0	4.959999E-1	1.427609E+2	4.984681E-1	1.407586E+2	-5.559122E-3	3.476661E-2
4.296875E+0	4.952715E-1	1.394162E+2	4.977028E-1	1.374194E+2	-5.489303E-3	3.467347E-2
4.298047E+0	4.946069E-1	1.360780E+2	4.969586E-1	1.340887E+2	-5.332006E-3	3.454859E-2
4.299219E+0	4.939697E-1	1.327455E+2	4.962509E-1	1.307655E+2	-5.191175E-3	3.439182E-2
4.300391E+0	4.933973E-1	1.294206E+2	4.955972E-1	1.274494E+2	-5.028017E-3	3.424446E-2
4.301563E+0	4.928617E-1	1.260998E+2	4.950244E-1	1.241418E+2	-4.950184E-3	3.401762E-2
4.302734E+0	4.924105E-1	1.227878E+2	4.944933E-1	1.208383E+2	-4.788351E-3	3.387534E-2
4.303906E+0	4.919845E-1	1.194779E+2	4.940529E-1	1.175424E+2	-4.754726E-3	3.363302E-2
4.305078E+0	4.916662E-1	1.161729E+2	4.936771E-1	1.142508E+2	-4.633665E-3	3.340406E-2
4.306250E+0	4.914015E-1	1.128739E+2	4.933743E-1	1.109637E+2	-4.552067E-3	3.319982E-2
4.307422E+0	4.912101E-1	1.095788E+2	4.931850E-1	1.076817E+2	-4.550292E-3	3.297203E-2
4.308594E+0	4.911278E-1	1.062844E+2	4.930693E-1	1.044012E+2	-4.475559E-3	3.273273E-2
4.309766E+0	4.911102E-1	1.029935E+2	4.930615E-1	1.011213E+2	-4.489221E-3	3.254095E-2
4.310938E+0	4.911870E-1	9.970475E+1	4.931156E-1	9.784457E+1	-4.435972E-3	3.233361E-2
4.312109E+0	4.913338E-1	9.641524E+1	4.933005E-1	9.456628E+1	-4.505389E-3	3.213620E-2
4.313281E+0	4.916159E-1	9.312294E+1	4.935679E-1	9.128624E+1	-4.466609E-3	3.192421E-2
4.314453E+0	4.919837E-1	8.983093E+1	4.939466E-1	8.800220E+1	-4.481203E-3	3.178513E-2
4.315625E+0	4.924376E-1	8.653481E+1	4.944139E-1	8.471555E+1	-4.499298E-3	3.161984E-2
4.316797E+0	4.929878E-1	8.323418E+1	4.949732E-1	8.142562E+1	-4.507272E-3	3.143349E-2
4.317969E+0	4.936277E-1	7.992805E+1	4.956131E-1	7.812837E+1	-4.497236E-3	3.127937E-2
4.319141E+0	4.943353E-1	7.661673E+1	4.963560E-1	7.482281E+1	-4.559187E-3	3.117725E-2
4.320312E+0	4.951176E-1	7.329813E+1	4.971312E-1	7.151179E+1	-4.534451E-3	3.104620E-2
4.321484E+0	4.959598E-1	6.997063E+1	4.980010E-1	6.819201E+1	-4.578600E-3	3.091057E-2
4.322656E+0	4.968879E-1	6.663499E+1	4.989571E-1	6.486337E+1	-4.623071E-3	3.078747E-2
4.323828E+0	4.978392E-1	6.328783E+1	4.999570E-1	6.152298E+1	-4.708313E-3	3.066712E-2
4.325000E+0	4.988785E-1	5.992979E+1	5.009845E-1	5.817068E+1	-4.673019E-3	3.056839E-2
4.326172E+0	4.999307E-1	5.655709E+1	5.020517E-1	5.480930E+1	-4.687931E-3	3.037111E-2
4.327344E+0	5.010362E-1	5.317635E+1	5.031561E-1	5.143038E+1	-4.675513E-3	3.033984E-2
4.328516E+0	5.021384E-1	4.977724E+1	5.042827E-1	4.803581E+1	-4.712067E-3	3.025979E-2
4.329688E+0	5.032622E-1	4.636344E+1	5.053994E-1	4.462738E+1	-4.685802E-3	3.016722E-2
4.330859E+0	5.043595E-1	4.293808E+1	5.065171E-1	4.120754E+1	-4.713830E-3	3.007039E-2
4.332031E+0	5.054563E-1	3.949923E+1	5.076154E-1	3.777028E+1	-4.706738E-3	3.004296E-2
4.333203E+0	5.065343E-1	3.604929E+1	5.086921E-1	3.432667E+1	-4.691871E-3	2.993335E-2
4.334375E+0	5.075408E-1	3.259885E+1	5.096985E-1	3.088162E+1	-4.680492E-3	2.983997E-2
4.335547E+0	5.084832E-1	2.914120E+1	5.106500E-1	2.742870E+1	-4.687960E-3	2.975751E-2
4.336719E+0	5.093896E-1	2.567600E+1	5.115309E-1	2.396783E+1	-4.628582E-3	2.968399E-2
4.337891E+0	5.102360E-1	2.220462E+1	5.123705E-1	2.050045E+1	-4.606390E-3	2.961510E-2
4.339063E+0	5.109873E-1	1.872810E+1	5.131312E-1	1.702884E+1	-4.615993E-3	2.952944E-2
4.340234E+0	5.116767E-1	1.525010E+1	5.138100E-1	1.355511E+1	-4.587657E-3	2.945603E-2
4.341406E+0	5.122805E-1	1.177013E+1	5.143822E-1	1.007781E+1	-4.520263E-3	2.941160E-2
4.342578E+0	5.128135E-1	8.284328E+0	5.149084E-1	6.599850E+0	-4.498872E-3	2.927586E-2
4.343750E+0	5.132484E-1	4.800170E+0	5.153217E-1	3.115251E+0	-4.453938E-3	2.928485E-2
4.344922E+0	5.135977E-1	1.308903E+0	5.156469E-1	-3.664953E-1	-4.399832E-3	2.912086E-2
4.346094E+0	5.138623E-1	-2.183820E+0	5.158933E-1	-3.856751E+0	-4.361418E-3	2.907907E-2
4.347266E+0	5.140644E-1	-5.677512E+0	5.160536E-1	-7.345379E+0	-4.276665E-3	2.899347E-2
4.348438E+0	5.141579E-1	-9.172853E+0	5.161138E-1	-1.083556E+1	-4.209115E-3	2.890568E-2
4.349609E+0	5.141526E-1	-1.266447E+1	5.161215E-1	-1.432366E+1	-4.232463E-3	2.884383E-2
4.350781E+0	5.140944E-1	-1.615612E+1	5.160381E-1	-1.780815E+1	-4.180669E-3	2.872078E-2
4.351953E+0	5.139611E-1	-1.964486E+1	5.158621E-1	-2.129052E+1	-4.096027E-3	2.861241E-2
4.353125E+0	5.137542E-1	-2.312653E+1	5.156454E-1	-2.476889E+1	-4.076931E-3	2.855555E-2
4.354297E+0	5.135152E-1	-2.660381E+1	5.153601E-1	-2.824072E+1	-3.986446E-3	2.846332E-2
4.355469E+0	5.132097E-1	-3.007713E+1	5.150399E-1	-3.170770E+1	-3.956997E-3	2.835386E-2
4.356641E+0	5.128503E-1	-3.354279E+1	5.146605E-1	-3.516600E+1	-3.917136E-3	2.822694E-2
4.357813E+0	5.124784E-1	-3.700083E+1	5.142460E-1	-3.862019E+1	-3.835269E-3	2.816227E-2
4.358984E+0	5.120578E-1	-4.045256E+1	5.137928E-1	-4.206563E+1	-3.771790E-3	2.805461E-2
4.360156E+0	5.116157E-1	-4.389655E+1	5.133475E-1	-4.550129E+1	-3.764418E-3	2.790986E-2
4.361328E+0	5.111533E-1	-4.733270E+1	5.128821E-1	-4.893228E+1	-3.759122E-3	2.782022E-2
4.362500E+0	5.107030E-1	-5.076165E+1	5.123823E-1	-5.235270E+1	-3.661708E-3	2.767449E-2
4.363672E+0	5.102477E-1	-5.418242E+1	5.119163E-1	-5.576907E+1	-3.641674E-3	2.759848E-2
4.364844E+0	5.097930E-1	-5.759465E+1	5.114594E-1	-5.917566E+1	-3.637573E-3	2.750044E-2
4.366016E+0	5.093655E-1	-6.100161E+1	5.109951E-1	-6.257698E+1	-3.565841E-3	2.740426E-2
4.367187E+0	5.089296E-1	-6.440401E+1	5.105554E-1	-6.597121E+1	-3.557249E-3	2.726230E-2
4.368359E+0	5.085229E-1	-6.779773E+1	5.101374E-1	-6.936004E+1	-3.535391E-3	2.717779E-2
4.369531E+0	5.081565E-1	-7.118906E+1	5.097439E-1	-7.274641E+1	-3.482340E-3	2.709290E-2
4.370703E+0	5.078196E-1	-7.457777E+1	5.094067E-1	-7.612685E+1	-3.479912E-3	2.694903E-2
4.371875E+0	5.075137E-1	-7.796162E+1	5.091068E-1	-7.950307E+1	-3.489948E-3	2.681596E-2
4.373047E+0	5.072423E-1	-8.134194E+1	5.088211E-1	-8.287727E+1	-3.460751E-3	2.671022E-2
4.374219E+0	5.070243E-1	-8.472285E+1	5.085965E-1	-8.625304E+1	-3.446757E-3	2.662113E-2
4.375391E+0	5.068591E-1	-8.810252E+1	5.084107E-1	-8.962538E+1	-3.403984E-3	2.649469E-2
4.376563E+0	5.067351E-1	-9.147919E+1	5.083005E-1	-9.299696E+1	-3.429436E-3	2.640541E-2
4.377734E+0	5.066457E-1	-9.485679E+1	5.081953E-1	-9.636980E+1	-3.396803E-3	2.632343E-2
4.378906E+0	5.066112E-1	-9.823422E+1	5.081649E-1	-9.974208E+1	-3.402689E-3	2.623363E-2
4.380078E+0	5.066056E-1	-1.016135E+2	5.081373E-1	-1.031169E+2	-3.357535E-3	2.615718E-2
4.381250E+0	5.066416E-1	-1.049964E+2	5.082044E-1	-1.064909E+2	-3.414261E-3	2.600079E-2
4.382422E+0	5.067583E-1	-1.083806E+2	5.083153E-1	-1.098708E+2	-3.400236E-3	2.592631E-2
4.383594E+0	5.068717E-1	-1.117684E+2	5.084494E-1	-1.132534E+2	-3.437778E-3	2.583482E-2
4.384766E+0	5.070500E-1	-1.151620E+2	5.086072E-1	-1.166427E+2	-3.394586E-3	2.576110E-2
4.385938E+0	5.072511E-1	-1.185573E+2	5.087955E-1	-1.200343E+2	-3.366643E-3	2.569742E-2
4.387109E+0	5.074888E-1	-1.219609E+2	5.090296E-1	-1.234316E+2	-3.355358E-3	2.558805E-2
4.388281E+0	5.077386E-1	-1.253686E+2	5.092928E-1	-1.268360E+2	-3.378625E-3	2.553001E-2
4.389453E+0	5.080043E-1	-1.287851E+2	5.095389E-1	-1.302492E+2	-3.337229E-3	2.547363E-2
4.390625E+0	5.082907E-1	-1.322080E+2	5.098311E-1	-1.336665E+2	-3.344391E-3	2.537597E-2
4.391797E+0	5.085734E-1	-1.356362E+2	5.101346E-1	-1.370900E+2	-3.381276E-3	2.529323E-2
4.392969E+0	5.088593E-1	-1.390685E+2	5.104420E-1	-1.405199E+2	-3.420482E-3	2.525046E-2
4.394141E+0	5.091564E-1	-1.425076E+2	5.107195E-1	-1.439544E+2	-3.378409E-3	2.517146E-2
4.395313E+0	5.094272E-1	-1.459512E+2	5.109990E-1	-1.473939E+2	-3.391957E-3	2.509976E-2
4.396484E+0	5.096958E-1	-1.493965E+2	5.112325E-1	-1.508391E+2	-3.321872E-3	2.509979E-2
4.397656E+0	5.099261E-1	-1.528502E+2	5.114400E-1	-1.542835E+2	-3.272026E-3	2.493915E-2
4.398828E+0	5.101076E-1	-1.563046E+2	5.116429E-1	-1.577392E+2	-3.313232E-3	2.496075E-2
4.400000E+0	5.102396E-1	-1.597630E+2	5.117986E-1	-1.611936E+2	-3.356872E-3	2.489004E-2
