4.201172E+0	4.927283E-1	5.684185E+1	5.045251E-1	5.930699E+1	-2.428577E-2	-4.200584E-2
4.202344E+0	4.930214E-1	5.347609E+1	5.049541E-1	5.592314E+1	-2.452160E-2	-4.168713E-2
4.203516E+0	4.933663E-1	5.010036E+1	5.053709E-1	5.253457E+1	-2.463496E-2	-4.146331E-2
4.204688E+0	4.936852E-1	4.671492E+1	5.057857E-1	4.914024E+1	-2.479851E-2	-4.130478E-2
4.205859E+0	4.939468E-1	4.332504E+1	5.061985E-1	4.574260E+1	-2.507186E-2	-4.116092E-2
4.207031E+0	4.942113E-1	3.993367E+1	5.066136E-1	4.233809E+1	-2.533964E-2	-4.092569E-2
4.208203E+0	4.944260E-1	3.653760E+1	5.070001E-1	3.893093E+1	-2.565165E-2	-4.072367E-2
4.209375E+0	4.946466E-1	3.314228E+1	5.073752E-1	3.551949E+1	-2.592616E-2	-4.043767E-2
4.210547E+0	4.948290E-1	2.974468E+1	5.077313E-1	3.210564E+1	-2.623897E-2	-4.014803E-2
4.211719E+0	4.950137E-1	2.634557E+1	5.080455E-1	2.868748E+1	-2.646466E-2	-3.981450E-2
4.212891E+0	4.951935E-1	2.294361E+1	5.083173E-1	2.526701E+1	-2.661898E-2	-3.949320E-2
4.214062E+0	4.953896E-1	1.954008E+1	5.085905E-1	2.184441E+1	-2.674350E-2	-3.916369E-2
4.215234E+0	4.955601E-1	1.612901E+1	5.088068E-1	1.842217E+1	-2.681480E-2	-3.897079E-2
4.216406E+0	4.957162E-1	1.271744E+1	5.090137E-1	1.499893E+1	-2.689603E-2	-3.876902E-2
4.217578E+0	4.958679E-1	9.301590E+0	5.091528E-1	1.157440E+1	-2.685831E-2	-3.862286E-2
4.218750E+0	4.959798E-1	5.871883E+0	5.092994E-1	8.150197E+0	-2.692260E-2	-3.871393E-2
4.219922E+0	4.959346E-1	2.444364E+0	5.093888E-1	4.727226E+0	-2.718512E-2	-3.878083E-2
4.221094E+0	4.957788E-1	-9.575340E-1	5.094634E-1	1.303899E+0	-2.761871E-2	-3.839930E-2
4.222266E+0	4.956437E-1	-4.342158E+0	5.095368E-1	-2.117746E+0	-2.799912E-2	-3.775527E-2
4.223438E+0	4.956269E-1	-7.725268E+0	5.095632E-1	-5.534718E+0	-2.806028E-2	-3.717762E-2
4.224609E+0	4.957271E-1	-1.111572E+1	5.095832E-1	-8.952886E+0	-2.788407E-2	-3.671343E-2
4.225781E+0	4.958405E-1	-1.451635E+1	5.096115E-1	-1.236733E+1	-2.770686E-2	-3.648537E-2
4.226953E+0	4.959527E-1	-1.792315E+1	5.096123E-1	-1.577663E+1	-2.748679E-2	-3.645114E-2
4.228125E+0	4.960677E-1	-2.133460E+1	5.095962E-1	-1.918622E+1	-2.723173E-2	-3.649232E-2
4.229297E+0	4.961668E-1	-2.474588E+1	5.095958E-1	-2.259220E+1	-2.704002E-2	-3.658964E-2
4.230469E+0	4.962254E-1	-2.815941E+1	5.096329E-1	-2.599740E+1	-2.700128E-2	-3.673276E-2
4.231641E+0	4.962615E-1	-3.156912E+1	5.096660E-1	-2.939972E+1	-2.699843E-2	-3.685854E-2
4.232813E+0	4.962315E-1	-3.497689E+1	5.097011E-1	-3.279879E+1	-2.712986E-2	-3.700150E-2
4.233984E+0	4.962165E-1	-3.837328E+1	5.097588E-1	-3.619798E+1	-2.726758E-2	-3.694866E-2
4.235156E+0	4.961945E-1	-4.176766E+1	5.098635E-1	-3.959443E+1	-2.750911E-2	-3.690430E-2
4.236328E+0	4.962259E-1	-4.515972E+1	5.099853E-1	-4.299006E+1	-2.767755E-2	-3.683723E-2
4.237500E+0	4.962813E-1	-4.854898E+1	5.101265E-1	-4.638830E+1	-2.783240E-2	-3.667878E-2
4.238672E+0	4.963933E-1	-5.193677E+1	5.103045E-1	-4.978551E+1	-2.794616E-2	-3.651445E-2
4.239844E+0	4.965692E-1	-5.532750E+1	5.105048E-1	-5.318372E+1	-2.797848E-2	-3.638616E-2
4.241016E+0	4.967984E-1	-5.872343E+1	5.107512E-1	-5.658306E+1	-2.799681E-2	-3.632754E-2
4.242187E+0	4.970639E-1	-6.212729E+1	5.109756E-1	-5.998648E+1	-2.790472E-2	-3.633846E-2
4.243359E+0	4.973174E-1	-6.553264E+1	5.112749E-1	-6.339099E+1	-2.797884E-2	-3.634996E-2
4.244531E+0	4.975458E-1	-6.893717E+1	5.115748E-1	-6.679938E+1	-2.810007E-2	-3.627986E-2
4.245703E+0	4.977962E-1	-7.234214E+1	5.119069E-1	-7.020935E+1	-2.823862E-2	-3.618976E-2
4.246875E+0	4.980748E-1	-7.574287E+1	5.122567E-1	-7.362611E+1	-2.834862E-2	-3.591345E-2
4.248047E+0	4.984628E-1	-7.915091E+1	5.125927E-1	-7.704640E+1	-2.822145E-2	-3.571010E-2
4.249219E+0	4.988779E-1	-8.256758E+1	5.129555E-1	-8.047158E+1	-2.809478E-2	-3.557020E-2
4.250391E+0	4.993202E-1	-8.599462E+1	5.133183E-1	-8.390001E+1	-2.791977E-2	-3.555299E-2
4.251563E+0	4.997921E-1	-8.943527E+1	5.136773E-1	-8.733707E+1	-2.768331E-2	-3.562265E-2
4.252734E+0	5.002455E-1	-9.288735E+1	5.140138E-1	-9.077715E+1	-2.744584E-2	-3.583531E-2
4.253906E+0	5.006781E-1	-9.634534E+1	5.143164E-1	-9.422205E+1	-2.718571E-2	-3.606745E-2
4.255078E+0	5.010417E-1	-9.981277E+1	5.146622E-1	-9.767133E+1	-2.714482E-2	-3.637758E-2
4.256250E+0	5.013577E-1	-1.032849E+2	5.149399E-1	-1.011251E+2	-2.706794E-2	-3.669266E-2
4.257422E+0	5.016224E-1	-1.067688E+2	5.151796E-1	-1.045842E+2	-2.702316E-2	-3.711610E-2
4.258594E+0	5.017908E-1	-1.102572E+2	5.153900E-1	-1.080478E+2	-2.711001E-2	-3.753451E-2
4.259766E+0	5.018551E-1	-1.137445E+2	5.155602E-1	-1.115148E+2	-2.731992E-2	-3.787155E-2
4.260937E+0	5.018414E-1	-1.172315E+2	5.156964E-1	-1.149858E+2	-2.761397E-2	-3.813206E-2
4.262109E+0	5.017883E-1	-1.207184E+2	5.157690E-1	-1.184560E+2	-2.786487E-2	-3.840601E-2
4.263281E+0	5.016640E-1	-1.242040E+2	5.157996E-1	-1.219318E+2	-2.816992E-2	-3.856044E-2
4.264453E+0	5.014878E-1	-1.276881E+2	5.157811E-1	-1.254080E+2	-2.848174E-2	-3.868224E-2
4.265625E+0	5.012933E-1	-1.311728E+2	5.157140E-1	-1.288852E+2	-2.873725E-2	-3.879940E-2
4.266797E+0	5.010648E-1	-1.346615E+2	5.155635E-1	-1.323643E+2	-2.890309E-2	-3.895575E-2
4.267969E+0	5.007651E-1	-1.381500E+2	5.153834E-1	-1.358433E+2	-2.915125E-2	-3.910703E-2
4.269141E+0	5.004048E-1	-1.416389E+2	5.151452E-1	-1.393188E+2	-2.941036E-2	-3.932395E-2
4.270313E+0	4.999753E-1	-1.451267E+2	5.148673E-1	-1.427955E+2	-2.972763E-2	-3.949938E-2
4.271484E+0	4.994830E-1	-1.486110E+2	5.144983E-1	-1.462725E+2	-2.999285E-2	-3.961238E-2
4.272656E+0	4.989488E-1	-1.520919E+2	5.140969E-1	-1.497436E+2	-3.028050E-2	-3.976677E-2
4.273828E+0	4.983577E-1	-1.555724E+2	5.136331E-1	-1.532162E+2	-3.056021E-2	-3.988920E-2
4.275000E+0	4.977008E-1	-1.590526E+2	5.131023E-1	-1.566826E+2	-3.084614E-2	-4.011125E-2
4.276172E+0	4.969738E-1	-1.625297E+2	5.125693E-1	-1.601465E+2	-3.126475E-2	-4.031749E-2
4.277344E+0	4.961357E-1	-1.659974E+2	5.119566E-1	-1.636067E+2	-3.174630E-2	-4.042442E-2
4.278516E+0	4.952843E-1	-1.694548E+2	5.113112E-1	-1.670612E+2	-3.218986E-2	-4.045497E-2
4.279688E+0	4.944124E-1	-1.729049E+2	5.106193E-1	-1.705119E+2	-3.258408E-2	-4.042834E-2
4.280859E+0	4.935193E-1	-1.763547E+2	5.099011E-1	-1.739591E+2	-3.297329E-2	-4.045604E-2
4.282031E+0	4.925599E-1	-1.797970E+2	5.091314E-1	-1.773987E+2	-3.339599E-2	-4.048398E-2
4.283203E+0	4.915579E-1	1.767694E+2	5.083333E-1	1.791672E+2	-3.384746E-2	-4.045663E-2
4.284375E+0	4.905091E-1	1.733493E+2	5.075088E-1	1.757397E+2	-3.433739E-2	-4.031117E-2
4.285547E+0	4.894631E-1	1.699406E+2	5.066511E-1	1.723202E+2	-3.475780E-2	-4.011136E-2
4.286719E+0	4.884476E-1	1.665466E+2	5.058082E-1	1.689066E+2	-3.514156E-2	-3.976479E-2
4.287891E+0	4.874700E-1	1.631543E+2	5.049180E-1	1.654997E+2	-3.536488E-2	-3.950936E-2
4.289062E+0	4.864973E-1	1.597683E+2	5.040425E-1	1.620999E+2	-3.560804E-2	-3.926674E-2
4.290234E+0	4.855642E-1	1.563849E+2	5.031443E-1	1.587096E+2	-3.573472E-2	-3.914526E-2
4.291406E+0	4.846037E-1	1.530119E+2	5.022433E-1	1.553261E+2	-3.590856E-2	-3.896124E-2
4.292578E+0	4.836327E-1	1.496501E+2	5.013535E-1	1.519500E+2	-3.612298E-2	-3.871162E-2
4.293750E+0	4.827501E-1	1.462958E+2	5.004902E-1	1.485857E+2	-3.621569E-2	-3.853941E-2
4.294922E+0	4.818895E-1	1.429448E+2	4.996298E-1	1.452257E+2	-3.627104E-2	-3.838557E-2
4.296094E+0	4.810491E-1	1.396016E+2	4.988036E-1	1.418787E+2	-3.635571E-2	-3.831819E-2
4.297266E+0	4.802354E-1	1.362654E+2	4.979987E-1	1.385358E+2	-3.642638E-2	-3.820252E-2
4.298438E+0	4.794828E-1	1.329398E+2	4.972292E-1	1.352033E+2	-3.644298E-2	-3.808564E-2
4.299609E+0	4.787747E-1	1.296173E+2	4.965263E-1	1.318780E+2	-3.650207E-2	-3.803615E-2
4.300781E+0	4.781164E-1	1.263052E+2	4.958472E-1	1.285609E+2	-3.650576E-2	-3.795179E-2
4.301953E+0	4.774929E-1	1.230011E+2	4.952509E-1	1.252477E+2	-3.659765E-2	-3.779492E-2
4.303125E+0	4.769445E-1	1.197054E+2	4.947015E-1	1.219419E+2	-3.662877E-2	-3.762362E-2
4.304297E+0	4.765361E-1	1.164195E+2	4.942271E-1	1.186460E+2	-3.652321E-2	-3.745933E-2
4.305469E+0	4.762344E-1	1.131318E+2	4.938272E-1	1.153527E+2	-3.634981E-2	-3.737174E-2
4.306641E+0	4.760497E-1	1.098402E+2	4.935168E-1	1.120639E+2	-3.611952E-2	-3.742785E-2
4.307813E+0	4.758996E-1	1.065485E+2	4.932804E-1	1.087795E+2	-3.596642E-2	-3.755681E-2
4.308984E+0	4.758037E-1	1.032621E+2	4.931391E-1	1.054986E+2	-3.588813E-2	-3.765255E-2
4.310156E+0	4.758390E-1	9.997845E+1	4.930862E-1	1.022195E+2	-3.571615E-2	-3.773596E-2
4.311328E+0	4.759995E-1	9.669100E+1	4.931583E-1	9.894110E+1	-3.553790E-2	-3.789550E-2
4.312500E+0	4.762442E-1	9.339462E+1	4.932811E-1	9.566441E+1	-3.529540E-2	-3.823708E-2
4.313672E+0	4.765380E-1	9.009612E+1	4.935259E-1	9.238392E+1	-3.519114E-2	-3.854496E-2
4.314844E+0	4.768794E-1	8.679845E+1	4.938740E-1	8.910276E+1	-3.519160E-2	-3.882340E-2
4.316016E+0	4.773606E-1	8.349932E+1	4.943080E-1	8.581586E+1	-3.507431E-2	-3.903442E-2
4.317188E+0	4.779313E-1	8.019188E+1	4.948248E-1	8.252720E+1	-3.494255E-2	-3.935660E-2
4.318359E+0	4.786003E-1	7.687421E+1	4.954208E-1	7.923264E+1	-3.477024E-2	-3.975360E-2
4.319531E+0	4.793731E-1	7.354172E+1	4.961237E-1	7.593275E+1	-3.460418E-2	-4.031067E-2
4.320703E+0	4.801379E-1	7.019744E+1	4.969131E-1	7.262260E+1	-3.462424E-2	-4.088591E-2
4.321875E+0	4.809269E-1	6.684647E+1	4.977600E-1	6.930389E+1	-3.470624E-2	-4.142692E-2
4.323047E+0	4.817579E-1	6.349139E+1	4.986613E-1	6.597967E+1	-3.480847E-2	-4.194337E-2
4.324219E+0	4.826229E-1	6.013142E+1	4.996490E-1	6.264149E+1	-3.500289E-2	-4.230261E-2
4.325391E+0	4.835979E-1	5.675741E+1	5.006734E-1	5.929546E+1	-3.505258E-2	-4.277257E-2
4.326563E+0	4.846011E-1	5.336646E+1	5.017354E-1	5.593750E+1	-3.512232E-2	-4.332615E-2
4.327734E+0	4.856324E-1	4.996182E+1	5.028298E-1	5.256137E+1	-3.519511E-2	-4.380394E-2
4.328906E+0	4.866942E-1	4.653517E+1	5.039440E-1	4.917278E+1	-3.525276E-2	-4.444352E-2
4.330078E+0	4.877804E-1	4.309073E+1	5.050731E-1	4.576942E+1	-3.529328E-2	-4.513482E-2
4.331250E+0	4.888264E-1	3.962364E+1	5.061914E-1	4.235372E+1	-3.540126E-2	-4.599687E-2
4.332422E+0	4.898626E-1	3.613795E+1	5.073195E-1	3.892274E+1	-3.555037E-2	-4.691282E-2
4.333594E+0	4.907823E-1	3.263123E+1	5.083836E-1	3.548071E+1	-3.581570E-2	-4.799117E-2
4.334766E+0	4.915323E-1	2.912315E+1	5.093983E-1	3.203512E+1	-3.631870E-2	-4.901984E-2
4.335937E+0	4.921409E-1	2.561983E+1	5.103745E-1	2.858553E+1	-3.701739E-2	-4.988973E-2
4.337109E+0	4.926607E-1	2.212067E+1	5.112915E-1	2.512619E+1	-3.776409E-2	-5.052161E-2
4.338281E+0	4.931700E-1	1.861799E+1	5.121431E-1	2.166049E+1	-3.840382E-2	-5.111039E-2
4.339453E+0	4.936484E-1	1.510456E+1	5.129365E-1	1.819188E+1	-3.900010E-2	-5.183260E-2
4.340625E+0	4.940261E-1	1.157691E+1	5.136415E-1	1.471800E+1	-3.963389E-2	-5.270235E-2
4.341797E+0	4.942940E-1	8.050076E+0	5.142532E-1	1.124117E+1	-4.030240E-2	-5.350579E-2
4.342969E+0	4.944327E-1	4.518290E+0	5.147742E-1	7.761743E+0	-4.105394E-2	-5.434298E-2
4.344141E+0	4.945140E-1	9.838629E-1	5.152303E-1	4.281131E+0	-4.179672E-2	-5.520381E-2
4.345313E+0	4.944871E-1	-2.554829E+0	5.156003E-1	7.983989E-1	-4.259076E-2	-5.609631E-2
4.346484E+0	4.943563E-1	-6.112812E+0	5.158657E-1	-2.688530E+0	-4.340669E-2	-5.723896E-2
4.347656E+0	4.940497E-1	-9.679144E+0	5.160618E-1	-6.178498E+0	-4.444030E-2	-5.845535E-2
4.348828E+0	4.935138E-1	-1.324626E+1	5.161527E-1	-9.668143E+0	-4.572472E-2	-5.967201E-2
4.350000E+0	4.927323E-1	-1.680395E+1	5.161718E-1	-1.315676E+1	-4.734362E-2	-6.072383E-2
4.351172E+0	4.918113E-1	-2.035154E+1	5.160860E-1	-1.664338E+1	-4.903126E-2	-6.163239E-2
4.352344E+0	4.907200E-1	-2.388750E+1	5.159500E-1	-2.012631E+1	-5.094863E-2	-6.239026E-2
4.353516E+0	4.894679E-1	-2.741534E+1	5.157635E-1	-2.360552E+1	-5.308107E-2	-6.305730E-2
4.354688E+0	4.880133E-1	-3.092499E+1	5.154999E-1	-2.708026E+1	-5.545086E-2	-6.347757E-2
4.355859E+0	4.863821E-1	-3.439829E+1	5.151941E-1	-3.054675E+1	-5.805680E-2	-6.341491E-2
4.357031E+0	4.847318E-1	-3.783439E+1	5.148371E-1	-3.401035E+1	-6.057162E-2	-6.279268E-2
4.358203E+0	4.831855E-1	-4.124918E+1	5.144302E-1	-3.746453E+1	-6.278488E-2	-6.199757E-2
4.359375E+0	4.817343E-1	-4.464735E+1	5.139971E-1	-4.091206E+1	-6.475943E-2	-6.105777E-2
4.360547E+0	4.803388E-1	-4.804077E+1	5.135432E-1	-4.435265E+1	-6.659458E-2	-6.016628E-2
4.361719E+0	4.789373E-1	-5.141969E+1	5.130743E-1	-4.778577E+1	-6.841107E-2	-5.916433E-2
4.362891E+0	4.775670E-1	-5.477385E+1	5.126054E-1	-5.121017E+1	-7.015505E-2	-5.790914E-2
4.364063E+0	4.763436E-1	-5.810474E+1	5.121178E-1	-5.462780E+1	-7.156754E-2	-5.641030E-2
4.365234E+0	4.752781E-1	-6.144443E+1	5.116414E-1	-5.803621E+1	-7.271484E-2	-5.522439E-2
4.366406E+0	4.741951E-1	-6.477166E+1	5.111765E-1	-6.143738E+1	-7.391599E-2	-5.395360E-2
4.367578E+0	4.732129E-1	-6.808089E+1	5.107340E-1	-6.483400E+1	-7.495238E-2	-5.247764E-2
4.368750E+0	4.723522E-1	-7.137669E+1	5.103055E-1	-6.822678E+1	-7.577214E-2	-5.086188E-2
4.369922E+0	4.717415E-1	-7.466850E+1	5.099271E-1	-7.161109E+1	-7.620125E-2	-4.934247E-2
4.371094E+0	4.713717E-1	-7.797646E+1	5.095641E-1	-7.499470E+1	-7.620350E-2	-4.811923E-2
4.372266E+0	4.710338E-1	-8.131359E+1	5.092450E-1	-7.837389E+1	-7.625220E-2	-4.743677E-2
4.373438E+0	4.706054E-1	-8.465372E+1	5.089655E-1	-8.174908E+1	-7.655668E-2	-4.685460E-2
4.374609E+0	4.702057E-1	-8.798155E+1	5.087129E-1	-8.512288E+1	-7.684556E-2	-4.609739E-2
4.375781E+0	4.698631E-1	-9.130962E+1	5.085221E-1	-8.849545E+1	-7.713655E-2	-4.536434E-2
4.376953E+0	4.696051E-1	-9.463424E+1	5.083630E-1	-9.186737E+1	-7.731750E-2	-4.459192E-2
4.378125E+0	4.694527E-1	-9.796695E+1	5.082685E-1	-9.524046E+1	-7.741425E-2	-4.393554E-2
4.379297E+0	4.693263E-1	-1.013060E+2	5.082114E-1	-9.861383E+1	-7.753288E-2	-4.337610E-2
4.380469E+0	4.693315E-1	-1.046574E+2	5.082027E-1	-1.019855E+2	-7.749158E-2	-4.305096E-2
4.381641E+0	4.693590E-1	-1.080281E+2	5.082370E-1	-1.053604E+2	-7.749664E-2	-4.298296E-2
4.382812E+0	4.693564E-1	-1.114182E+2	5.083029E-1	-1.087397E+2	-7.762946E-2	-4.315101E-2
4.383984E+0	4.692356E-1	-1.148095E+2	5.084260E-1	-1.121226E+2	-7.809646E-2	-4.326462E-2
4.385156E+0	4.690668E-1	-1.181941E+2	5.085866E-1	-1.155066E+2	-7.871956E-2	-4.324505E-2
4.386328E+0	4.689344E-1	-1.215752E+2	5.087828E-1	-1.188979E+2	-7.932709E-2	-4.305227E-2
4.387500E+0	4.688316E-1	-1.249652E+2	5.090011E-1	-1.222949E+2	-7.991845E-2	-4.291196E-2
4.388672E+0	4.687376E-1	-1.283686E+2	5.092452E-1	-1.256969E+2	-8.054491E-2	-4.290526E-2
4.389844E+0	4.685670E-1	-1.317822E+2	5.095137E-1	-1.291060E+2	-8.136727E-2	-4.293919E-2
4.391016E+0	4.683386E-1	-1.351948E+2	5.097829E-1	-1.325224E+2	-8.229707E-2	-4.283473E-2
4.392188E+0	4.681056E-1	-1.386016E+2	5.100839E-1	-1.359440E+2	-8.328388E-2	-4.255136E-2
4.393359E+0	4.679069E-1	-1.420116E+2	5.103715E-1	-1.393723E+2	-8.417583E-2	-4.221682E-2
4.394531E+0	4.676699E-1	-1.454263E+2	5.106584E-1	-1.428059E+2	-8.514012E-2	-4.186995E-2
4.395703E+0	4.674071E-1	-1.488384E+2	5.109242E-1	-1.462436E+2	-8.611129E-2	-4.141633E-2
4.396875E+0	4.671124E-1	-1.522410E+2	5.112070E-1	-1.496871E+2	-8.716344E-2	-4.071571E-2
4.398047E+0	4.669315E-1	-1.556471E+2	5.114293E-1	-1.531340E+2	-8.788484E-2	-4.003275E-2
4.399219E+0	4.668201E-1	-1.590726E+2	5.116421E-1	-1.565841E+2	-8.846464E-2	-3.961519E-2
4.400391E+0	4.665619E-1	-1.625079E+2	5.117927E-1	-1.600368E+2	-8.922491E-2	-3.930504E-2
4.401563E+0	4.662815E-1	-1.659333E+2	5.119175E-1	-1.634959E+2	-8.997124E-2	-3.873659E-2
4.402734E+0	4.660259E-1	-1.693730E+2	5.119855E-1	-1.669572E+2	-9.057636E-2	-3.836737E-2
4.403906E+0	4.656321E-1	-1.728198E+2	5.119727E-1	-1.704223E+2	-9.130992E-2	-3.804568E-2
4.405078E+0	4.651522E-1	-1.762640E+2	5.119299E-1	-1.738876E+2	-9.215663E-2	-3.767532E-2
4.406250E+0	4.646175E-1	-1.796994E+2	5.118060E-1	-1.773557E+2	-9.295935E-2	-3.712346E-2
4.407422E+0	4.640912E-1	1.768482E+2	5.116493E-1	1.791758E+2	-9.369895E-2	-3.683810E-2
4.408594E+0	4.634182E-1	1.733889E+2	5.113866E-1	1.757060E+2	-9.454159E-2	-3.663764E-2
4.409766E+0	4.625703E-1	1.699383E+2	5.110782E-1	1.722370E+2	-9.564119E-2	-3.630225E-2
4.410938E+0	4.616484E-1	1.665072E+2	5.106720E-1	1.687719E+2	-9.670430E-2	-3.572270E-2
4.412109E+0	4.607026E-1	1.630812E+2	5.102305E-1	1.653073E+2	-9.775108E-2	-3.507252E-2
4.413281E+0	4.597265E-1	1.596612E+2	5.097126E-1	1.618448E+2	-9.872215E-2	-3.436525E-2
4.414453E+0	4.587012E-1	1.562431E+2	5.091277E-1	1.583882E+2	-9.967625E-2	-3.372303E-2
4.415625E+0	4.575684E-1	1.528292E+2	5.084934E-1	1.549367E+2	-1.007575E-1	-3.309160E-2
4.416797E+0	4.563411E-1	1.494440E+2	5.077870E-1	1.514928E+2	-1.018884E-1	-3.212864E-2
4.417969E+0	4.551919E-1	1.460859E+2	5.070341E-1	1.480533E+2	-1.027752E-1	-3.082067E-2
4.419141E+0	4.542341E-1	1.427207E+2	5.062385E-1	1.446228E+2	-1.032215E-1	-2.978211E-2
4.420313E+0	4.532766E-1	1.393371E+2	5.054168E-1	1.411974E+2	-1.036355E-1	-2.911372E-2
4.421484E+0	4.521859E-1	1.359558E+2	5.045526E-1	1.377807E+2	-1.042429E-1	-2.853997E-2
4.422656E+0	4.510312E-1	1.325938E+2	5.036816E-1	1.343766E+2	-1.049646E-1	-2.785867E-2
4.423828E+0	4.498470E-1	1.292549E+2	5.027895E-1	1.309800E+2	-1.057031E-1	-2.693424E-2
4.425000E+0	4.488266E-1	1.259337E+2	5.018942E-1	1.275926E+2	-1.061094E-1	-2.588829E-2
4.426172E+0	4.479409E-1	1.226091E+2	5.010123E-1	1.242153E+2	-1.062796E-1	-2.506066E-2
4.427344E+0	4.471292E-1	1.192676E+2	5.001301E-1	1.208461E+2	-1.063135E-1	-2.462731E-2
4.428516E+0	4.462977E-1	1.159097E+2	4.992878E-1	1.174855E+2	-1.064694E-1	-2.458088E-2
4.429687E+0	4.453382E-1	1.125632E+2	4.984724E-1	1.141368E+2	-1.069310E-1	-2.453386E-2
4.430859E+0	4.444078E-1	1.092256E+2	4.976684E-1	1.107947E+2	-1.073551E-1	-2.445205E-2
4.432031E+0	4.434338E-1	1.058921E+2	4.969446E-1	1.074625E+2	-1.080148E-1	-2.445424E-2
4.433203E+0	4.424792E-1	1.025723E+2	4.962622E-1	1.041385E+2	-1.087093E-1	-2.436981E-2
4.434375E+0	4.415865E-1	9.925705E+1	4.956193E-1	1.008222E+2	-1.093532E-1	-2.433587E-2
4.435547E+0	4.406959E-1	9.593782E+1	4.950654E-1	9.751336E+1	-1.101594E-1	-2.447533E-2
4.436719E+0	4.398554E-1	9.263115E+1	4.945831E-1	9.421013E+1	-1.109919E-1	-2.450584E-2
4.437891E+0	4.391430E-1	8.931818E+1	4.941614E-1	9.091268E+1	-1.116810E-1	-2.472766E-2
4.439063E+0	4.384757E-1	8.599600E+1	4.938515E-1	8.761986E+1	-1.124870E-1	-2.516037E-2
4.440234E+0	4.378113E-1	8.265395E+1	4.936157E-1	8.433047E+1	-1.134320E-1	-2.594909E-2
4.441406E+0	4.371317E-1	7.929384E+1	4.934708E-1	8.104417E+1	-1.145824E-1	-2.705706E-2
4.442578E+0	4.362479E-1	7.593671E+1	4.934446E-1	7.775936E+1	-1.163604E-1	-2.811916E-2
4.443750E+0	4.353485E-1	7.257710E+1	4.934867E-1	7.447620E+1	-1.182956E-1	-2.923528E-2
4.444922E+0	4.343226E-1	6.921316E+1	4.936363E-1	7.119240E+1	-1.206816E-1	-3.038749E-2
4.446094E+0	4.331890E-1	6.585898E+1	4.938950E-1	6.790575E+1	-1.234723E-1	-3.132541E-2
4.447266E+0	4.320126E-1	6.250117E+1	4.942152E-1	6.461871E+1	-1.264583E-1	-3.229910E-2
4.448438E+0	4.307083E-1	5.912954E+1	4.946631E-1	6.132632E+1	-1.299295E-1	-3.337577E-2
4.449609E+0	4.292423E-1	5.577055E+1	4.951863E-1	5.802954E+1	-1.338437E-1	-3.416749E-2
4.450781E+0	4.284667E-1	5.241820E+1	4.958291E-1	5.472873E+1	-1.365606E-1	-3.483825E-2
4.451953E+0	4.268060E-1	4.907479E+1	4.965297E-1	5.141818E+1	-1.411409E-1	-3.514683E-2
4.453125E+0	4.250812E-1	4.570712E+1	4.973408E-1	4.810023E+1	-1.460373E-1	-3.568877E-2
4.454297E+0	4.230452E-1	4.230910E+1	4.982233E-1	4.477619E+1	-1.516794E-1	-3.655030E-2
4.455469E+0	4.205560E-1	3.892930E+1	4.991691E-1	4.143888E+1	-1.582960E-1	-3.689060E-2
4.456641E+0	4.175410E-1	3.556375E+1	5.001752E-1	3.809264E+1	-1.660235E-1	-3.683352E-2
4.457813E+0	4.137143E-1	3.225535E+1	5.012373E-1	3.473533E+1	-1.753870E-1	-3.571471E-2
4.458984E+0	4.090376E-1	2.910377E+1	5.023593E-1	3.136592E+1	-1.864014E-1	-3.213917E-2
4.460156E+0	4.036356E-1	2.616729E+1	5.034886E-1	2.798514E+1	-1.987257E-1	-2.543094E-2
4.461328E+0	3.978750E-1	2.353219E+1	5.046411E-1	2.459056E+1	-2.117029E-1	-1.456311E-2
4.462500E+0	3.927153E-1	2.116556E+1	5.058269E-1	2.118210E+1	-2.236172E-1	-2.241242E-4
4.463672E+0	3.886570E-1	1.895687E+1	5.070139E-1	1.776100E+1	-2.336061E-1	1.599840E-2
4.464844E+0	3.861009E-1	1.677660E+1	5.081845E-1	1.432748E+1	-2.409288E-1	3.246643E-2
4.466016E+0	3.847541E-1	1.459513E+1	5.093090E-1	1.088120E+1	-2.461432E-1	4.893379E-2
4.467188E+0	3.844347E-1	1.260641E+1	5.104106E-1	7.421435E+0	-2.498948E-1	6.806659E-2
4.468359E+0	3.861771E-1	1.073429E+1	5.114505E-1	3.949698E+0	-2.502250E-1	8.920077E-2
4.469531E+0	3.904231E-1	8.686893E+0	5.124283E-1	4.680691E-1	-2.459175E-1	1.089178E-1
4.470703E+0	3.968427E-1	6.342403E+0	5.133314E-1	-3.025879E+0	-2.372378E-1	1.258407E-1
4.471875E+0	4.048291E-1	3.704977E+0	5.141611E-1	-6.524338E+0	-2.251567E-1	1.398256E-1
4.473047E+0	4.137082E-1	7.758902E-1	5.149163E-1	-1.003695E+1	-2.108175E-1	1.507279E-1
4.474219E+0	4.232374E-1	-2.400709E+0	5.155419E-1	-1.355246E+1	-1.945446E-1	1.587797E-1
4.475391E+0	4.329606E-1	-5.816485E+0	5.160912E-1	-1.707517E+1	-1.772218E-1	1.637904E-1
4.476562E+0	4.421066E-1	-9.427893E+0	5.164926E-1	-2.060125E+1	-1.602462E-1	1.658700E-1
4.477734E+0	4.502296E-1	-1.315048E+1	5.168094E-1	-2.412978E+1	-1.447744E-1	1.659184E-1
4.478906E+0	4.574020E-1	-1.694321E+1	5.170195E-1	-2.765968E+1	-1.307395E-1	1.645073E-1
4.480078E+0	4.635402E-1	-2.078873E+1	5.170779E-1	-3.118994E+1	-1.182699E-1	1.618470E-1
4.481250E+0	4.687393E-1	-2.464712E+1	5.170226E-1	-3.471724E+1	-1.073540E-1	1.585242E-1
4.482422E+0	4.729958E-1	-2.850976E+1	5.168841E-1	-3.824258E+1	-9.808045E-2	1.546997E-1
4.483594E+0	4.764526E-1	-3.235561E+1	5.165964E-1	-4.176392E+1	-9.011449E-2	1.507662E-1
4.484766E+0	4.792421E-1	-3.618182E+1	5.162466E-1	-4.527806E+1	-8.335427E-2	1.467612E-1
4.485938E+0	4.814939E-1	-3.998149E+1	5.158122E-1	-4.878553E+1	-7.753104E-2	1.428723E-1
4.487109E+0	4.832437E-1	-4.374990E+1	5.152910E-1	-5.228567E+1	-7.258035E-2	1.391958E-1
4.488281E+0	4.846484E-1	-4.748962E+1	5.146761E-1	-5.577732E+1	-6.817686E-2	1.357340E-1
4.489453E+0	4.857591E-1	-5.120346E+1	5.140098E-1	-5.926132E+1	-6.429175E-2	1.324689E-1
4.490625E+0	4.866248E-1	-5.489444E+1	5.132924E-1	-6.273414E+1	-6.081486E-2	1.293154E-1
4.491797E+0	4.872884E-1	-5.856132E+1	5.125368E-1	-6.619734E+1	-5.769259E-2	1.263336E-1
4.492969E+0	4.877895E-1	-6.220639E+1	5.117540E-1	-6.964870E+1	-5.485789E-2	1.234623E-1
4.494141E+0	4.881324E-1	-6.583181E+1	5.109529E-1	-7.309201E+1	-5.232208E-2	1.207313E-1
4.495313E+0	4.883606E-1	-6.943257E+1	5.101110E-1	-7.652333E+1	-4.996060E-2	1.181781E-1
4.496484E+0	4.884796E-1	-7.301431E+1	5.092890E-1	-7.994596E+1	-4.787023E-2	1.157541E-1
4.497656E+0	4.885213E-1	-7.657253E+1	5.084865E-1	-8.335999E+1	-4.599739E-2	1.135462E-1
4.498828E+0	4.885240E-1	-8.011230E+1	5.077088E-1	-8.676321E+1	-4.426247E-2	1.114433E-1
4.500000E+0	4.885089E-1	-8.363228E+1	5.069531E-1	-9.015640E+1	-4.262274E-2	1.094876E-1
4.501172E+0	4.884936E-1	-8.713658E+1	5.062345E-1	-9.354388E+1	-4.107222E-2	1.076847E-1
4.502344E+0	4.885185E-1	-9.063158E+1	5.055525E-1	-9.692445E+1	-3.951621E-2	1.059174E-1
4.503516E+0	4.885938E-1	-9.411617E+1	5.049310E-1	-1.002940E+2	-3.797474E-2	1.041328E-1
4.504688E+0	4.886754E-1	-9.759270E+1	5.043602E-1	-1.036628E+2	-3.653079E-2	1.024567E-1
4.505859E+0	4.888044E-1	-1.010662E+2	5.038427E-1	-1.070225E+2	-3.508475E-2	1.006727E-1
4.507031E+0	4.889519E-1	-1.045319E+2	5.034034E-1	-1.103807E+2	-3.376387E-2	9.897821E-2
4.508203E+0	4.891354E-1	-1.079902E+2	5.030327E-1	-1.137352E+2	-3.251101E-2	9.733573E-2
4.509375E+0	4.893148E-1	-1.114478E+2	5.027036E-1	-1.170879E+2	-3.134579E-2	9.566188E-2
4.510547E+0	4.895239E-1	-1.148989E+2	5.024534E-1	-1.204380E+2	-3.028202E-2	9.404116E-2
4.511719E+0	4.897728E-1	-1.183447E+2	5.022566E-1	-1.237878E+2	-2.925246E-2	9.249947E-2
4.512891E+0	4.900252E-1	-1.217900E+2	5.021473E-1	-1.271397E+2	-2.839118E-2	9.098355E-2
4.514063E+0	4.902870E-1	-1.252291E+2	5.021076E-1	-1.304916E+2	-2.765779E-2	8.955962E-2
4.515234E+0	4.906136E-1	-1.286674E+2	5.021209E-1	-1.338469E+2	-2.690705E-2	8.820736E-2
4.516406E+0	4.909638E-1	-1.321016E+2	5.021982E-1	-1.372022E+2	-2.624173E-2	8.691589E-2
4.517578E+0	4.913774E-1	-1.355370E+2	5.023378E-1	-1.405637E+2	-2.558089E-2	8.570820E-2
4.518750E+0	4.918018E-1	-1.389736E+2	5.025241E-1	-1.439271E+2	-2.499209E-2	8.450484E-2
4.519922E+0	4.922797E-1	-1.424088E+2	5.027789E-1	-1.472971E+2	-2.444367E-2	8.343401E-2
4.521094E+0	4.928059E-1	-1.458477E+2	5.030701E-1	-1.506694E+2	-2.386982E-2	8.234026E-2
4.522266E+0	4.933589E-1	-1.492886E+2	5.034119E-1	-1.540514E+2	-2.335380E-2	8.137274E-2
4.523437E+0	4.939348E-1	-1.527334E+2	5.037719E-1	-1.574367E+2	-2.282847E-2	8.039479E-2
4.524609E+0	4.945663E-1	-1.561845E+2	5.041803E-1	-1.608294E+2	-2.229022E-2	7.943585E-2
4.525781E+0	4.952134E-1	-1.596399E+2	5.046067E-1	-1.642319E+2	-2.176527E-2	7.856943E-2
4.526953E+0	4.958698E-1	-1.631043E+2	5.050376E-1	-1.676391E+2	-2.122638E-2	7.762935E-2
4.528125E+0	4.965396E-1	-1.665562E+2	5.055128E-1	-1.710571E+2	-2.077985E-2	7.708177E-2
4.529297E+0	4.972174E-1	-1.700319E+2	5.059877E-1	-1.744823E+2	-2.029589E-2	7.625108E-2
4.530469E+0	4.978851E-1	-1.735170E+2	5.064355E-1	-1.779137E+2	-1.977664E-2	7.536729E-2
4.531641E+0	4.985036E-1	-1.770093E+2	5.068647E-1	1.786439E+2	-1.932472E-2	7.454295E-2
4.532813E+0	4.991239E-1	1.794931E+2	5.072908E-1	1.751946E+2	-1.886667E-2	7.374595E-2
4.533984E+0	4.997016E-1	1.759877E+2	5.076792E-1	1.717386E+2	-1.841932E-2	7.292854E-2
4.535156E+0	5.002313E-1	1.724763E+2	5.080292E-1	1.682747E+2	-1.799563E-2	7.214146E-2
4.536328E+0	5.007206E-1	1.689597E+2	5.083308E-1	1.648032E+2	-1.756179E-2	7.139589E-2
4.537500E+0	5.011573E-1	1.654370E+2	5.085945E-1	1.613249E+2	-1.715974E-2	7.065950E-2
4.538672E+0	5.015030E-1	1.619092E+2	5.087803E-1	1.578411E+2	-1.678695E-2	6.992738E-2
4.539844E+0	5.017950E-1	1.583785E+2	5.088914E-1	1.543523E+2	-1.637836E-2	6.923353E-2
4.541016E+0	5.020235E-1	1.548422E+2	5.089545E-1	1.508580E+2	-1.600195E-2	6.853518E-2
4.542188E+0	5.021435E-1	1.513045E+2	5.089135E-1	1.473617E+2	-1.563817E-2	6.784583E-2
4.543359E+0	5.021766E-1	1.477661E+2	5.088148E-1	1.438646E+2	-1.533366E-2	6.715371E-2
4.544531E+0	5.021383E-1	1.442299E+2	5.086048E-1	1.403650E+2	-1.495952E-2	6.654710E-2
4.545703E+0	5.020071E-1	1.406911E+2	5.083236E-1	1.368653E+2	-1.462692E-2	6.589409E-2
4.546875E+0	5.017926E-1	1.371524E+2	5.079481E-1	1.333665E+2	-1.427417E-2	6.522819E-2
4.548047E+0	5.014629E-1	1.336199E+2	5.074682E-1	1.298717E+2	-1.394755E-2	6.459818E-2
4.549219E+0	5.010591E-1	1.300898E+2	5.068987E-1	1.263800E+2	-1.359154E-2	6.395760E-2
4.550391E+0	5.005613E-1	1.265686E+2	5.062774E-1	1.228929E+2	-1.332433E-2	6.338525E-2
4.551563E+0	4.999760E-1	1.230497E+2	5.055640E-1	1.194139E+2	-1.304346E-2	6.271319E-2
4.552734E+0	4.993121E-1	1.195404E+2	5.047600E-1	1.159404E+2	-1.274502E-2	6.211282E-2
4.553906E+0	4.986124E-1	1.160407E+2	5.039196E-1	1.124773E+2	-1.244484E-2	6.149839E-2
4.555078E+0	4.978182E-1	1.125503E+2	5.029865E-1	1.090216E+2	-1.215165E-2	6.091608E-2
4.556250E+0	4.969832E-1	1.090689E+2	5.020013E-1	1.055758E+2	-1.183547E-2	6.031928E-2
4.557422E+0	4.960941E-1	1.055988E+2	5.009907E-1	1.021423E+2	-1.157519E-2	5.970145E-2
4.558594E+0	4.951652E-1	1.021411E+2	4.999554E-1	9.871855E+1	-1.134776E-2	5.912725E-2
4.559766E+0	4.942392E-1	9.869605E+1	4.989173E-1	9.530872E+1	-1.110720E-2	5.853161E-2
4.560938E+0	4.932794E-1	9.526263E+1	4.978556E-1	9.190911E+1	-1.088847E-2	5.795886E-2
4.562109E+0	4.923229E-1	9.183976E+1	4.968096E-1	8.852426E+1	-1.068970E-2	5.731180E-2
4.563281E+0	4.913778E-1	8.843285E+1	4.957746E-1	8.514622E+1	-1.049874E-2	5.682262E-2
4.564453E+0	4.904840E-1	8.503560E+1	4.947791E-1	8.178557E+1	-1.027524E-2	5.620116E-2
4.565625E+0	4.895788E-1	8.165195E+1	4.938082E-1	7.843452E+1	-1.012763E-2	5.564453E-2
4.566797E+0	4.887239E-1	7.828136E+1	4.929133E-1	7.509582E+1	-1.003131E-2	5.509722E-2
4.567969E+0	4.879479E-1	7.492258E+1	4.920582E-1	7.176695E+1	-9.856921E-3	5.458846E-2
4.569141E+0	4.872555E-1	7.157210E+1	4.913090E-1	6.844942E+1	-9.722973E-3	5.402464E-2
4.570312E+0	4.866011E-1	6.823248E+1	4.906328E-1	6.513809E+1	-9.663405E-3	5.353746E-2
4.571484E+0	4.860416E-1	6.490177E+1	4.900316E-1	6.183713E+1	-9.560833E-3	5.302725E-2
4.572656E+0	4.855689E-1	6.157989E+1	4.895250E-1	5.853904E+1	-9.478161E-3	5.261923E-2
4.573828E+0	4.851986E-1	5.826010E+1	4.891492E-1	5.525241E+1	-9.442846E-3	5.204622E-2
4.575000E+0	4.849335E-1	5.494751E+1	4.888399E-1	5.196699E+1	-9.333084E-3	5.158092E-2
4.576172E+0	4.847519E-1	5.164077E+1	4.886523E-1	4.868550E+1	-9.301250E-3	5.114480E-2
4.577344E+0	4.846812E-1	4.833463E+1	4.885872E-1	4.540520E+1	-9.290794E-3	5.069736E-2
4.578516E+0	4.847191E-1	4.503093E+1	4.886212E-1	4.212472E+1	-9.261802E-3	5.029629E-2
4.579688E+0	4.848698E-1	4.172721E+1	4.887495E-1	3.884377E+1	-9.194025E-3	4.990497E-2
4.580859E+0	4.851318E-1	3.842258E+1	4.890208E-1	3.556041E+1	-9.190163E-3	4.953641E-2
4.582031E+0	4.854985E-1	3.511521E+1	4.893779E-1	3.227380E+1	-9.146890E-3	4.917867E-2
4.583203E+0	4.859610E-1	3.180410E+1	4.898434E-1	2.898377E+1	-9.127457E-3	4.881419E-2
4.584375E+0	4.865314E-1	2.848676E+1	4.904104E-1	2.568602E+1	-9.094747E-3	4.847618E-2
4.585547E+0	4.871925E-1	2.516548E+1	4.910796E-1	2.238329E+1	-9.084814E-3	4.815509E-2
4.586719E+0	4.879628E-1	2.183286E+1	4.918388E-1	1.906945E+1	-9.034337E-3	4.783197E-2
4.587891E+0	4.887987E-1	1.849383E+1	4.926681E-1	1.574840E+1	-8.992744E-3	4.752227E-2
4.589063E+0	4.897026E-1	1.514524E+1	4.935675E-1	1.241597E+1	-8.955978E-3	4.724387E-2
4.590234E+0	4.906676E-1	1.178548E+1	4.945311E-1	9.073272E+0	-8.923884E-3	4.694960E-2
4.591406E+0	4.916973E-1	8.415122E+0	4.955631E-1	5.720072E+0	-8.898254E-3	4.665336E-2
4.592578E+0	4.927750E-1	5.032155E+0	4.966156E-1	2.350048E+0	-8.820538E-3	4.643262E-2
4.593750E+0	4.938851E-1	1.637511E+0	4.977173E-1	-1.028157E+0	-8.773298E-3	4.614981E-2
4.594922E+0	4.950040E-1	-1.769516E+0	4.988611E-1	-4.422616E+0	-8.795424E-3	4.593089E-2
4.596094E+0	4.961513E-1	-5.190496E+0	4.999736E-1	-7.828197E+0	-8.696399E-3	4.566848E-2
4.597266E+0	4.972895E-1	-8.623071E+0	5.011018E-1	-1.124926E+1	-8.650114E-3	4.547101E-2
4.598438E+0	4.984229E-1	-1.207019E+1	5.022228E-1	-1.468143E+1	-8.596656E-3	4.521425E-2
4.599609E+0	4.995350E-1	-1.553023E+1	5.033194E-1	-1.812673E+1	-8.537825E-3	4.496134E-2
4.600781E+0	5.006319E-1	-1.900030E+1	5.043925E-1	-2.158376E+1	-8.464500E-3	4.473854E-2
4.601953E+0	5.016708E-1	-2.248135E+1	5.053934E-1	-2.505512E+1	-8.367085E-3	4.457489E-2
4.603125E+0	5.026422E-1	-2.597640E+1	5.063541E-1	-2.853668E+1	-8.321546E-3	4.434298E-2
4.604297E+0	5.035605E-1	-2.948108E+1	5.072523E-1	-3.202853E+1	-8.259087E-3	4.412326E-2
4.605469E+0	5.044102E-1	-3.299634E+1	5.080428E-1	-3.553044E+1	-8.121108E-3	4.389783E-2
4.606641E+0	5.051658E-1	-3.651952E+1	5.087612E-1	-3.904378E+1	-8.030450E-3	4.373115E-2
4.607813E+0	5.058171E-1	-4.005028E+1	5.094046E-1	-4.256126E+1	-7.995929E-3	4.350230E-2
4.608984E+0	5.064020E-1	-4.358789E+1	5.099262E-1	-4.608762E+1	-7.856193E-3	4.331325E-2
4.610156E+0	5.068736E-1	-4.713163E+1	5.103512E-1	-4.961849E+1	-7.749515E-3	4.309460E-2
4.611328E+0	5.072309E-1	-5.067658E+1	5.106480E-1	-5.315384E+1	-7.619985E-3	4.293364E-2
4.612500E+0	5.074744E-1	-5.422879E+1	5.108474E-1	-5.669375E+1	-7.521934E-3	4.272442E-2
4.613672E+0	5.076193E-1	-5.777981E+1	5.109119E-1	-6.023079E+1	-7.353485E-3	4.248903E-2
4.614844E+0	5.076289E-1	-6.133106E+1	5.108871E-1	-6.377175E+1	-7.278910E-3	4.231361E-2
4.616016E+0	5.075300E-1	-6.488074E+1	5.107289E-1	-6.730927E+1	-7.155921E-3	4.210775E-2
4.617187E+0	5.073143E-1	-6.842846E+1	5.104685E-1	-7.084525E+1	-7.063018E-3	4.190788E-2
4.618359E+0	5.070096E-1	-7.197453E+1	5.100904E-1	-7.437673E+1	-6.913185E-3	4.166087E-2
4.619531E+0	5.065947E-1	-7.551258E+1	5.096165E-1	-7.790270E+1	-6.794362E-3	4.145608E-2
4.620703E+0	5.060769E-1	-7.904620E+1	5.090601E-1	-8.142260E+1	-6.715178E-3	4.122113E-2
4.621875E+0	5.054584E-1	-8.257114E+1	5.083908E-1	-8.493437E+1	-6.613600E-3	4.099661E-2
4.623047E+0	5.047788E-1	-8.608626E+1	5.076729E-1	-8.843733E+1	-6.537692E-3	4.078854E-2
4.624219E+0	5.040380E-1	-8.959447E+1	5.068410E-1	-9.192883E+1	-6.355596E-3	4.050574E-2
4.625391E+0	5.032111E-1	-9.309129E+1	5.059801E-1	-9.541325E+1	-6.289114E-3	4.029304E-2
4.626563E+0	5.023484E-1	-9.657907E+1	5.050455E-1	-9.888570E+1	-6.146239E-3	4.003248E-2
4.627734E+0	5.014194E-1	-1.000567E+2	5.040796E-1	-1.023461E+2	-6.071326E-3	3.973612E-2
4.628906E+0	5.004730E-1	-1.035199E+2	5.030819E-1	-1.057956E+2	-5.970420E-3	3.950210E-2
4.630078E+0	4.995053E-1	-1.069708E+2	5.020869E-1	-1.092328E+2	-5.916941E-3	3.926615E-2
4.631250E+0	4.985259E-1	-1.104099E+2	5.010872E-1	-1.126577E+2	-5.877010E-3	3.902097E-2
4.632422E+0	4.975758E-1	-1.138396E+2	5.000941E-1	-1.160699E+2	-5.789362E-3	3.872028E-2
4.633594E+0	4.966185E-1	-1.172556E+2	4.991230E-1	-1.194737E+2	-5.763302E-3	3.850927E-2
4.634766E+0	4.956902E-1	-1.206616E+2	4.981743E-1	-1.228652E+2	-5.722217E-3	3.825886E-2
4.635938E+0	4.947947E-1	-1.240572E+2	4.972676E-1	-1.262431E+2	-5.697025E-3	3.795222E-2
4.637109E+0	4.939463E-1	-1.274410E+2	4.964299E-1	-1.296144E+2	-5.718692E-3	3.773416E-2
4.638281E+0	4.931335E-1	-1.308155E+2	4.956320E-1	-1.329754E+2	-5.747919E-3	3.749845E-2
4.639453E+0	4.923986E-1	-1.341812E+2	4.949199E-1	-1.363271E+2	-5.792070E-3	3.725351E-2
4.640625E+0	4.917244E-1	-1.375360E+2	4.942560E-1	-1.396715E+2	-5.812987E-3	3.707202E-2
4.641797E+0	4.911129E-1	-1.408831E+2	4.937019E-1	-1.430112E+2	-5.930136E-3	3.693908E-2
4.642969E+0	4.905989E-1	-1.442206E+2	4.932307E-1	-1.463438E+2	-6.018702E-3	3.685067E-2
4.644141E+0	4.902126E-1	-1.475521E+2	4.928175E-1	-1.496725E+2	-5.966827E-3	3.680394E-2
4.645313E+0	4.899104E-1	-1.508816E+2	4.925202E-1	-1.529982E+2	-5.977518E-3	3.673753E-2
4.646484E+0	4.897378E-1	-1.542099E+2	4.923148E-1	-1.563214E+2	-5.909883E-3	3.665143E-2
4.647656E+0	4.896795E-1	-1.575387E+2	4.922352E-1	-1.596456E+2	-5.864547E-3	3.657318E-2
4.648828E+0	4.897211E-1	-1.608717E+2	4.922042E-1	-1.629717E+2	-5.713075E-3	3.645885E-2
4.650000E+0	4.898695E-1	-1.642083E+2	4.922828E-1	-1.662992E+2	-5.564798E-3	3.630613E-2
4.651172E+0	4.900716E-1	-1.675480E+2	4.924368E-1	-1.696302E+2	-5.460152E-3	3.615874E-2
4.652344E+0	4.903822E-1	-1.708943E+2	4.927153E-1	-1.729654E+2	-5.385346E-3	3.596851E-2
4.653516E+0	4.907433E-1	-1.742437E+2	4.930419E-1	-1.763052E+2	-5.306270E-3	3.580449E-2
4.654688E+0	4.911748E-1	-1.776024E+2	4.934419E-1	-1.796537E+2	-5.232339E-3	3.562984E-2
4.655859E+0	4.916950E-1	1.790296E+2	4.939484E-1	1.769919E+2	-5.191483E-3	3.539487E-2
4.657031E+0	4.922532E-1	1.756540E+2	4.944614E-1	1.736285E+2	-5.087883E-3	3.518644E-2
4.658203E+0	4.928324E-1	1.722716E+2	4.950594E-1	1.702548E+2	-5.115113E-3	3.503422E-2
4.659375E+0	4.934857E-1	1.688790E+2	4.956915E-1	1.668702E+2	-5.061755E-3	3.489701E-2
4.660547E+0	4.941525E-1	1.654754E+2	4.963348E-1	1.634780E+2	-5.001749E-3	3.470090E-2
4.661719E+0	4.948440E-1	1.620640E+2	4.970361E-1	1.600735E+2	-5.011083E-3	3.458060E-2
4.662891E+0	4.955392E-1	1.586432E+2	4.977165E-1	1.566605E+2	-4.970641E-3	3.444639E-2
4.664062E+0	4.962406E-1	1.552067E+2	4.984112E-1	1.532345E+2	-4.944816E-3	3.426471E-2
4.665234E+0	4.969484E-1	1.517636E+2	4.990866E-1	1.497965E+2	-4.871000E-3	3.417857E-2
4.666406E+0	4.976079E-1	1.483093E+2	4.997795E-1	1.463490E+2	-4.927804E-3	3.405838E-2
4.667578E+0	4.982859E-1	1.448522E+2	5.004435E-1	1.429001E+2	-4.889220E-3	3.391712E-2
4.668750E+0	4.989326E-1	1.413838E+2	5.010629E-1	1.394394E+2	-4.824891E-3	3.378541E-2
4.669922E+0	4.995019E-1	1.379084E+2	5.016093E-1	1.359700E+2	-4.771103E-3	3.368290E-2
4.671094E+0	5.000387E-1	1.344223E+2	5.021401E-1	1.324918E+2	-4.750088E-3	3.354623E-2
4.672266E+0	5.005007E-1	1.309292E+2	5.025906E-1	1.290072E+2	-4.718504E-3	3.339947E-2
4.673438E+0	5.008643E-1	1.274286E+2	5.029453E-1	1.255133E+2	-4.693989E-3	3.328378E-2
4.674609E+0	5.011618E-1	1.239233E+2	5.032108E-1	1.220141E+2	-4.624713E-3	3.318000E-2
4.675781E+0	5.013613E-1	1.204130E+2	5.033768E-1	1.185110E+2	-4.552695E-3	3.305717E-2
4.676953E+0	5.014563E-1	1.168996E+2	5.034711E-1	1.150030E+2	-4.547445E-3	3.296343E-2
4.678125E+0	5.014864E-1	1.133829E+2	5.034465E-1	1.114921E+2	-4.435716E-3	3.286624E-2
4.679297E+0	5.013922E-1	1.098651E+2	5.033602E-1	1.079817E+2	-4.447833E-3	3.273712E-2
4.680469E+0	5.011980E-1	1.063465E+2	5.031405E-1	1.044707E+2	-4.394551E-3	3.260666E-2
4.681641E+0	5.009161E-1	1.028305E+2	5.028148E-1	1.009604E+2	-4.306749E-3	3.251038E-2
4.682813E+0	5.005230E-1	9.931341E+1	5.023816E-1	9.745206E+1	-4.225272E-3	3.236081E-2
4.683984E+0	5.000126E-1	9.580235E+1	5.018615E-1	9.394572E+1	-4.207124E-3	3.227928E-2
4.685156E+0	4.994291E-1	9.229487E+1	5.012526E-1	9.044704E+1	-4.156004E-3	3.212782E-2
4.686328E+0	4.987596E-1	8.879342E+1	5.005276E-1	8.695435E+1	-4.045544E-3	3.197896E-2
4.687500E+0	4.980073E-1	8.530110E+1	4.997391E-1	8.346829E+1	-3.975226E-3	3.187228E-2
4.688672E+0	4.971732E-1	8.181551E+1	4.988641E-1	7.998934E+1	-3.895670E-3	3.175927E-2
4.689844E+0	4.962599E-1	7.833880E+1	4.979061E-1	7.652077E+1	-3.807955E-3	3.162039E-2
4.691016E+0	4.952933E-1	7.487298E+1	4.969158E-1	7.306284E+1	-3.762526E-3	3.148451E-2
4.692188E+0	4.942682E-1	7.141721E+1	4.958534E-1	6.961492E+1	-3.690027E-3	3.135016E-2
4.693359E+0	4.931802E-1	6.797275E+1	4.947669E-1	6.617882E+1	-3.695510E-3	3.120448E-2
4.694531E+0	4.921108E-1	6.454063E+1	4.936436E-1	6.275529E+1	-3.589002E-3	3.105828E-2
4.695703E+0	4.909791E-1	6.112027E+1	4.924924E-1	5.934258E+1	-3.552544E-3	3.092624E-2
4.696875E+0	4.898549E-1	5.771087E+1	4.913327E-1	5.594431E+1	-3.481586E-3	3.073468E-2
4.698047E+0	4.887162E-1	5.431647E+1	4.901919E-1	5.255798E+1	-3.479981E-3	3.059424E-2
4.699219E+0	4.876094E-1	5.093396E+1	4.890335E-1	4.918512E+1	-3.376505E-3	3.042941E-2
4.700391E+0	4.865251E-1	4.756374E+1	4.879225E-1	4.582161E+1	-3.324880E-3	3.031415E-2
4.701563E+0	4.854449E-1	4.420402E+1	4.868424E-1	4.247262E+1	-3.325776E-3	3.012730E-2
4.702734E+0	4.844406E-1	4.085892E+1	4.858061E-1	3.913721E+1	-3.260976E-3	2.996054E-2
4.703906E+0	4.834594E-1	3.752584E+1	4.848209E-1	3.581271E+1	-3.253963E-3	2.981135E-2
4.705078E+0	4.825681E-1	3.420395E+1	4.839114E-1	3.249776E+1	-3.218041E-3	2.969158E-2
4.706250E+0	4.817056E-1	3.088972E+1	4.830523E-1	2.919381E+1	-3.224700E-3	2.951238E-2
4.707422E+0	4.809517E-1	2.758788E+1	4.823130E-1	2.590262E+1	-3.253761E-3	2.932609E-2
4.708594E+0	4.802910E-1	2.429592E+1	4.816418E-1	2.261786E+1	-3.232224E-3	2.920136E-2
4.709766E+0	4.797234E-1	2.100730E+1	4.810718E-1	1.933836E+1	-3.225924E-3	2.904275E-2
4.710937E+0	4.792622E-1	1.772777E+1	4.805810E-1	1.606761E+1	-3.162780E-3	2.889170E-2
4.712109E+0	4.788788E-1	1.445331E+1	4.802324E-1	1.279901E+1	-3.234256E-3	2.878760E-2
4.713281E+0	4.786390E-1	1.118270E+1	4.799874E-1	9.537406E+0	-3.220352E-3	2.863119E-2
4.714453E+0	4.784951E-1	7.914157E+0	4.798526E-1	6.277585E+0	-3.235751E-3	2.847889E-2
4.715625E+0	4.784649E-1	4.647463E+0	4.798322E-1	3.016833E+0	-3.253338E-3	2.837493E-2
4.716797E+0	4.785470E-1	1.379117E+0	4.799480E-1	-2.449220E-1	-3.319581E-3	2.825830E-2
4.717969E+0	4.787422E-1	-1.890986E+0	4.801676E-1	-3.505338E+0	-3.364279E-3	2.808840E-2
4.719141E+0	4.790733E-1	-5.164765E+0	4.804889E-1	-6.774737E+0	-3.339763E-3	2.801284E-2
4.720313E+0	4.795169E-1	-8.442687E+0	4.809145E-1	-1.004724E+1	-3.297097E-3	2.791970E-2
4.721484E+0	4.800095E-1	-1.173108E+1	4.814720E-1	-1.332925E+1	-3.425372E-3	2.780499E-2
4.722656E+0	4.806523E-1	-1.502814E+1	4.821155E-1	-1.662018E+1	-3.419801E-3	2.769844E-2
4.723828E+0	4.813648E-1	-1.833492E+1	4.828631E-1	-1.992231E+1	-3.485523E-3	2.761568E-2
4.725000E+0	4.821857E-1	-2.165484E+1	4.836969E-1	-2.323487E+1	-3.503297E-3	2.748708E-2
4.726172E+0	4.830732E-1	-2.498292E+1	4.845904E-1	-2.656126E+1	-3.509105E-3	2.745751E-2
4.727344E+0	4.840469E-1	-2.832363E+1	4.855762E-1	-2.990034E+1	-3.526880E-3	2.742865E-2
4.728516E+0	4.850866E-1	-3.168044E+1	4.866134E-1	-3.325099E+1	-3.512090E-3	2.732184E-2
4.729688E+0	4.861352E-1	-3.505223E+1	4.877025E-1	-3.661718E+1	-3.585432E-3	2.722237E-2
4.730859E+0	4.872278E-1	-3.843375E+1	4.887987E-1	-3.999906E+1	-3.585761E-3	2.722863E-2
4.732031E+0	4.883639E-1	-4.183144E+1	4.899512E-1	-4.338969E+1	-3.608317E-3	2.710514E-2
4.733203E+0	4.894959E-1	-4.524055E+1	4.910705E-1	-4.679772E+1	-3.574572E-3	2.708726E-2
4.734375E+0	4.906256E-1	-4.866237E+1	4.922415E-1	-5.021698E+1	-3.649609E-3	2.704067E-2
4.735547E+0	4.917207E-1	-5.209565E+1	4.933282E-1	-5.364953E+1	-3.625015E-3	2.702864E-2
4.736719E+0	4.928026E-1	-5.554158E+1	4.944306E-1	-5.709115E+1	-3.657169E-3	2.695276E-2
4.737891E+0	4.938500E-1	-5.899791E+1	4.954663E-1	-6.054334E+1	-3.624738E-3	2.688159E-2
4.739063E+0	4.948137E-1	-6.246394E+1	4.964319E-1	-6.400824E+1	-3.621691E-3	2.686201E-2
4.740234E+0	4.957397E-1	-6.593877E+1	4.973578E-1	-6.748135E+1	-3.614618E-3	2.683227E-2
4.741406E+0	4.965782E-1	-6.942593E+1	4.981835E-1	-7.096585E+1	-3.582299E-3	2.678684E-2
4.742578E+0	4.973432E-1	-7.292149E+1	4.989099E-1	-7.445731E+1	-3.498354E-3	2.671774E-2
4.743750E+0	4.980063E-1	-7.642365E+1	4.995744E-1	-7.795929E+1	-3.496896E-3	2.671465E-2
4.744922E+0	4.985647E-1	-7.993337E+1	5.001136E-1	-8.146675E+1	-3.454082E-3	2.667646E-2
4.746094E+0	4.990321E-1	-8.344987E+1	5.005615E-1	-8.498035E+1	-3.411021E-3	2.662713E-2
4.747266E+0	4.993711E-1	-8.697164E+1	5.008960E-1	-8.849712E+1	-3.397681E-3	2.654046E-2
4.748438E+0	4.996291E-1	-9.049248E+1	5.011275E-1	-9.201417E+1	-3.341659E-3	2.647598E-2
4.749609E+0	4.997709E-1	-9.401685E+1	5.012449E-1	-9.553635E+1	-3.291286E-3	2.643919E-2
4.750781E+0	4.997843E-1	-9.754216E+1	5.012319E-1	-9.905431E+1	-3.235327E-3	2.631272E-2
4.751953E+0	4.997107E-1	-1.010611E+2	5.011470E-1	-1.025743E+2	-3.213758E-3	2.633157E-2
4.753125E+0	4.995483E-1	-1.045800E+2	5.009483E-1	-1.060899E+2	-3.140942E-3	2.627604E-2
4.754297E+0	4.992853E-1	-1.080950E+2	5.006520E-1	-1.095976E+2	-3.072766E-3	2.615073E-2
4.755469E+0	4.989269E-1	-1.116025E+2	5.002837E-1	-1.131031E+2	-3.054080E-3	2.611639E-2
4.756641E+0	4.985191E-1	-1.151053E+2	4.998253E-1	-1.166014E+2	-2.953318E-3	2.604067E-2
4.757812E+0	4.980153E-1	-1.186039E+2	4.993082E-1	-1.200942E+2	-2.926764E-3	2.594037E-2
4.758984E+0	4.974662E-1	-1.220901E+2	4.987328E-1	-1.235780E+2	-2.875949E-3	2.589989E-2
4.760156E+0	4.968496E-1	-1.255721E+2	4.981084E-1	-1.270532E+2	-2.860411E-3	2.578187E-2
4.761328E+0	4.962026E-1	-1.290423E+2	4.974460E-1	-1.305213E+2	-2.831883E-3	2.574604E-2
4.762500E+0	4.955352E-1	-1.325058E+2	4.967414E-1	-1.339787E+2	-2.757828E-3	2.564171E-2
4.763672E+0	4.947985E-1	-1.359606E+2	4.960152E-1	-1.374271E+2	-2.779686E-3	2.552968E-2
4.764844E+0	4.940973E-1	-1.394059E+2	4.952829E-1	-1.408667E+2	-2.718005E-3	2.543198E-2
4.766016E+0	4.933541E-1	-1.428426E+2	4.945343E-1	-1.443004E+2	-2.709381E-3	2.537995E-2
4.767188E+0	4.926508E-1	-1.462715E+2	4.937955E-1	-1.477238E+2	-2.638650E-3	2.528595E-2
4.768359E+0	4.919524E-1	-1.496903E+2	4.930624E-1	-1.511371E+2	-2.569319E-3	2.519190E-2
4.769531E+0	4.912396E-1	-1.531013E+2	4.923759E-1	-1.545423E+2	-2.623309E-3	2.508951E-2
4.770703E+0	4.905644E-1	-1.565051E+2	4.916811E-1	-1.579396E+2	-2.583879E-3	2.497728E-2
4.771875E+0	4.899297E-1	-1.599026E+2	4.910225E-1	-1.613329E+2	-2.536437E-3	2.490530E-2
4.773047E+0	4.893403E-1	-1.632925E+2	4.904384E-1	-1.647172E+2	-2.547461E-3	2.480747E-2
4.774219E+0	4.887959E-1	-1.666753E+2	4.898618E-1	-1.680964E+2	-2.482826E-3	2.474637E-2
4.775391E+0	4.882929E-1	-1.700561E+2	4.893382E-1	-1.714710E+2	-2.440397E-3	2.463941E-2
4.776563E+0	4.878224E-1	-1.734328E+2	4.889003E-1	-1.748406E+2	-2.505924E-3	2.451411E-2
4.777734E+0	4.874416E-1	-1.768041E+2	4.884904E-1	-1.782084E+2	-2.446725E-3	2.445459E-2
4.778906E+0	4.870791E-1	1.798252E+2	4.881347E-1	1.784271E+2	-2.459575E-3	2.434626E-2
4.780078E+0	4.868050E-1	1.764599E+2	4.878428E-1	1.750662E+2	-2.422525E-3	2.427051E-2
4.781250E+0	4.865707E-1	1.730927E+2	4.876012E-1	1.717035E+2	-2.406709E-3	2.419250E-2
4.782422E+0	4.863999E-1	1.697269E+2	4.874434E-1	1.683423E+2	-2.432116E-3	2.411175E-2
4.783594E+0	4.862792E-1	1.663601E+2	4.873206E-1	1.649800E+2	-2.426456E-3	2.403349E-2
4.784766E+0	4.862118E-1	1.629896E+2	4.872563E-1	1.616155E+2	-2.430587E-3	2.392887E-2
4.785938E+0	4.862003E-1	1.596194E+2	4.872519E-1	1.582477E+2	-2.444173E-3	2.388673E-2
4.787109E+0	4.862405E-1	1.562469E+2	4.872930E-1	1.548785E+2	-2.444463E-3	2.382924E-2
4.788281E+0	4.863425E-1	1.528676E+2	4.873962E-1	1.515042E+2	-2.444391E-3	2.374213E-2
4.789453E+0	4.864840E-1	1.494831E+2	4.875400E-1	1.481260E+2	-2.445866E-3	2.363235E-2
4.790625E+0	4.866379E-1	1.460966E+2	4.877004E-1	1.447428E+2	-2.457118E-3	2.357460E-2
4.791797E+0	4.868538E-1	1.427027E+2	4.879145E-1	1.413508E+2	-2.451693E-3	2.354163E-2
4.792969E+0	4.870826E-1	1.392993E+2	4.881558E-1	1.379530E+2	-2.473922E-3	2.344355E-2
4.794141E+0	4.873348E-1	1.358893E+2	4.884051E-1	1.345462E+2	-2.465556E-3	2.338800E-2
4.795313E+0	4.875780E-1	1.324711E+2	4.886456E-1	1.311317E+2	-2.457446E-3	2.332374E-2
4.796484E+0	4.878506E-1	1.290454E+2	4.889072E-1	1.277086E+2	-2.432727E-3	2.327903E-2
4.797656E+0	4.880904E-1	1.256093E+2	4.891632E-1	1.242747E+2	-2.463812E-3	2.323998E-2
4.798828E+0	4.883101E-1	1.221661E+2	4.893980E-1	1.208345E+2	-2.492390E-3	2.318705E-2
4.800000E+0	4.885248E-1	1.187131E+2	4.896026E-1	1.173850E+2	-2.469423E-3	2.312662E-2
