4.601172E+0	4.906594E-1	-2.236387E+1	5.040992E-1	-2.042192E+1	-2.722004E-2	-3.298347E-2
4.602344E+0	4.916977E-1	-2.585516E+1	5.051317E-1	-2.388892E+1	-2.716817E-2	-3.339813E-2
4.603516E+0	4.925932E-1	-2.936152E+1	5.061020E-1	-2.736825E+1	-2.728078E-2	-3.385371E-2
4.604688E+0	4.933729E-1	-3.287571E+1	5.070130E-1	-3.085636E+1	-2.750717E-2	-3.428903E-2
4.605859E+0	4.940504E-1	-3.639497E+1	5.078417E-1	-3.435603E+1	-2.777262E-2	-3.461251E-2
4.607031E+0	4.946929E-1	-3.991843E+1	5.086076E-1	-3.786301E+1	-2.798421E-2	-3.488491E-2
4.608203E+0	4.952408E-1	-4.345642E+1	5.092650E-1	-4.138077E+1	-2.817617E-2	-3.522160E-2
4.609375E+0	4.956236E-1	-4.700254E+1	5.098320E-1	-4.490431E+1	-2.852058E-2	-3.559248E-2
4.610547E+0	4.958872E-1	-5.055087E+1	5.102854E-1	-4.843441E+1	-2.887890E-2	-3.588876E-2
4.611719E+0	4.960040E-1	-5.410233E+1	5.106488E-1	-5.196905E+1	-2.935199E-2	-3.615661E-2
4.612891E+0	4.959729E-1	-5.764922E+1	5.108672E-1	-5.550494E+1	-2.983474E-2	-3.632515E-2
4.614063E+0	4.958693E-1	-6.118611E+1	5.109692E-1	-5.904445E+1	-3.022936E-2	-3.626597E-2
4.615234E+0	4.957142E-1	-6.471983E+1	5.109761E-1	-6.258231E+1	-3.054316E-2	-3.618408E-2
4.616406E+0	4.955574E-1	-6.825814E+1	5.108660E-1	-6.612173E+1	-3.064024E-2	-3.616165E-2
4.617578E+0	4.952835E-1	-7.180379E+1	5.106385E-1	-6.965773E+1	-3.075049E-2	-3.632102E-2
4.618750E+0	4.948411E-1	-7.535168E+1	5.103034E-1	-7.319109E+1	-3.098958E-2	-3.655814E-2
4.619922E+0	4.942682E-1	-7.889285E+1	5.098479E-1	-7.672076E+1	-3.125409E-2	-3.674288E-2
4.621094E+0	4.935238E-1	-8.242293E+1	5.093339E-1	-8.024052E+1	-3.174357E-2	-3.689897E-2
4.622266E+0	4.927361E-1	-8.594032E+1	5.086941E-1	-8.375494E+1	-3.207503E-2	-3.693658E-2
4.623438E+0	4.918555E-1	-8.945245E+1	5.079908E-1	-8.726140E+1	-3.247085E-2	-3.701736E-2
4.624609E+0	4.908756E-1	-9.295341E+1	5.071873E-1	-9.075855E+1	-3.287115E-2	-3.706645E-2
4.625781E+0	4.898379E-1	-9.643476E+1	5.063403E-1	-9.424612E+1	-3.329724E-2	-3.694503E-2
4.626953E+0	4.887954E-1	-9.990398E+1	5.054259E-1	-9.772009E+1	-3.360636E-2	-3.685298E-2
4.628125E+0	4.877271E-1	-1.033658E+2	5.044659E-1	-1.011852E+2	-3.388135E-2	-3.678693E-2
4.629297E+0	4.866267E-1	-1.068092E+2	5.034884E-1	-1.046404E+2	-3.418209E-2	-3.657629E-2
4.630469E+0	4.855966E-1	-1.102390E+2	5.024894E-1	-1.080792E+2	-3.430474E-2	-3.641973E-2
4.631641E+0	4.845896E-1	-1.136679E+2	5.014846E-1	-1.115105E+2	-3.437491E-2	-3.637658E-2
4.632812E+0	4.835254E-1	-1.170854E+2	5.004894E-1	-1.149270E+2	-3.458025E-2	-3.638572E-2
4.633984E+0	4.824600E-1	-1.204883E+2	4.994960E-1	-1.183321E+2	-3.479026E-2	-3.634069E-2
4.635156E+0	4.814471E-1	-1.238764E+2	4.985671E-1	-1.217275E+2	-3.501750E-2	-3.620901E-2
4.636328E+0	4.805031E-1	-1.272506E+2	4.976418E-1	-1.251092E+2	-3.511413E-2	-3.607891E-2
4.637500E+0	4.796637E-1	-1.306120E+2	4.967798E-1	-1.284847E+2	-3.511953E-2	-3.584093E-2
4.638672E+0	4.788972E-1	-1.339732E+2	4.959479E-1	-1.318468E+2	-3.504495E-2	-3.582852E-2
4.639844E+0	4.782116E-1	-1.373252E+2	4.952223E-1	-1.352019E+2	-3.501263E-2	-3.577744E-2
4.641016E+0	4.776167E-1	-1.406799E+2	4.945490E-1	-1.385498E+2	-3.490520E-2	-3.589612E-2
4.642188E+0	4.770342E-1	-1.440279E+2	4.939478E-1	-1.418890E+2	-3.491453E-2	-3.604420E-2
4.643359E+0	4.765136E-1	-1.473708E+2	4.934345E-1	-1.452243E+2	-3.496970E-2	-3.617033E-2
4.644531E+0	4.761144E-1	-1.507046E+2	4.930339E-1	-1.485544E+2	-3.499705E-2	-3.623171E-2
4.645703E+0	4.757946E-1	-1.540409E+2	4.926637E-1	-1.518825E+2	-3.492578E-2	-3.637270E-2
4.646875E+0	4.755405E-1	-1.573745E+2	4.924462E-1	-1.552056E+2	-3.502184E-2	-3.654617E-2
4.648047E+0	4.754100E-1	-1.607002E+2	4.923021E-1	-1.585302E+2	-3.500498E-2	-3.656536E-2
4.649219E+0	4.754664E-1	-1.640336E+2	4.922769E-1	-1.618553E+2	-3.484640E-2	-3.671139E-2
4.650391E+0	4.755741E-1	-1.673829E+2	4.923079E-1	-1.651813E+2	-3.470358E-2	-3.710994E-2
4.651563E+0	4.756755E-1	-1.707377E+2	4.924681E-1	-1.685105E+2	-3.482852E-2	-3.753703E-2
4.652734E+0	4.758105E-1	-1.740874E+2	4.926853E-1	-1.718453E+2	-3.499001E-2	-3.778208E-2
4.653906E+0	4.760734E-1	-1.774416E+2	4.929958E-1	-1.751843E+2	-3.507499E-2	-3.803514E-2
4.655078E+0	4.764133E-1	1.791969E+2	4.933876E-1	-1.785284E+2	-3.516445E-2	-3.832508E-2
4.656250E+0	4.767980E-1	1.758300E+2	4.938309E-1	1.781187E+2	-3.526156E-2	-3.855733E-2
4.657422E+0	4.773254E-1	1.724577E+2	4.943561E-1	1.747559E+2	-3.522690E-2	-3.871893E-2
4.658594E+0	4.779956E-1	1.690695E+2	4.949264E-1	1.713863E+2	-3.499818E-2	-3.904189E-2
4.659766E+0	4.786793E-1	1.656535E+2	4.955282E-1	1.680067E+2	-3.481652E-2	-3.966344E-2
4.660938E+0	4.792645E-1	1.622229E+2	4.961817E-1	1.646179E+2	-3.493851E-2	-4.036370E-2
4.662109E+0	4.798413E-1	1.587890E+2	4.968499E-1	1.612187E+2	-3.510111E-2	-4.094230E-2
4.663281E+0	4.804609E-1	1.553417E+2	4.975359E-1	1.578081E+2	-3.521371E-2	-4.155663E-2
4.664453E+0	4.811135E-1	1.518810E+2	4.982473E-1	1.543853E+2	-3.531036E-2	-4.219180E-2
4.665625E+0	4.817170E-1	1.483974E+2	4.989372E-1	1.509510E+2	-3.547251E-2	-4.301625E-2
4.666797E+0	4.821789E-1	1.448963E+2	4.996106E-1	1.475079E+2	-3.589297E-2	-4.397544E-2
4.667969E+0	4.825048E-1	1.413961E+2	5.003009E-1	1.440593E+2	-3.661245E-2	-4.481208E-2
4.669141E+0	4.827467E-1	1.379024E+2	5.009210E-1	1.406032E+2	-3.735225E-2	-4.541079E-2
4.670313E+0	4.830255E-1	1.344140E+2	5.015151E-1	1.371360E+2	-3.795417E-2	-4.573916E-2
4.671484E+0	4.833155E-1	1.309124E+2	5.020346E-1	1.336611E+2	-3.839410E-2	-4.616738E-2
4.672656E+0	4.836034E-1	1.273960E+2	5.025077E-1	1.301757E+2	-3.875227E-2	-4.667148E-2
4.673828E+0	4.838313E-1	1.238572E+2	5.028967E-1	1.266858E+2	-3.908335E-2	-4.747748E-2
4.675000E+0	4.838368E-1	1.203046E+2	5.031931E-1	1.231891E+2	-3.968520E-2	-4.838700E-2
4.676172E+0	4.836726E-1	1.167558E+2	5.034088E-1	1.196873E+2	-4.046242E-2	-4.913698E-2
4.677344E+0	4.834346E-1	1.132051E+2	5.035268E-1	1.161815E+2	-4.119810E-2	-4.985267E-2
4.678516E+0	4.831393E-1	1.096505E+2	5.035437E-1	1.126690E+2	-4.185280E-2	-5.052459E-2
4.679687E+0	4.827316E-1	1.060807E+2	5.034544E-1	1.091601E+2	-4.254574E-2	-5.150863E-2
4.680859E+0	4.821075E-1	1.024968E+2	5.032763E-1	1.056489E+2	-4.351127E-2	-5.267392E-2
4.682031E+0	4.812067E-1	9.891723E+1	5.030010E-1	1.021378E+2	-4.483945E-2	-5.374576E-2
4.683203E+0	4.800965E-1	9.534800E+1	5.025985E-1	9.862766E+1	-4.633581E-2	-5.464826E-2
4.684375E+0	4.788297E-1	9.178661E+1	5.021279E-1	9.512338E+1	-4.801560E-2	-5.550407E-2
4.685547E+0	4.773387E-1	8.823762E+1	5.015386E-1	9.162282E+1	-4.991201E-2	-5.619935E-2
4.686719E+0	4.757379E-1	8.470081E+1	5.008545E-1	8.812554E+1	-5.184380E-2	-5.674156E-2
4.687891E+0	4.739269E-1	8.117902E+1	5.000821E-1	8.463710E+1	-5.402738E-2	-5.716349E-2
4.689063E+0	4.718897E-1	7.768074E+1	4.992277E-1	8.115539E+1	-5.649821E-2	-5.728805E-2
4.690234E+0	4.696961E-1	7.422172E+1	4.983013E-1	7.768369E+1	-5.912557E-2	-5.691953E-2
4.691406E+0	4.674995E-1	7.080522E+1	4.973238E-1	7.422211E+1	-6.164067E-2	-5.602641E-2
4.692578E+0	4.653167E-1	6.742865E+1	4.962735E-1	7.077213E+1	-6.397448E-2	-5.468361E-2
4.693750E+0	4.634382E-1	6.409122E+1	4.952012E-1	6.733130E+1	-6.563760E-2	-5.289465E-2
4.694922E+0	4.618003E-1	6.075520E+1	4.940840E-1	6.390324E+1	-6.675093E-2	-5.132778E-2
4.696094E+0	4.602005E-1	5.741713E+1	4.929295E-1	6.048771E+1	-6.773729E-2	-5.000946E-2
4.697266E+0	4.586338E-1	5.408889E+1	4.917766E-1	5.708429E+1	-6.866820E-2	-4.873405E-2
4.698438E+0	4.571059E-1	5.076791E+1	4.906145E-1	5.369217E+1	-6.951246E-2	-4.753147E-2
4.699609E+0	4.555461E-1	4.745459E+1	4.894968E-1	5.031573E+1	-7.051847E-2	-4.645350E-2
4.700781E+0	4.539374E-1	4.417403E+1	4.883605E-1	4.694901E+1	-7.157704E-2	-4.500107E-2
4.701953E+0	4.526573E-1	4.091674E+1	4.872765E-1	4.359700E+1	-7.206255E-2	-4.344001E-2
4.703125E+0	4.514252E-1	3.764859E+1	4.862272E-1	4.025725E+1	-7.253772E-2	-4.225629E-2
4.704297E+0	4.501381E-1	3.440291E+1	4.852204E-1	3.692766E+1	-7.320231E-2	-4.086598E-2
4.705469E+0	4.490578E-1	3.119169E+1	4.842738E-1	3.360988E+1	-7.354495E-2	-3.912462E-2
4.706641E+0	4.482206E-1	2.798594E+1	4.834024E-1	3.030316E+1	-7.353773E-2	-3.748947E-2
4.707813E+0	4.476175E-1	2.479672E+1	4.826148E-1	2.700672E+1	-7.320587E-2	-3.576583E-2
4.708984E+0	4.474750E-1	2.159726E+1	4.819015E-1	2.371965E+1	-7.207587E-2	-3.438854E-2
4.710156E+0	4.474138E-1	1.834776E+1	4.813047E-1	2.043939E+1	-7.103399E-2	-3.392775E-2
4.711328E+0	4.471377E-1	1.508702E+1	4.808132E-1	1.716490E+1	-7.065012E-2	-3.371844E-2
4.712500E+0	4.469158E-1	1.184888E+1	4.804093E-1	1.389564E+1	-7.031218E-2	-3.322509E-2
4.713672E+0	4.468397E-1	8.610511E+0	4.801247E-1	1.063468E+1	-6.990647E-2	-3.287241E-2
4.714844E+0	4.468788E-1	5.365851E+0	4.799443E-1	7.372871E+0	-6.946565E-2	-3.260913E-2
4.716016E+0	4.470460E-1	2.114766E+0	4.799069E-1	4.111135E+0	-6.903889E-2	-3.245081E-2
4.717188E+0	4.473258E-1	-1.151113E+0	4.799611E-1	8.509806E-1	-6.856466E-2	-3.256052E-2
4.718359E+0	4.476172E-1	-4.430582E+0	4.801615E-1	-2.411156E+0	-6.835679E-2	-3.284996E-2
4.719531E+0	4.478669E-1	-7.722583E+0	4.804448E-1	-5.675272E+0	-6.840284E-2	-3.330230E-2
4.720703E+0	4.481546E-1	-1.100836E+1	4.808510E-1	-8.948501E+0	-6.859919E-2	-3.349952E-2
4.721875E+0	4.485074E-1	-1.430215E+1	4.813399E-1	-1.222572E+1	-6.882246E-2	-3.376116E-2
4.723047E+0	4.488721E-1	-1.759243E+1	4.819585E-1	-1.551412E+1	-6.926254E-2	-3.377578E-2
4.724219E+0	4.494365E-1	-2.087885E+1	4.826735E-1	-1.881158E+1	-6.946623E-2	-3.358886E-2
4.725391E+0	4.502243E-1	-2.418332E+1	4.834687E-1	-2.212093E+1	-6.936548E-2	-3.351313E-2
4.726562E+0	4.511318E-1	-2.751992E+1	4.843580E-1	-2.544285E+1	-6.921038E-2	-3.375750E-2
4.727734E+0	4.520540E-1	-3.089534E+1	4.853196E-1	-2.877793E+1	-6.917968E-2	-3.441486E-2
4.728906E+0	4.528295E-1	-3.429996E+1	4.863256E-1	-3.212488E+1	-6.954673E-2	-3.533913E-2
4.730078E+0	4.534041E-1	-3.771143E+1	4.873998E-1	-3.548780E+1	-7.044958E-2	-3.609366E-2
4.731250E+0	4.538682E-1	-4.112483E+1	4.885100E-1	-3.886098E+1	-7.163832E-2	-3.670019E-2
4.732422E+0	4.541890E-1	-4.451870E+1	4.896488E-1	-4.224988E+1	-7.314599E-2	-3.672111E-2
4.733594E+0	4.547366E-1	-4.789508E+1	4.907716E-1	-4.565228E+1	-7.413499E-2	-3.626081E-2
4.734766E+0	4.554601E-1	-5.128917E+1	4.919143E-1	-4.906766E+1	-7.480268E-2	-3.589035E-2
4.735938E+0	4.561978E-1	-5.470712E+1	4.930411E-1	-5.249584E+1	-7.541564E-2	-3.570124E-2
4.737109E+0	4.568707E-1	-5.813526E+1	4.941259E-1	-5.593524E+1	-7.607769E-2	-3.549384E-2
4.738281E+0	4.575410E-1	-6.156610E+1	4.951887E-1	-5.938506E+1	-7.669634E-2	-3.516377E-2
4.739453E+0	4.583047E-1	-6.501945E+1	4.961702E-1	-6.284622E+1	-7.697991E-2	-3.502697E-2
4.740625E+0	4.589213E-1	-6.850385E+1	4.971088E-1	-6.631538E+1	-7.749255E-2	-3.525325E-2
4.741797E+0	4.592744E-1	-7.199449E+1	4.979751E-1	-6.979610E+1	-7.839494E-2	-3.537856E-2
4.742969E+0	4.595568E-1	-7.547613E+1	4.987570E-1	-7.328455E+1	-7.926975E-2	-3.523538E-2
4.744141E+0	4.598387E-1	-7.896643E+1	4.994246E-1	-7.678351E+1	-7.993118E-2	-3.507080E-2
4.745313E+0	4.600172E-1	-8.247991E+1	5.000292E-1	-8.028894E+1	-8.069188E-2	-3.517116E-2
4.746484E+0	4.599115E-1	-8.599624E+1	5.005038E-1	-8.380091E+1	-8.177731E-2	-3.519961E-2
4.747656E+0	4.597417E-1	-8.949270E+1	5.008848E-1	-8.731593E+1	-8.280317E-2	-3.486274E-2
4.748828E+0	4.595870E-1	-9.299637E+1	5.011352E-1	-9.083393E+1	-8.356126E-2	-3.460439E-2
4.750000E+0	4.593528E-1	-9.652323E+1	5.012822E-1	-9.435618E+1	-8.429965E-2	-3.465029E-2
4.751172E+0	4.587620E-1	-1.000565E+2	5.013362E-1	-9.787550E+1	-8.558435E-2	-3.482463E-2
4.752344E+0	4.579444E-1	-1.035561E+2	5.012600E-1	-1.013942E+2	-8.706371E-2	-3.446352E-2
4.753516E+0	4.571194E-1	-1.070303E+2	5.011016E-1	-1.049107E+2	-8.839517E-2	-3.373930E-2
4.754688E+0	4.563982E-1	-1.104844E+2	5.008481E-1	-1.084221E+2	-8.933949E-2	-3.279241E-2
4.755859E+0	4.558041E-1	-1.139521E+2	5.004854E-1	-1.119281E+2	-8.984411E-2	-3.216506E-2
4.757031E+0	4.550093E-1	-1.174382E+2	5.000665E-1	-1.154290E+2	-9.066181E-2	-3.190098E-2
4.758203E+0	4.539355E-1	-1.209111E+2	4.995656E-1	-1.189229E+2	-9.188658E-2	-3.152477E-2
4.759375E+0	4.527286E-1	-1.243422E+2	4.990248E-1	-1.224093E+2	-9.328955E-2	-3.059991E-2
4.760547E+0	4.517524E-1	-1.277265E+2	4.984072E-1	-1.258878E+2	-9.407448E-2	-2.908237E-2
4.761719E+0	4.511824E-1	-1.311236E+2	4.977429E-1	-1.293570E+2	-9.397411E-2	-2.794434E-2
4.762891E+0	4.506170E-1	-1.345661E+2	4.970627E-1	-1.328186E+2	-9.386195E-2	-2.764545E-2
4.764063E+0	4.497556E-1	-1.380224E+2	4.963199E-1	-1.362704E+2	-9.424275E-2	-2.770503E-2
4.765234E+0	4.486678E-1	-1.414558E+2	4.955995E-1	-1.397164E+2	-9.511397E-2	-2.747921E-2
4.766406E+0	4.475736E-1	-1.448625E+2	4.948468E-1	-1.431504E+2	-9.593476E-2	-2.702312E-2
4.767578E+0	4.464986E-1	-1.482523E+2	4.941185E-1	-1.465745E+2	-9.676084E-2	-2.645724E-2
4.768750E+0	4.455269E-1	-1.516159E+2	4.933849E-1	-1.499914E+2	-9.736225E-2	-2.559923E-2
4.769922E+0	4.448796E-1	-1.549712E+2	4.926482E-1	-1.533996E+2	-9.730260E-2	-2.476684E-2
4.771094E+0	4.444501E-1	-1.583760E+2	4.919633E-1	-1.568021E+2	-9.691958E-2	-2.481362E-2
4.772266E+0	4.436328E-1	-1.618174E+2	4.913099E-1	-1.601947E+2	-9.740290E-2	-2.556970E-2
4.773437E+0	4.424470E-1	-1.652137E+2	4.906785E-1	-1.635812E+2	-9.866151E-2	-2.568834E-2
4.774609E+0	4.415977E-1	-1.685664E+2	4.901113E-1	-1.669620E+2	-9.933809E-2	-2.522699E-2
4.775781E+0	4.409862E-1	-1.719543E+2	4.895844E-1	-1.703392E+2	-9.962204E-2	-2.538731E-2
4.776953E+0	4.401208E-1	-1.753630E+2	4.891002E-1	-1.737109E+2	-1.005159E-1	-2.594344E-2
4.778125E+0	4.391754E-1	-1.787386E+2	4.886823E-1	-1.770775E+2	-1.016846E-1	-2.605096E-2
4.779297E+0	4.384370E-1	1.778938E+2	4.883069E-1	1.795565E+2	-1.025062E-1	-2.605221E-2
4.780469E+0	4.377387E-1	1.745138E+2	4.880011E-1	1.761930E+2	-1.033817E-1	-2.628523E-2
4.781641E+0	4.370577E-1	1.711254E+2	4.877438E-1	1.728309E+2	-1.043165E-1	-2.666932E-2
4.782813E+0	4.363230E-1	1.677255E+2	4.875552E-1	1.694710E+2	-1.054950E-1	-2.725928E-2
4.783984E+0	4.356383E-1	1.643320E+2	4.874132E-1	1.661080E+2	-1.066532E-1	-2.769999E-2
4.785156E+0	4.350691E-1	1.609103E+2	4.873276E-1	1.627445E+2	-1.076923E-1	-2.857506E-2
4.786328E+0	4.342616E-1	1.574590E+2	4.873166E-1	1.593793E+2	-1.093722E-1	-2.986107E-2
4.787500E+0	4.332736E-1	1.540069E+2	4.873364E-1	1.560109E+2	-1.114790E-1	-3.108994E-2
4.788672E+0	4.321113E-1	1.505406E+2	4.874218E-1	1.526387E+2	-1.140700E-1	-3.245616E-2
4.789844E+0	4.306226E-1	1.470855E+2	4.875460E-1	1.492627E+2	-1.173925E-1	-3.355463E-2
4.791016E+0	4.290267E-1	1.436615E+2	4.876958E-1	1.458786E+2	-1.209571E-1	-3.403216E-2
4.792188E+0	4.275540E-1	1.402612E+2	4.878991E-1	1.424899E+2	-1.243464E-1	-3.407850E-2
4.793359E+0	4.261637E-1	1.368293E+2	4.881079E-1	1.390938E+2	-1.275886E-1	-3.449826E-2
4.794531E+0	4.243869E-1	1.333791E+2	4.883557E-1	1.356903E+2	-1.316950E-1	-3.504474E-2
4.795703E+0	4.223977E-1	1.299717E+2	4.886238E-1	1.322786E+2	-1.362366E-1	-3.479651E-2
4.796875E+0	4.206397E-1	1.265721E+2	4.888978E-1	1.288573E+2	-1.403005E-1	-3.430667E-2
4.798047E+0	4.188292E-1	1.231146E+2	4.891309E-1	1.254287E+2	-1.444261E-1	-3.457429E-2
4.799219E+0	4.164700E-1	1.196226E+2	4.893811E-1	1.219915E+2	-1.497136E-1	-3.517523E-2
4.800391E+0	4.135650E-1	1.161264E+2	4.896016E-1	1.185441E+2	-1.560549E-1	-3.563295E-2
4.801563E+0	4.099251E-1	1.126299E+2	4.897687E-1	1.150879E+2	-1.637932E-1	-3.589546E-2
4.802734E+0	4.054328E-1	1.091874E+2	4.899116E-1	1.116269E+2	-1.731868E-1	-3.522477E-2
4.803906E+0	4.001188E-1	1.058345E+2	4.900082E-1	1.081595E+2	-1.841169E-1	-3.312583E-2
4.805078E+0	3.940412E-1	1.026249E+2	4.900457E-1	1.046842E+2	-1.964286E-1	-2.889406E-2
4.806250E+0	3.872811E-1	9.962989E+1	4.900272E-1	1.012058E+2	-2.099732E-1	-2.173502E-2
4.807422E+0	3.803818E-1	9.700321E+1	4.899480E-1	9.772225E+1	-2.236894E-1	-9.742912E-3
4.808594E+0	3.751442E-1	9.476318E+1	4.897645E-1	9.423626E+1	-2.340638E-1	7.044122E-3
4.809766E+0	3.725751E-1	9.272526E+1	4.895022E-1	9.074857E+1	-2.393223E-1	2.625361E-2
4.810938E+0	3.724543E-1	9.060600E+1	4.891641E-1	8.725989E+1	-2.398884E-1	4.444154E-2
4.812109E+0	3.729216E-1	8.827919E+1	4.887650E-1	8.377062E+1	-2.393735E-1	5.997708E-2
4.813281E+0	3.727087E-1	8.603641E+1	4.882562E-1	8.028438E+1	-2.404969E-1	7.650512E-2
4.814453E+0	3.742674E-1	8.414497E+1	4.876519E-1	7.679986E+1	-2.388091E-1	9.812000E-2
4.815625E+0	3.800745E-1	8.223737E+1	4.869614E-1	7.331969E+1	-2.289323E-1	1.209898E-1
4.816797E+0	3.886086E-1	7.986263E+1	4.861855E-1	6.984654E+1	-2.128811E-1	1.390182E-1
4.817969E+0	3.977275E-1	7.702602E+1	4.853314E-1	6.637659E+1	-1.946180E-1	1.514424E-1
4.819141E+0	4.066007E-1	7.382832E+1	4.844023E-1	6.291575E+1	-1.757921E-1	1.589050E-1
4.820312E+0	4.144337E-1	7.035787E+1	4.834192E-1	5.946751E+1	-1.581427E-1	1.619693E-1
4.821484E+0	4.210019E-1	6.674098E+1	4.823772E-1	5.602631E+1	-1.424515E-1	1.622629E-1
4.822656E+0	4.264798E-1	6.302892E+1	4.812855E-1	5.259729E+1	-1.285198E-1	1.604439E-1
4.823828E+0	4.308047E-1	5.927768E+1	4.801517E-1	4.918092E+1	-1.166690E-1	1.572937E-1
4.825000E+0	4.341824E-1	5.553092E+1	4.789982E-1	4.577660E+1	-1.066656E-1	1.535723E-1
4.826172E+0	4.368171E-1	5.179465E+1	4.778465E-1	4.238439E+1	-9.816477E-2	1.494638E-1
4.827344E+0	4.387909E-1	4.808239E+1	4.766819E-1	3.900718E+1	-9.101189E-2	1.451930E-1
4.828516E+0	4.402628E-1	4.440460E+1	4.755405E-1	3.564263E+1	-8.498897E-2	1.410294E-1
4.829688E+0	4.413241E-1	4.076403E+1	4.743912E-1	3.229176E+1	-7.985634E-2	1.370611E-1
4.830859E+0	4.420683E-1	3.716080E+1	4.732892E-1	2.895362E+1	-7.553185E-2	1.333362E-1
4.832031E+0	4.426029E-1	3.359978E+1	4.722307E-1	2.562299E+1	-7.180868E-2	1.300654E-1
4.833203E+0	4.430713E-1	3.007318E+1	4.712134E-1	2.230668E+1	-6.834777E-2	1.270656E-1
4.834375E+0	4.434783E-1	2.657428E+1	4.702550E-1	1.900141E+1	-6.516612E-2	1.242830E-1
4.835547E+0	4.438706E-1	2.309678E+1	4.693966E-1	1.570577E+1	-6.223727E-2	1.216445E-1
4.836719E+0	4.442300E-1	1.963288E+1	4.685994E-1	1.241873E+1	-5.950936E-2	1.190476E-1
4.837891E+0	4.445274E-1	1.618458E+1	4.678719E-1	9.140718E+0	-5.706592E-2	1.165105E-1
4.839063E+0	4.447864E-1	1.275434E+1	4.672556E-1	5.870685E+0	-5.494939E-2	1.140902E-1
4.840234E+0	4.450327E-1	9.345304E+0	4.667450E-1	2.607124E+0	-5.310455E-2	1.118744E-1
4.841406E+0	4.453066E-1	5.956104E+0	4.663291E-1	-6.536794E-1	-5.142805E-2	1.099177E-1
4.842578E+0	4.456491E-1	2.583545E+0	4.660183E-1	-3.907885E+0	-4.984001E-2	1.081131E-1
4.843750E+0	4.461067E-1	-7.734967E-1	4.658370E-1	-7.159736E+0	-4.829703E-2	1.065192E-1
4.844922E+0	4.466791E-1	-4.121179E+0	4.657516E-1	-1.041143E+1	-4.672379E-2	1.050785E-1
4.846094E+0	4.473746E-1	-7.469028E+0	4.657974E-1	-1.366208E+1	-4.515623E-2	1.036121E-1
4.847266E+0	4.481778E-1	-1.081584E+1	4.659601E-1	-1.691384E+1	-4.360512E-2	1.021754E-1
4.848438E+0	4.490766E-1	-1.416521E+1	4.662238E-1	-2.016889E+1	-4.206200E-2	1.007455E-1
4.849609E+0	4.500508E-1	-1.752042E+1	4.666206E-1	-2.342807E+1	-4.063254E-2	9.927044E-2
4.850781E+0	4.510986E-1	-2.087858E+1	4.671165E-1	-2.669199E+1	-3.925763E-2	9.781584E-2
4.851953E+0	4.521786E-1	-2.424180E+1	4.677300E-1	-2.996371E+1	-3.806549E-2	9.638535E-2
4.853125E+0	4.533439E-1	-2.761103E+1	4.684428E-1	-3.324407E+1	-3.690550E-2	9.499299E-2
4.854297E+0	4.545375E-1	-3.098845E+1	4.692584E-1	-3.653323E+1	-3.590279E-2	9.359254E-2
4.855469E+0	4.557939E-1	-3.436969E+1	4.701398E-1	-3.983395E+1	-3.491966E-2	9.231912E-2
4.856641E+0	4.571213E-1	-3.776096E+1	4.711289E-1	-4.314505E+1	-3.401276E-2	9.104205E-2
4.857813E+0	4.584912E-1	-4.115719E+1	4.721792E-1	-4.646939E+1	-3.315948E-2	8.989873E-2
4.858984E+0	4.598961E-1	-4.456301E+1	4.732645E-1	-4.980683E+1	-3.231419E-2	8.881258E-2
4.860156E+0	4.613639E-1	-4.797935E+1	4.744233E-1	-5.315801E+1	-3.149645E-2	8.777703E-2
4.861328E+0	4.628651E-1	-5.140517E+1	4.756601E-1	-5.652390E+1	-3.078023E-2	8.681993E-2
4.862500E+0	4.643990E-1	-5.484519E+1	4.768850E-1	-5.990418E+1	-2.997598E-2	8.587255E-2
4.863672E+0	4.659231E-1	-5.829771E+1	4.781306E-1	-6.330243E+1	-2.924687E-2	8.501048E-2
4.864844E+0	4.674846E-1	-6.176553E+1	4.793953E-1	-6.671371E+1	-2.847955E-2	8.411170E-2
4.866016E+0	4.690461E-1	-6.524247E+1	4.806615E-1	-7.014276E+1	-2.773226E-2	8.335771E-2
4.867187E+0	4.705703E-1	-6.873712E+1	4.818801E-1	-7.358483E+1	-2.696336E-2	8.252418E-2
4.868359E+0	4.720819E-1	-7.224631E+1	4.830867E-1	-7.704135E+1	-2.620035E-2	8.168735E-2
4.869531E+0	4.735417E-1	-7.576954E+1	4.842324E-1	-8.051179E+1	-2.542535E-2	8.084818E-2
4.870703E+0	4.749351E-1	-7.930910E+1	4.853246E-1	-8.400006E+1	-2.468531E-2	8.003054E-2
4.871875E+0	4.762586E-1	-8.286076E+1	4.863559E-1	-8.749936E+1	-2.396851E-2	7.919147E-2
4.873047E+0	4.774971E-1	-8.642376E+1	4.872915E-1	-9.101137E+1	-2.323908E-2	7.837573E-2
4.874219E+0	4.786329E-1	-8.999869E+1	4.881398E-1	-9.453447E+1	-2.254663E-2	7.754146E-2
4.875391E+0	4.796289E-1	-9.358111E+1	4.889026E-1	-9.806676E+1	-2.197335E-2	7.672590E-2
4.876563E+0	4.805247E-1	-9.717083E+1	4.895271E-1	-1.016069E+2	-2.133064E-2	7.592429E-2
4.877734E+0	4.813291E-1	-1.007672E+2	4.900597E-1	-1.051558E+2	-2.069515E-2	7.515740E-2
4.878906E+0	4.819611E-1	-1.043694E+2	4.904558E-1	-1.087100E+2	-2.013858E-2	7.437445E-2
4.880078E+0	4.824737E-1	-1.079761E+2	4.907277E-1	-1.122686E+2	-1.957780E-2	7.358925E-2
4.881250E+0	4.828293E-1	-1.115825E+2	4.908579E-1	-1.158273E+2	-1.905449E-2	7.280732E-2
4.882422E+0	4.830804E-1	-1.151907E+2	4.908621E-1	-1.193885E+2	-1.849331E-2	7.203946E-2
4.883594E+0	4.831874E-1	-1.187974E+2	4.907432E-1	-1.229474E+2	-1.797827E-2	7.125363E-2
4.884766E+0	4.831672E-1	-1.223968E+2	4.904888E-1	-1.265068E+2	-1.746047E-2	7.060168E-2
4.885938E+0	4.830143E-1	-1.259948E+2	4.901389E-1	-1.300580E+2	-1.701284E-2	6.982683E-2
4.887109E+0	4.827568E-1	-1.295867E+2	4.896445E-1	-1.336076E+2	-1.649357E-2	6.913399E-2
4.888281E+0	4.823611E-1	-1.331733E+2	4.890551E-1	-1.371473E+2	-1.605911E-2	6.835518E-2
4.889453E+0	4.818635E-1	-1.367530E+2	4.883761E-1	-1.406816E+2	-1.565368E-2	6.759965E-2
4.890625E+0	4.812686E-1	-1.403192E+2	4.875980E-1	-1.442061E+2	-1.525111E-2	6.690725E-2
4.891797E+0	4.806030E-1	-1.438790E+2	4.867338E-1	-1.477193E+2	-1.481291E-2	6.613209E-2
4.892969E+0	4.798262E-1	-1.474227E+2	4.858051E-1	-1.512238E+2	-1.447993E-2	6.547717E-2
4.894141E+0	4.790212E-1	-1.509565E+2	4.848481E-1	-1.547159E+2	-1.414395E-2	6.477886E-2
4.895313E+0	4.781522E-1	-1.544778E+2	4.838223E-1	-1.581973E+2	-1.380110E-2	6.411168E-2
4.896484E+0	4.772499E-1	-1.579855E+2	4.827744E-1	-1.616651E+2	-1.348111E-2	6.344261E-2
4.897656E+0	4.762983E-1	-1.614837E+2	4.816984E-1	-1.651228E+2	-1.320429E-2	6.276003E-2
4.898828E+0	4.753503E-1	-1.649654E+2	4.806115E-1	-1.685656E+2	-1.289877E-2	6.210660E-2
4.900000E+0	4.744068E-1	-1.684360E+2	4.795537E-1	-1.719990E+2	-1.264487E-2	6.147902E-2
4.901172E+0	4.734377E-1	-1.718951E+2	4.784814E-1	-1.754186E+2	-1.241146E-2	6.081009E-2
4.902344E+0	4.725285E-1	-1.753414E+2	4.774486E-1	-1.788285E+2	-1.213739E-2	6.019702E-2
4.903516E+0	4.716016E-1	-1.787782E+2	4.764678E-1	1.777700E+2	-1.200874E-2	5.959392E-2
4.904688E+0	4.707356E-1	1.777965E+2	4.755039E-1	1.743818E+2	-1.178551E-2	5.896520E-2
4.905859E+0	4.699075E-1	1.743810E+2	4.745908E-1	1.709988E+2	-1.159269E-2	5.841407E-2
4.907031E+0	4.691258E-1	1.709733E+2	4.737436E-1	1.676267E+2	-1.143618E-2	5.780696E-2
4.908203E+0	4.683975E-1	1.675752E+2	4.729510E-1	1.642596E+2	-1.128562E-2	5.727901E-2
4.909375E+0	4.677238E-1	1.641841E+2	4.722082E-1	1.608990E+2	-1.112430E-2	5.676020E-2
4.910547E+0	4.671272E-1	1.607986E+2	4.715431E-1	1.575439E+2	-1.096266E-2	5.624300E-2
4.911719E+0	4.666010E-1	1.574167E+2	4.709499E-1	1.541915E+2	-1.080357E-2	5.574111E-2
4.912891E+0	4.661287E-1	1.540401E+2	4.704388E-1	1.508426E+2	-1.070441E-2	5.526691E-2
4.914062E+0	4.657463E-1	1.506637E+2	4.699968E-1	1.474958E+2	-1.055798E-2	5.476235E-2
4.915234E+0	4.654094E-1	1.472883E+2	4.696365E-1	1.441494E+2	-1.048756E-2	5.426389E-2
4.916406E+0	4.651541E-1	1.439167E+2	4.693341E-1	1.408004E+2	-1.037182E-2	5.387871E-2
4.917578E+0	4.649879E-1	1.405414E+2	4.690774E-1	1.374519E+2	-1.015894E-2	5.342595E-2
4.918750E+0	4.648720E-1	1.371639E+2	4.689305E-1	1.341009E+2	-1.007105E-2	5.297151E-2
4.919922E+0	4.647963E-1	1.337844E+2	4.688325E-1	1.307449E+2	-1.000372E-2	5.256791E-2
4.921094E+0	4.647887E-1	1.304011E+2	4.687782E-1	1.273865E+2	-9.882478E-3	5.214286E-2
4.922266E+0	4.648322E-1	1.270159E+2	4.687909E-1	1.240225E+2	-9.797411E-3	5.177994E-2
4.923438E+0	4.649432E-1	1.236232E+2	4.688382E-1	1.206519E+2	-9.640976E-3	5.140509E-2
4.924609E+0	4.650705E-1	1.202236E+2	4.689434E-1	1.172749E+2	-9.571851E-3	5.101696E-2
4.925781E+0	4.652378E-1	1.168198E+2	4.690652E-1	1.138915E+2	-9.454733E-3	5.066938E-2
4.926953E+0	4.654214E-1	1.134084E+2	4.692191E-1	1.105020E+2	-9.369550E-3	5.029411E-2
4.928125E+0	4.656168E-1	1.099897E+2	4.693721E-1	1.071035E+2	-9.259026E-3	4.994954E-2
4.929297E+0	4.658273E-1	1.065623E+2	4.695418E-1	1.036961E+2	-9.151978E-3	4.960819E-2
4.930469E+0	4.660366E-1	1.031290E+2	4.697368E-1	1.002825E+2	-9.101295E-3	4.926918E-2
4.931641E+0	4.662542E-1	9.968638E+1	4.698994E-1	9.686119E+1	-8.963412E-3	4.890653E-2
4.932813E+0	4.664233E-1	9.623689E+1	4.700440E-1	9.343017E+1	-8.893254E-3	4.858973E-2
4.933984E+0	4.665903E-1	9.277836E+1	4.701699E-1	8.999148E+1	-8.787117E-3	4.825088E-2
4.935156E+0	4.666900E-1	8.931410E+1	4.702332E-1	8.654455E+1	-8.694226E-3	4.795486E-2
4.936328E+0	4.667650E-1	8.584511E+1	4.702638E-1	8.309192E+1	-8.585778E-3	4.767637E-2
4.937500E+0	4.668057E-1	8.236828E+1	4.702753E-1	7.963179E+1	-8.509721E-3	4.739037E-2
4.938672E+0	4.667751E-1	7.888322E+1	4.701944E-1	7.616558E+1	-8.388595E-3	4.706918E-2
4.939844E+0	4.666676E-1	7.539699E+1	4.700528E-1	7.269611E+1	-8.304593E-3	4.678243E-2
4.941016E+0	4.664976E-1	7.190422E+1	4.698482E-1	6.922128E+1	-8.219566E-3	4.647522E-2
4.942188E+0	4.662464E-1	6.841287E+1	4.695416E-1	6.574529E+1	-8.093934E-3	4.621461E-2
4.943359E+0	4.659212E-1	6.491756E+1	4.691664E-1	6.226680E+1	-7.979558E-3	4.592809E-2
4.944531E+0	4.655185E-1	6.142122E+1	4.687097E-1	5.878719E+1	-7.857834E-3	4.564341E-2
4.945703E+0	4.650234E-1	5.792656E+1	4.681587E-1	5.530833E+1	-7.734011E-3	4.537490E-2
4.946875E+0	4.644354E-1	5.443423E+1	4.675272E-1	5.183192E+1	-7.637531E-3	4.510301E-2
4.948047E+0	4.637731E-1	5.094477E+1	4.668108E-1	4.836080E+1	-7.517509E-3	4.479012E-2
4.949219E+0	4.630532E-1	4.745909E+1	4.660172E-1	4.489269E+1	-7.356901E-3	4.449236E-2
4.950391E+0	4.622203E-1	4.397915E+1	4.651313E-1	4.143240E+1	-7.239968E-3	4.415645E-2
4.951563E+0	4.613144E-1	4.050994E+1	4.641857E-1	3.797701E+1	-7.156641E-3	4.392020E-2
4.952734E+0	4.603411E-1	3.704704E+1	4.631698E-1	3.453228E+1	-7.064430E-3	4.360878E-2
4.953906E+0	4.592979E-1	3.359402E+1	4.620899E-1	3.109742E+1	-6.985571E-3	4.329691E-2
4.955078E+0	4.582135E-1	3.015114E+1	4.609524E-1	2.767229E+1	-6.872013E-3	4.299361E-2
4.956250E+0	4.571035E-1	2.672099E+1	4.597965E-1	2.426019E+1	-6.773707E-3	4.268439E-2
4.957422E+0	4.559509E-1	2.330438E+1	4.586006E-1	2.086014E+1	-6.682339E-3	4.240069E-2
4.958594E+0	4.547642E-1	1.990201E+1	4.573825E-1	1.747650E+1	-6.615315E-3	4.207823E-2
4.959766E+0	4.536015E-1	1.651116E+1	4.561673E-1	1.410243E+1	-6.503283E-3	4.179149E-2
4.960937E+0	4.524165E-1	1.313507E+1	4.549659E-1	1.074397E+1	-6.469295E-3	4.148667E-2
4.962109E+0	4.512475E-1	9.770474E+0	4.537676E-1	7.398758E+0	-6.405586E-3	4.115261E-2
4.963281E+0	4.501221E-1	6.421743E+0	4.526224E-1	4.070258E+0	-6.361449E-3	4.080299E-2
4.964453E+0	4.490199E-1	3.087708E+0	4.515143E-1	7.508377E-1	-6.351563E-3	4.054951E-2
4.965625E+0	4.479740E-1	-2.341516E-1	4.504586E-1	-2.550642E+0	-6.328401E-3	4.019643E-2
4.966797E+0	4.470026E-1	-3.543073E+0	4.494728E-1	-5.845388E+0	-6.298563E-3	3.995139E-2
4.967969E+0	4.460852E-1	-6.837937E+0	4.485506E-1	-9.122226E+0	-6.286640E-3	3.963873E-2
4.969141E+0	4.452572E-1	-1.012361E+1	4.477435E-1	-1.239083E+1	-6.331417E-3	3.934045E-2
4.970313E+0	4.445302E-1	-1.339744E+1	4.470144E-1	-1.564821E+1	-6.324519E-3	3.905499E-2
4.971484E+0	4.438941E-1	-1.666296E+1	4.463877E-1	-1.889978E+1	-6.343878E-3	3.881193E-2
4.972656E+0	4.433722E-1	-1.992118E+1	4.458951E-1	-2.214072E+1	-6.404046E-3	3.850946E-2
4.973828E+0	4.429756E-1	-2.317287E+1	4.455183E-1	-2.537895E+1	-6.444218E-3	3.827415E-2
4.975000E+0	4.426979E-1	-2.641873E+1	4.452659E-1	-2.861164E+1	-6.495458E-3	3.804347E-2
4.976172E+0	4.425296E-1	-2.966336E+1	4.451270E-1	-3.183908E+1	-6.551888E-3	3.774282E-2
4.977344E+0	4.424936E-1	-3.290794E+1	4.451504E-1	-3.506847E+1	-6.674953E-3	3.747442E-2
4.978516E+0	4.425657E-1	-3.615070E+1	4.452636E-1	-3.829920E+1	-6.757831E-3	3.726246E-2
4.979688E+0	4.427578E-1	-3.939519E+1	4.455377E-1	-4.153105E+1	-6.929829E-3	3.703662E-2
4.980859E+0	4.430571E-1	-4.263812E+1	4.459263E-1	-4.476826E+1	-7.120822E-3	3.693024E-2
4.982031E+0	4.434744E-1	-4.588533E+1	4.464532E-1	-4.800954E+1	-7.354738E-3	3.681866E-2
4.983203E+0	4.440114E-1	-4.913602E+1	4.470965E-1	-5.126036E+1	-7.582821E-3	3.681245E-2
4.984375E+0	4.447287E-1	-5.238674E+1	4.478556E-1	-5.451947E+1	-7.669803E-3	3.695474E-2
4.985547E+0	4.455954E-1	-5.565121E+1	4.487365E-1	-5.778975E+1	-7.691482E-3	3.705469E-2
4.986719E+0	4.466206E-1	-5.893106E+1	4.497268E-1	-6.107246E+1	-7.600381E-3	3.710770E-2
4.987891E+0	4.477229E-1	-6.222689E+1	4.507952E-1	-6.436873E+1	-7.509160E-3	3.711874E-2
4.989063E+0	4.489189E-1	-6.553959E+1	4.519460E-1	-6.768197E+1	-7.392226E-3	3.713248E-2
4.990234E+0	4.502173E-1	-6.887160E+1	4.531857E-1	-7.101023E+1	-7.242051E-3	3.707304E-2
4.991406E+0	4.515454E-1	-7.222018E+1	4.544576E-1	-7.435543E+1	-7.097969E-3	3.701976E-2
4.992578E+0	4.529428E-1	-7.558897E+1	4.557886E-1	-7.771912E+1	-6.930397E-3	3.693749E-2
4.993750E+0	4.543237E-1	-7.897618E+1	4.571529E-1	-8.110149E+1	-6.872373E-3	3.685564E-2
4.994922E+0	4.557473E-1	-8.238470E+1	4.585125E-1	-8.450310E+1	-6.710110E-3	3.674171E-2
4.996094E+0	4.571702E-1	-8.581203E+1	4.598682E-1	-8.792268E+1	-6.541353E-3	3.661339E-2
4.997266E+0	4.585602E-1	-8.925832E+1	4.612416E-1	-9.136089E+1	-6.482776E-3	3.647525E-2
4.998438E+0	4.599060E-1	-9.272207E+1	4.625435E-1	-9.481735E+1	-6.366945E-3	3.635291E-2
4.999609E+0	4.612271E-1	-9.620576E+1	4.638379E-1	-9.829655E+1	-6.290672E-3	3.627772E-2
5.000781E+0	4.625314E-1	-9.970559E+1	4.651136E-1	-1.017892E+2	-6.209256E-3	3.615599E-2
5.001953E+0	4.637704E-1	-1.032259E+2	4.663251E-1	-1.053007E+2	-6.130362E-3	3.600584E-2
5.003125E+0	4.649177E-1	-1.067577E+2	4.674176E-1	-1.088279E+2	-5.997514E-3	3.593074E-2
5.004297E+0	4.659545E-1	-1.103066E+2	4.684240E-1	-1.123684E+2	-5.915917E-3	3.578776E-2
5.005469E+0	4.668695E-1	-1.138671E+2	4.692976E-1	-1.159228E+2	-5.814145E-3	3.568544E-2
5.006641E+0	4.676637E-1	-1.174375E+2	4.700415E-1	-1.194872E+2	-5.695287E-3	3.558545E-2
5.007812E+0	4.683172E-1	-1.210202E+2	4.706551E-1	-1.230601E+2	-5.597903E-3	3.541864E-2
5.008984E+0	4.688153E-1	-1.246090E+2	4.711149E-1	-1.266434E+2	-5.508417E-3	3.532624E-2
5.010156E+0	4.691730E-1	-1.282044E+2	4.714265E-1	-1.302290E+2	-5.401438E-3	3.515971E-2
5.011328E+0	4.693507E-1	-1.318017E+2	4.715630E-1	-1.338195E+2	-5.308574E-3	3.504479E-2
5.012500E+0	4.694196E-1	-1.354018E+2	4.715613E-1	-1.374099E+2	-5.153049E-3	3.488164E-2
5.013672E+0	4.693133E-1	-1.390031E+2	4.713813E-1	-1.410022E+2	-4.993061E-3	3.473076E-2
5.014844E+0	4.690363E-1	-1.426006E+2	4.710770E-1	-1.445916E+2	-4.933076E-3	3.459201E-2
5.016016E+0	4.686152E-1	-1.461950E+2	4.706153E-1	-1.481780E+2	-4.846285E-3	3.445591E-2
5.017188E+0	4.680606E-1	-1.497869E+2	4.699930E-1	-1.517590E+2	-4.701413E-3	3.427135E-2
5.018359E+0	4.673458E-1	-1.533677E+2	4.692385E-1	-1.553311E+2	-4.618272E-3	3.412289E-2
5.019531E+0	4.665028E-1	-1.569416E+2	4.683534E-1	-1.588948E+2	-4.529994E-3	3.394850E-2
5.020703E+0	4.655699E-1	-1.605063E+2	4.673638E-1	-1.624485E+2	-4.410607E-3	3.376121E-2
5.021875E+0	4.645030E-1	-1.640577E+2	4.662301E-1	-1.659911E+2	-4.271567E-3	3.361281E-2
5.023047E+0	4.633271E-1	-1.675978E+2	4.650208E-1	-1.695221E+2	-4.204084E-3	3.345676E-2
5.024219E+0	4.620644E-1	-1.711262E+2	4.637181E-1	-1.730373E+2	-4.120418E-3	3.322988E-2
5.025391E+0	4.607051E-1	-1.746375E+2	4.623333E-1	-1.765386E+2	-4.070184E-3	3.305754E-2
5.026563E+0	4.593133E-1	-1.781340E+2	4.608919E-1	1.799763E+2	-3.967075E-3	3.286256E-2
5.027734E+0	4.578647E-1	1.783867E+2	4.594050E-1	1.765070E+2	-3.889111E-3	3.269109E-2
5.028906E+0	4.563839E-1	1.749225E+2	4.578903E-1	1.730536E+2	-3.820056E-3	3.250538E-2
5.030078E+0	4.548690E-1	1.714763E+2	4.563614E-1	1.696187E+2	-3.794019E-3	3.230955E-2
5.031250E+0	4.533423E-1	1.680450E+2	4.547994E-1	1.661985E+2	-3.721428E-3	3.211869E-2
5.032422E+0	4.518394E-1	1.646320E+2	4.532576E-1	1.627979E+2	-3.639613E-3	3.190547E-2
5.033594E+0	4.503349E-1	1.612354E+2	4.517607E-1	1.594108E+2	-3.661513E-3	3.173941E-2
5.034766E+0	4.488506E-1	1.578530E+2	4.502664E-1	1.560384E+2	-3.644260E-3	3.156588E-2
5.035938E+0	4.474346E-1	1.544855E+2	4.488030E-1	1.526841E+2	-3.541700E-3	3.133934E-2
5.037109E+0	4.460381E-1	1.511328E+2	4.474108E-1	1.493414E+2	-3.555334E-3	3.116482E-2
5.038281E+0	4.447183E-1	1.477965E+2	4.460690E-1	1.460168E+2	-3.508920E-3	3.096259E-2
5.039453E+0	4.434482E-1	1.444709E+2	4.448002E-1	1.427006E+2	-3.515408E-3	3.079875E-2
5.040625E+0	4.422531E-1	1.411579E+2	4.436135E-1	1.394022E+2	-3.534646E-3	3.054400E-2
5.041797E+0	4.411352E-1	1.378613E+2	4.424955E-1	1.361107E+2	-3.539450E-3	3.045507E-2
5.042969E+0	4.401348E-1	1.345698E+2	4.414725E-1	1.328317E+2	-3.488781E-3	3.023901E-2
5.044141E+0	4.392124E-1	1.312893E+2	4.405748E-1	1.295599E+2	-3.546409E-3	3.008582E-2
5.045313E+0	4.383988E-1	1.280139E+2	4.397438E-1	1.262959E+2	-3.506733E-3	2.988857E-2
5.046484E+0	4.376856E-1	1.247454E+2	4.390540E-1	1.230362E+2	-3.560231E-3	2.973378E-2
5.047656E+0	4.370788E-1	1.214832E+2	4.384468E-1	1.197814E+2	-3.559801E-3	2.960499E-2
5.048828E+0	4.365844E-1	1.182214E+2	4.379775E-1	1.165312E+2	-3.614453E-3	2.940146E-2
5.050000E+0	4.362100E-1	1.149633E+2	4.375908E-1	1.132808E+2	-3.585224E-3	2.926830E-2
5.051172E+0	4.359041E-1	1.117034E+2	4.373230E-1	1.100289E+2	-3.670163E-3	2.912657E-2
5.052344E+0	4.357298E-1	1.084450E+2	4.371508E-1	1.067759E+2	-3.673501E-3	2.903249E-2
5.053516E+0	4.356378E-1	1.051817E+2	4.370747E-1	1.035217E+2	-3.705832E-3	2.887318E-2
5.054687E+0	4.356535E-1	1.019149E+2	4.371096E-1	1.002624E+2	-3.745705E-3	2.874150E-2
5.055859E+0	4.357632E-1	9.864346E+1	4.372323E-1	9.699597E+1	-3.771981E-3	2.865356E-2
5.057031E+0	4.359251E-1	9.536660E+1	4.374164E-1	9.372298E+1	-3.819366E-3	2.858486E-2
5.058203E+0	4.362006E-1	9.208113E+1	4.377103E-1	9.044566E+1	-3.855042E-3	2.844202E-2
5.059375E+0	4.365361E-1	8.878683E+1	4.380666E-1	8.716010E+1	-3.895373E-3	2.828880E-2
5.060547E+0	4.369428E-1	8.548518E+1	4.384809E-1	8.386215E+1	-3.907574E-3	2.822408E-2
5.061719E+0	4.373889E-1	8.217343E+1	4.389341E-1	8.055512E+1	-3.917801E-3	2.814166E-2
5.062891E+0	4.378927E-1	7.885078E+1	4.394400E-1	7.723645E+1	-3.916574E-3	2.807245E-2
5.064063E+0	4.384226E-1	7.551798E+1	4.399840E-1	7.390872E+1	-3.941776E-3	2.798353E-2
5.065234E+0	4.389522E-1	7.217203E+1	4.405554E-1	7.056898E+1	-4.028991E-3	2.787305E-2
5.066406E+0	4.395189E-1	6.881772E+1	4.411177E-1	6.721745E+1	-4.013032E-3	2.782513E-2
5.067578E+0	4.400878E-1	6.545071E+1	4.416959E-1	6.385396E+1	-4.027629E-3	2.776349E-2
5.068750E+0	4.406456E-1	6.207122E+1	4.422580E-1	6.048166E+1	-4.029247E-3	2.763836E-2
5.069922E+0	4.411912E-1	5.868487E+1	4.427995E-1	5.709509E+1	-4.015640E-3	2.764257E-2
5.071094E+0	4.416911E-1	5.528627E+1	4.433008E-1	5.370241E+1	-4.011841E-3	2.753969E-2
5.072266E+0	4.421419E-1	5.187999E+1	4.437688E-1	5.029849E+1	-4.045623E-3	2.749770E-2
5.073438E+0	4.425629E-1	4.846588E+1	4.441972E-1	4.688731E+1	-4.057337E-3	2.744640E-2
5.074609E+0	4.429209E-1	4.504361E+1	4.445372E-1	4.347031E+1	-4.011527E-3	2.735599E-2
5.075781E+0	4.432142E-1	4.161490E+1	4.448159E-1	4.004660E+1	-3.974056E-3	2.727003E-2
5.076953E+0	4.434418E-1	3.818294E+1	4.450325E-1	3.661814E+1	-3.945933E-3	2.720991E-2
5.078125E+0	4.435965E-1	3.474816E+1	4.451959E-1	3.318965E+1	-3.961175E-3	2.710007E-2
5.079297E+0	4.436842E-1	3.131332E+1	4.452794E-1	2.975623E+1	-3.950401E-3	2.707566E-2
5.080469E+0	4.436851E-1	2.787503E+1	4.452636E-1	2.632343E+1	-3.910446E-3	2.698123E-2
5.081641E+0	4.436144E-1	2.443968E+1	4.452041E-1	2.289217E+1	-3.934144E-3	2.690943E-2
5.082813E+0	4.434853E-1	2.100477E+1	4.450370E-1	1.946427E+1	-3.846844E-3	2.678982E-2
5.083984E+0	4.432725E-1	1.757887E+1	4.448310E-1	1.603901E+1	-3.863440E-3	2.677824E-2
5.085156E+0	4.429997E-1	1.415477E+1	4.445655E-1	1.262082E+1	-3.879190E-3	2.667500E-2
5.086328E+0	4.426754E-1	1.073678E+1	4.442234E-1	9.206911E+0	-3.839948E-3	2.660504E-2
5.087500E+0	4.423137E-1	7.326518E+0	4.438436E-1	5.803753E+0	-3.798872E-3	2.648253E-2
5.088672E+0	4.418924E-1	3.925898E+0	4.434261E-1	2.407079E+0	-3.808862E-3	2.641361E-2
5.089844E+0	4.414775E-1	5.349206E-1	4.429924E-1	-9.795703E-1	-3.767830E-3	2.633939E-2
5.091016E+0	4.410215E-1	-2.847968E+0	4.425376E-1	-4.357329E+0	-3.771700E-3	2.625003E-2
5.092188E+0	4.405738E-1	-6.220400E+0	4.420806E-1	-7.727633E+0	-3.753237E-3	2.621349E-2
5.093359E+0	4.401079E-1	-9.585027E+0	4.416223E-1	-1.108438E+1	-3.770380E-3	2.607593E-2
5.094531E+0	4.396617E-1	-1.293815E+1	4.411685E-1	-1.443300E+1	-3.754639E-3	2.599799E-2
5.095703E+0	4.392487E-1	-1.628264E+1	4.407500E-1	-1.777221E+1	-3.743015E-3	2.590643E-2
5.096875E+0	4.388611E-1	-1.961693E+1	4.403583E-1	-2.110074E+1	-3.734137E-3	2.580644E-2
5.098047E+0	4.385193E-1	-2.294145E+1	4.400333E-1	-2.442250E+1	-3.773571E-3	2.575739E-2
5.099219E+0	4.382254E-1	-2.625926E+1	4.397321E-1	-2.773441E+1	-3.756685E-3	2.565517E-2
5.100391E+0	4.379874E-1	-2.957001E+1	4.394918E-1	-3.104150E+1	-3.751689E-3	2.559162E-2
5.101562E+0	4.378051E-1	-3.287184E+1	4.393129E-1	-3.433885E+1	-3.758821E-3	2.551349E-2
5.102734E+0	4.377014E-1	-3.616962E+1	4.392133E-1	-3.763218E+1	-3.766953E-3	2.543586E-2
5.103906E+0	4.376769E-1	-3.946227E+1	4.391846E-1	-4.092025E+1	-3.755587E-3	2.535646E-2
5.105078E+0	4.377284E-1	-4.275182E+1	4.392545E-1	-4.420299E+1	-3.793910E-3	2.523700E-2
5.106250E+0	4.378769E-1	-4.603832E+1	4.393999E-1	-4.748804E+1	-3.785070E-3	2.521200E-2
5.107422E+0	4.381200E-1	-4.932291E+1	4.396430E-1	-5.077036E+1	-3.782156E-3	2.517258E-2
5.108594E+0	4.384405E-1	-5.260842E+1	4.399753E-1	-5.405209E+1	-3.804693E-3	2.510624E-2
5.109766E+0	4.388575E-1	-5.589845E+1	4.404119E-1	-5.733644E+1	-3.843241E-3	2.500645E-2
5.110938E+0	4.393769E-1	-5.918800E+1	4.409491E-1	-6.062294E+1	-3.877968E-3	2.495252E-2
5.112109E+0	4.399957E-1	-6.248260E+1	4.415751E-1	-6.391500E+1	-3.888110E-3	2.490808E-2
5.113281E+0	4.406670E-1	-6.578149E+1	4.422543E-1	-6.721427E+1	-3.900641E-3	2.491438E-2
5.114453E+0	4.414667E-1	-6.908890E+1	4.430439E-1	-7.051536E+1	-3.868715E-3	2.480523E-2
5.115625E+0	4.423425E-1	-7.240205E+1	4.439214E-1	-7.382896E+1	-3.865703E-3	2.481314E-2
5.116797E+0	4.432813E-1	-7.572778E+1	4.448657E-1	-7.715156E+1	-3.869161E-3	2.475860E-2
5.117969E+0	4.443006E-1	-7.906197E+1	4.458895E-1	-8.048343E+1	-3.870074E-3	2.471822E-2
5.119141E+0	4.453707E-1	-8.241010E+1	4.469678E-1	-8.382595E+1	-3.877404E-3	2.462044E-2
5.120313E+0	4.464992E-1	-8.576768E+1	4.481089E-1	-8.718198E+1	-3.895752E-3	2.459302E-2
5.121484E+0	4.476825E-1	-8.913932E+1	4.492993E-1	-9.055102E+1	-3.900920E-3	2.454767E-2
5.122656E+0	4.489198E-1	-9.252216E+1	4.505109E-1	-9.393444E+1	-3.834465E-3	2.455939E-2
5.123828E+0	4.501598E-1	-9.592355E+1	4.517822E-1	-9.733305E+1	-3.892599E-3	2.450960E-2
5.125000E+0	4.514255E-1	-9.933691E+1	4.530483E-1	-1.007453E+2	-3.882975E-3	2.449053E-2
5.126172E+0	4.526865E-1	-1.027663E+2	4.543163E-1	-1.041762E+2	-3.889029E-3	2.451665E-2
5.127344E+0	4.539613E-1	-1.062133E+2	4.555796E-1	-1.076196E+2	-3.852311E-3	2.445492E-2
5.128516E+0	4.551963E-1	-1.096748E+2	4.567964E-1	-1.110794E+2	-3.802296E-3	2.442658E-2
5.129688E+0	4.563925E-1	-1.131527E+2	4.580171E-1	-1.145556E+2	-3.845714E-3	2.439594E-2
5.130859E+0	4.575717E-1	-1.166449E+2	4.591710E-1	-1.180457E+2	-3.780827E-3	2.436099E-2
5.132031E+0	4.586634E-1	-1.201521E+2	4.602635E-1	-1.215514E+2	-3.773662E-3	2.433507E-2
5.133203E+0	4.596878E-1	-1.236737E+2	4.612733E-1	-1.250714E+2	-3.733732E-3	2.430821E-2
5.134375E+0	4.606232E-1	-1.272076E+2	4.621951E-1	-1.286033E+2	-3.696615E-3	2.427431E-2
5.135547E+0	4.614628E-1	-1.307532E+2	4.630215E-1	-1.321476E+2	-3.661497E-3	2.425255E-2
5.136719E+0	4.621929E-1	-1.343107E+2	4.637386E-1	-1.357025E+2	-3.627168E-3	2.420814E-2
5.137891E+0	4.628095E-1	-1.378775E+2	4.643315E-1	-1.392672E+2	-3.571001E-3	2.417297E-2
5.139063E+0	4.632881E-1	-1.414524E+2	4.647713E-1	-1.428401E+2	-3.483599E-3	2.414028E-2
5.140234E+0	4.636299E-1	-1.450314E+2	4.651042E-1	-1.464191E+2	-3.462186E-3	2.414080E-2
5.141406E+0	4.638267E-1	-1.486172E+2	4.652618E-1	-1.500010E+2	-3.375243E-3	2.407503E-2
5.142578E+0	4.638633E-1	-1.522062E+2	4.652993E-1	-1.535870E+2	-3.375668E-3	2.402281E-2
5.143750E+0	4.637579E-1	-1.557928E+2	4.651746E-1	-1.571722E+2	-3.334431E-3	2.399943E-2
5.144922E+0	4.635039E-1	-1.593798E+2	4.648857E-1	-1.607549E+2	-3.259474E-3	2.392639E-2
5.146094E+0	4.630985E-1	-1.629650E+2	4.644532E-1	-1.643346E+2	-3.201618E-3	2.383204E-2
5.147266E+0	4.625502E-1	-1.665409E+2	4.638926E-1	-1.679077E+2	-3.177471E-3	2.378387E-2
5.148437E+0	4.618675E-1	-1.701118E+2	4.631656E-1	-1.714753E+2	-3.085024E-3	2.372863E-2
5.149609E+0	4.610526E-1	-1.736731E+2	4.623209E-1	-1.750343E+2	-3.024753E-3	2.369002E-2
5.150781E+0	4.601137E-1	-1.772236E+2	4.613666E-1	-1.785801E+2	-2.995116E-3	2.360889E-2
5.151953E+0	4.590534E-1	1.792385E+2	4.602821E-1	1.778869E+2	-2.946935E-3	2.352472E-2
5.153125E+0	4.579147E-1	1.757110E+2	4.591126E-1	1.743649E+2	-2.884412E-3	2.343042E-2
5.154297E+0	4.566754E-1	1.722002E+2	4.578494E-1	1.708596E+2	-2.837178E-3	2.333576E-2
5.155469E+0	4.553623E-1	1.687058E+2	4.565098E-1	1.673697E+2	-2.784837E-3	2.325862E-2
5.156641E+0	4.539859E-1	1.652264E+2	4.551318E-1	1.638949E+2	-2.787067E-3	2.317846E-2
5.157813E+0	4.525680E-1	1.617630E+2	4.536845E-1	1.604383E+2	-2.727568E-3	2.306142E-2
5.158984E+0	4.511316E-1	1.583193E+2	4.522129E-1	1.569991E+2	-2.655947E-3	2.298471E-2
5.160156E+0	4.496565E-1	1.548959E+2	4.507368E-1	1.535790E+2	-2.660235E-3	2.292713E-2
5.161328E+0	4.481935E-1	1.514880E+2	4.492463E-1	1.501769E+2	-2.604672E-3	2.282739E-2
5.162500E+0	4.467329E-1	1.480953E+2	4.477872E-1	1.467919E+2	-2.612596E-3	2.269310E-2
5.163672E+0	4.452967E-1	1.447251E+2	4.463460E-1	1.434257E+2	-2.607415E-3	2.262355E-2
5.164844E+0	4.439215E-1	1.413703E+2	4.449526E-1	1.400768E+2	-2.571558E-3	2.252161E-2
5.166016E+0	4.425749E-1	1.380308E+2	4.436153E-1	1.367424E+2	-2.597500E-3	2.243219E-2
5.167188E+0	4.413127E-1	1.347090E+2	4.423496E-1	1.334260E+2	-2.594189E-3	2.233822E-2
5.168359E+0	4.401350E-1	1.314006E+2	4.411549E-1	1.301223E+2	-2.560181E-3	2.225712E-2
5.169531E+0	4.390112E-1	1.281067E+2	4.400376E-1	1.268337E+2	-2.578763E-3	2.216439E-2
5.170703E+0	4.380158E-1	1.248249E+2	4.390244E-1	1.235559E+2	-2.542065E-3	2.209554E-2
5.171875E+0	4.370796E-1	1.215527E+2	4.381393E-1	1.202896E+2	-2.661036E-3	2.199015E-2
5.173047E+0	4.362942E-1	1.182893E+2	4.373298E-1	1.170311E+2	-2.608541E-3	2.190597E-2
5.174219E+0	4.356036E-1	1.150357E+2	4.366347E-1	1.137823E+2	-2.600175E-3	2.182256E-2
5.175391E+0	4.350267E-1	1.117887E+2	4.360789E-1	1.105397E+2	-2.649885E-3	2.174484E-2
5.176563E+0	4.345976E-1	1.085467E+2	4.356447E-1	1.073038E+2	-2.638276E-3	2.163886E-2
5.177734E+0	4.342688E-1	1.053075E+2	4.353403E-1	1.040684E+2	-2.694558E-3	2.157146E-2
5.178906E+0	4.340583E-1	1.020707E+2	4.351574E-1	1.008339E+2	-2.758138E-3	2.153004E-2
5.180078E+0	4.339964E-1	9.883405E+1	4.350905E-1	9.760168E+1	-2.745375E-3	2.145317E-2
5.181250E+0	4.340588E-1	9.559559E+1	4.351624E-1	9.436761E+1	-2.765145E-3	2.137630E-2
5.182422E+0	4.342604E-1	9.235274E+1	4.353762E-1	9.112667E+1	-2.791203E-3	2.134249E-2
5.183594E+0	4.345573E-1	8.910242E+1	4.356775E-1	8.788047E+1	-2.797996E-3	2.127060E-2
5.184766E+0	4.349881E-1	8.584883E+1	4.361275E-1	8.462940E+1	-2.838423E-3	2.122586E-2
5.185938E+0	4.355268E-1	8.258508E+1	4.366858E-1	8.136845E+1	-2.878921E-3	2.117625E-2
5.187109E+0	4.361793E-1	7.931005E+1	4.373623E-1	7.809742E+1	-2.928203E-3	2.110556E-2
5.188281E+0	4.369332E-1	7.602718E+1	4.381199E-1	7.481353E+1	-2.932346E-3	2.112323E-2
5.189453E+0	4.377752E-1	7.272941E+1	4.389707E-1	7.151875E+1	-2.946039E-3	2.107089E-2
5.190625E+0	4.386892E-1	6.942201E+1	4.399140E-1	6.821057E+1	-3.007076E-3	2.108318E-2
5.191797E+0	4.396775E-1	6.610061E+1	4.409022E-1	6.489190E+1	-2.999607E-3	2.103581E-2
5.192969E+0	4.407257E-1	6.276509E+1	4.419654E-1	6.155668E+1	-3.026748E-3	2.103002E-2
5.194141E+0	4.418212E-1	5.941701E+1	4.430738E-1	5.821082E+1	-3.048027E-3	2.099092E-2
5.195312E+0	4.429477E-1	5.605695E+1	4.442075E-1	5.485277E+1	-3.056283E-3	2.095576E-2
5.196484E+0	4.440931E-1	5.268391E+1	4.453629E-1	5.147858E+1	-3.071796E-3	2.097545E-2
5.197656E+0	4.452535E-1	4.929671E+1	4.465293E-1	4.809142E+1	-3.077770E-3	2.097463E-2
5.198828E+0	4.463964E-1	4.589379E+1	4.476817E-1	4.468842E+1	-3.091661E-3	2.097573E-2
5.200000E+0	4.475246E-1	4.247356E+1	4.488049E-1	4.127208E+1	-3.071918E-3	2.090843E-2
