5.001172E+0	4.507610E-1	-1.030262E+2	4.647266E-1	-1.006184E+2	-3.090757E-2	-4.074917E-2
5.002344E+0	4.516891E-1	-1.065773E+2	4.659683E-1	-1.041244E+2	-3.153233E-2	-4.148659E-2
5.003516E+0	4.525712E-1	-1.101362E+2	4.671068E-1	-1.076456E+2	-3.203361E-2	-4.210322E-2
5.004688E+0	4.533756E-1	-1.137144E+2	4.681448E-1	-1.111813E+2	-3.249468E-2	-4.280221E-2
5.005859E+0	4.540390E-1	-1.173146E+2	4.690604E-1	-1.147304E+2	-3.300884E-2	-4.364361E-2
5.007031E+0	4.545515E-1	-1.209336E+2	4.698339E-1	-1.182938E+2	-3.355390E-2	-4.455880E-2
5.008203E+0	4.548331E-1	-1.245654E+2	4.704947E-1	-1.218643E+2	-3.436156E-2	-4.555693E-2
5.009375E+0	4.548741E-1	-1.282003E+2	4.710037E-1	-1.254451E+2	-3.536155E-2	-4.642266E-2
5.010547E+0	4.547648E-1	-1.318422E+2	4.713665E-1	-1.290294E+2	-3.638273E-2	-4.734454E-2
5.011719E+0	4.543708E-1	-1.354893E+2	4.715665E-1	-1.326172E+2	-3.767538E-2	-4.827947E-2
5.012891E+0	4.537504E-1	-1.391307E+2	4.716003E-1	-1.362088E+2	-3.910048E-2	-4.904530E-2
5.014063E+0	4.528993E-1	-1.427600E+2	4.714881E-1	-1.398007E+2	-4.070677E-2	-4.959115E-2
5.015234E+0	4.519224E-1	-1.463764E+2	4.712310E-1	-1.433920E+2	-4.227549E-2	-4.993074E-2
5.016406E+0	4.508282E-1	-1.499962E+2	4.707970E-1	-1.469779E+2	-4.374328E-2	-5.042156E-2
5.017578E+0	4.494344E-1	-1.536121E+2	4.702441E-1	-1.505615E+2	-4.560734E-2	-5.086281E-2
5.018750E+0	4.477136E-1	-1.572036E+2	4.695274E-1	-1.541375E+2	-4.782406E-2	-5.100300E-2
5.019922E+0	4.458461E-1	-1.607550E+2	4.686911E-1	-1.577048E+2	-5.008977E-2	-5.061728E-2
5.021094E+0	4.439241E-1	-1.642754E+2	4.677382E-1	-1.612612E+2	-5.222634E-2	-4.990625E-2
5.022266E+0	4.419607E-1	-1.677630E+2	4.666541E-1	-1.648068E+2	-5.417618E-2	-4.884353E-2
5.023437E+0	4.400399E-1	-1.712162E+2	4.654718E-1	-1.683418E+2	-5.582622E-2	-4.740685E-2
5.024609E+0	4.382918E-1	-1.746471E+2	4.641895E-1	-1.718640E+2	-5.690491E-2	-4.584621E-2
5.025781E+0	4.366379E-1	-1.780739E+2	4.628327E-1	-1.753675E+2	-5.764896E-2	-4.454564E-2
5.026953E+0	4.349827E-1	1.785018E+2	4.613961E-1	-1.788587E+2	-5.824690E-2	-4.341537E-2
5.028125E+0	4.333507E-1	1.750908E+2	4.599432E-1	1.776665E+2	-5.876879E-2	-4.234105E-2
5.029297E+0	4.317329E-1	1.716764E+2	4.584301E-1	1.742088E+2	-5.915587E-2	-4.161120E-2
5.030469E+0	4.299114E-1	1.682623E+2	4.568949E-1	1.707685E+2	-5.995845E-2	-4.114502E-2
5.031641E+0	4.279279E-1	1.648827E+2	4.553494E-1	1.673421E+2	-6.108644E-2	-4.032729E-2
5.032813E+0	4.259795E-1	1.615529E+2	4.538085E-1	1.639345E+2	-6.213403E-2	-3.900652E-2
5.033984E+0	4.242089E-1	1.582489E+2	4.522892E-1	1.605434E+2	-6.283681E-2	-3.755026E-2
5.035156E+0	4.225699E-1	1.549562E+2	4.507839E-1	1.571652E+2	-6.328536E-2	-3.613230E-2
5.036328E+0	4.210015E-1	1.516874E+2	4.493284E-1	1.538063E+2	-6.368340E-2	-3.464245E-2
5.037500E+0	4.195885E-1	1.484436E+2	4.478985E-1	1.504595E+2	-6.378606E-2	-3.295344E-2
5.038672E+0	4.183933E-1	1.452226E+2	4.465343E-1	1.471275E+2	-6.353871E-2	-3.114580E-2
5.039844E+0	4.175752E-1	1.420115E+2	4.452456E-1	1.438100E+2	-6.260838E-2	-2.943415E-2
5.041016E+0	4.170212E-1	1.387720E+2	4.440198E-1	1.405047E+2	-6.123438E-2	-2.839817E-2
5.042188E+0	4.164844E-1	1.355014E+2	4.429021E-1	1.372105E+2	-6.006515E-2	-2.804603E-2
5.043359E+0	4.158842E-1	1.322249E+2	4.418317E-1	1.339276E+2	-5.914272E-2	-2.796837E-2
5.044531E+0	4.152522E-1	1.289503E+2	4.408820E-1	1.306533E+2	-5.854903E-2	-2.799095E-2
5.045703E+0	4.146839E-1	1.256858E+2	4.400451E-1	1.273900E+2	-5.805001E-2	-2.802553E-2
5.046875E+0	4.141778E-1	1.224250E+2	4.392959E-1	1.241282E+2	-5.759463E-2	-2.802262E-2
5.048047E+0	4.137951E-1	1.191638E+2	4.386776E-1	1.208710E+2	-5.714031E-2	-2.810201E-2
5.049219E+0	4.134702E-1	1.158951E+2	4.381486E-1	1.176191E+2	-5.675143E-2	-2.839042E-2
5.050391E+0	4.131324E-1	1.126188E+2	4.377280E-1	1.143680E+2	-5.662903E-2	-2.880941E-2
5.051563E+0	4.127689E-1	1.093390E+2	4.374245E-1	1.111182E+2	-5.682031E-2	-2.929788E-2
5.052734E+0	4.124026E-1	1.060816E+2	4.372325E-1	1.078668E+2	-5.724658E-2	-2.938346E-2
5.053906E+0	4.122070E-1	1.028467E+2	4.371326E-1	1.046133E+2	-5.746888E-2	-2.907026E-2
5.055078E+0	4.123215E-1	9.960550E+1	4.371201E-1	1.013549E+2	-5.717142E-2	-2.879614E-2
5.056250E+0	4.125413E-1	9.633456E+1	4.372229E-1	9.809107E+1	-5.689420E-2	-2.892175E-2
5.057422E+0	4.127291E-1	9.304755E+1	4.373822E-1	9.482221E+1	-5.681773E-2	-2.922315E-2
5.058594E+0	4.129585E-1	8.976537E+1	4.376368E-1	9.154420E+1	-5.684464E-2	-2.929103E-2
5.059766E+0	4.133349E-1	8.647620E+1	4.379635E-1	8.826127E+1	-5.669237E-2	-2.939859E-2
5.060938E+0	4.137987E-1	8.316093E+1	4.383658E-1	8.496770E+1	-5.651176E-2	-2.976190E-2
5.062109E+0	4.142938E-1	7.982353E+1	4.388172E-1	8.166393E+1	-5.637224E-2	-3.032073E-2
5.063281E+0	4.147256E-1	7.646453E+1	4.393138E-1	7.835030E+1	-5.648083E-2	-3.106517E-2
5.064453E+0	4.150430E-1	7.307912E+1	4.398533E-1	7.502342E+1	-5.694910E-2	-3.201419E-2
5.065625E+0	4.151275E-1	6.969856E+1	4.403871E-1	7.168717E+1	-5.792543E-2	-3.271046E-2
5.066797E+0	4.151074E-1	6.634353E+1	4.409683E-1	6.833927E+1	-5.921672E-2	-3.278284E-2
5.067969E+0	4.152694E-1	6.300922E+1	4.415523E-1	6.497920E+1	-6.007971E-2	-3.232968E-2
5.069141E+0	4.155841E-1	5.965998E+1	4.421137E-1	6.161162E+1	-6.055155E-2	-3.201239E-2
5.070312E+0	4.159226E-1	5.629752E+1	4.426484E-1	5.822916E+1	-6.091098E-2	-3.167196E-2
5.071484E+0	4.162447E-1	5.292434E+1	4.431859E-1	5.483829E+1	-6.131381E-2	-3.136823E-2
5.072656E+0	4.166334E-1	4.955040E+1	4.436472E-1	5.143928E+1	-6.140056E-2	-3.095419E-2
5.073828E+0	4.171532E-1	4.615665E+1	4.440941E-1	4.802967E+1	-6.116672E-2	-3.070174E-2
5.075000E+0	4.176376E-1	4.272684E+1	4.444746E-1	4.461506E+1	-6.088936E-2	-3.096022E-2
5.076172E+0	4.178935E-1	3.927026E+1	4.447749E-1	4.119312E+1	-6.096727E-2	-3.152600E-2
5.077344E+0	4.179433E-1	3.582086E+1	4.450275E-1	3.776510E+1	-6.140026E-2	-3.186210E-2
5.078516E+0	4.179574E-1	3.238005E+1	4.452059E-1	3.433749E+1	-6.175208E-2	-3.206657E-2
5.079688E+0	4.179523E-1	2.892767E+1	4.452895E-1	3.090287E+1	-6.194965E-2	-3.235092E-2
5.080859E+0	4.177644E-1	2.546165E+1	4.453227E-1	2.747147E+1	-6.246099E-2	-3.290047E-2
5.082031E+0	4.174029E-1	2.200862E+1	4.452706E-1	2.403837E+1	-6.317415E-2	-3.320171E-2
5.083203E+0	4.169877E-1	1.858010E+1	4.451467E-1	2.060887E+1	-6.384497E-2	-3.316191E-2
5.084375E+0	4.166740E-1	1.515762E+1	4.449467E-1	1.718388E+1	-6.412731E-2	-3.311086E-2
5.085547E+0	4.163674E-1	1.171795E+1	4.446958E-1	1.376147E+1	-6.429833E-2	-3.338704E-2
5.086719E+0	4.158247E-1	8.267999E+0	4.443717E-1	1.034972E+1	-6.485883E-2	-3.399134E-2
5.087891E+0	4.150962E-1	4.838305E+0	4.440112E-1	6.943293E+0	-6.575309E-2	-3.433872E-2
5.089063E+0	4.143493E-1	1.446549E+0	4.436008E-1	3.540717E+0	-6.656489E-2	-3.413237E-2
5.090234E+0	4.137714E-1	-1.930520E+0	4.431871E-1	1.512092E-1	-6.698926E-2	-3.391403E-2
5.091406E+0	4.132916E-1	-5.320561E+0	4.427284E-1	-3.230154E+0	-6.711076E-2	-3.405109E-2
5.092578E+0	4.126711E-1	-8.721520E+0	4.422630E-1	-6.601234E+0	-6.754902E-2	-3.452201E-2
5.093750E+0	4.118986E-1	-1.210103E+1	4.418000E-1	-9.964067E+0	-6.832924E-2	-3.476468E-2
5.094922E+0	4.111711E-1	-1.544726E+1	4.413435E-1	-1.331465E+1	-6.901016E-2	-3.466845E-2
5.096094E+0	4.105781E-1	-1.877981E+1	4.409229E-1	-1.665594E+1	-6.946078E-2	-3.450952E-2
5.097266E+0	4.101530E-1	-2.210382E+1	4.405219E-1	-1.998865E+1	-6.957283E-2	-3.436390E-2
5.098438E+0	4.099110E-1	-2.544226E+1	4.401617E-1	-2.331280E+1	-6.936945E-2	-3.460383E-2
5.099609E+0	4.096685E-1	-2.880676E+1	4.398545E-1	-2.662728E+1	-6.930099E-2	-3.542004E-2
5.100781E+0	4.092982E-1	-3.217753E+1	4.395861E-1	-2.993436E+1	-6.961444E-2	-3.644387E-2
5.101953E+0	4.088638E-1	-3.553861E+1	4.393951E-1	-3.323500E+1	-7.023683E-2	-3.740182E-2
5.103125E+0	4.083436E-1	-3.890311E+1	4.392669E-1	-3.652962E+1	-7.119503E-2	-3.849797E-2
5.104297E+0	4.076943E-1	-4.223763E+1	4.392157E-1	-3.981937E+1	-7.259412E-2	-3.916591E-2
5.105469E+0	4.072077E-1	-4.553502E+1	4.392492E-1	-4.310770E+1	-7.377786E-2	-3.926264E-2
5.106641E+0	4.070142E-1	-4.881789E+1	4.393766E-1	-4.638946E+1	-7.448719E-2	-3.925053E-2
5.107813E+0	4.071836E-1	-5.212895E+1	4.396028E-1	-4.967199E+1	-7.459807E-2	-3.970747E-2
5.108984E+0	4.072610E-1	-5.548565E+1	4.398986E-1	-5.295380E+1	-7.509722E-2	-4.089726E-2
5.110156E+0	4.071462E-1	-5.883891E+1	4.402892E-1	-5.623725E+1	-7.622868E-2	-4.197503E-2
5.111328E+0	4.071347E-1	-6.216407E+1	4.407912E-1	-5.952317E+1	-7.733572E-2	-4.255795E-2
5.112500E+0	4.075216E-1	-6.551484E+1	4.413915E-1	-6.281323E+1	-7.776054E-2	-4.351768E-2
5.113672E+0	4.077596E-1	-6.893732E+1	4.420569E-1	-6.610647E+1	-7.871134E-2	-4.555579E-2
5.114844E+0	4.074709E-1	-7.234798E+1	4.428113E-1	-6.940929E+1	-8.101925E-2	-4.717573E-2
5.116016E+0	4.073390E-1	-7.570001E+1	4.436576E-1	-7.271875E+1	-8.310439E-2	-4.775175E-2
5.117187E+0	4.075508E-1	-7.907531E+1	4.445740E-1	-7.603718E+1	-8.456639E-2	-4.858675E-2
5.118359E+0	4.076336E-1	-8.248765E+1	4.455806E-1	-7.936518E+1	-8.652122E-2	-4.983154E-2
5.119531E+0	4.076129E-1	-8.588695E+1	4.466362E-1	-8.270694E+1	-8.877684E-2	-5.062638E-2
5.120703E+0	4.077495E-1	-8.928551E+1	4.477524E-1	-8.605779E+1	-9.078620E-2	-5.127421E-2
5.121875E+0	4.081020E-1	-9.270152E+1	4.489377E-1	-8.942355E+1	-9.244803E-2	-5.197901E-2
5.123047E+0	4.085120E-1	-9.617734E+1	4.501534E-1	-9.280234E+1	-9.407886E-2	-5.342497E-2
5.124219E+0	4.086006E-1	-9.970494E+1	4.514057E-1	-9.619518E+1	-9.652399E-2	-5.541344E-2
5.125391E+0	4.083296E-1	-1.032443E+2	4.526612E-1	-9.960338E+1	-9.975620E-2	-5.728406E-2
5.126563E+0	4.078552E-1	-1.067803E+2	4.539224E-1	-1.030268E+2	-1.034143E-1	-5.882033E-2
5.127734E+0	4.071588E-1	-1.103250E+2	4.552060E-1	-1.064654E+2	-1.075791E-1	-6.020700E-2
5.128906E+0	4.061990E-1	-1.138590E+2	4.564515E-1	-1.099206E+2	-1.121954E-1	-6.112225E-2
5.130078E+0	4.051157E-1	-1.173670E+2	4.576699E-1	-1.133909E+2	-1.169605E-1	-6.137800E-2
5.131250E+0	4.041063E-1	-1.208631E+2	4.588383E-1	-1.168775E+2	-1.214138E-1	-6.121484E-2
5.132422E+0	4.030279E-1	-1.243859E+2	4.599377E-1	-1.203782E+2	-1.258765E-1	-6.124272E-2
5.133594E+0	4.016793E-1	-1.279089E+2	4.609782E-1	-1.238934E+2	-1.307762E-1	-6.101835E-2
5.134766E+0	4.002375E-1	-1.314066E+2	4.619566E-1	-1.274209E+2	-1.356991E-1	-6.022104E-2
5.135938E+0	3.989367E-1	-1.349247E+2	4.628050E-1	-1.309631E+2	-1.400623E-1	-5.955358E-2
5.137109E+0	3.973760E-1	-1.384953E+2	4.635399E-1	-1.345146E+2	-1.448043E-1	-5.951164E-2
5.138281E+0	3.954259E-1	-1.420874E+2	4.641811E-1	-1.380764E+2	-1.502081E-1	-5.958719E-2
5.139453E+0	3.930984E-1	-1.457149E+2	4.646855E-1	-1.416458E+2	-1.561874E-1	-6.002784E-2
5.140625E+0	3.899396E-1	-1.493858E+2	4.650515E-1	-1.452221E+2	-1.637261E-1	-6.087946E-2
5.141797E+0	3.857270E-1	-1.530154E+2	4.652713E-1	-1.488032E+2	-1.732026E-1	-6.089321E-2
5.142969E+0	3.807702E-1	-1.565527E+2	4.653442E-1	-1.523879E+2	-1.839058E-1	-5.942616E-2
5.144141E+0	3.751478E-1	-1.600123E+2	4.652593E-1	-1.559724E+2	-1.956837E-1	-5.680616E-2
5.145313E+0	3.685441E-1	-1.633522E+2	4.650267E-1	-1.595580E+2	-2.092146E-1	-5.244350E-2
5.146484E+0	3.609207E-1	-1.664669E+2	4.646584E-1	-1.631385E+2	-2.245661E-1	-4.509689E-2
5.147656E+0	3.528916E-1	-1.691631E+2	4.641324E-1	-1.667146E+2	-2.403689E-1	-3.248215E-2
5.148828E+0	3.461766E-1	-1.713751E+2	4.634588E-1	-1.702838E+2	-2.531940E-1	-1.422597E-2
5.150000E+0	3.420849E-1	-1.732944E+2	4.626597E-1	-1.738451E+2	-2.606464E-1	7.106536E-3
5.151172E+0	3.404342E-1	-1.752127E+2	4.617416E-1	-1.773954E+2	-2.632520E-1	2.808022E-2
5.152344E+0	3.399098E-1	-1.772456E+2	4.606906E-1	1.790657E+2	-2.637019E-1	4.746844E-2
5.153516E+0	3.394479E-1	-1.791771E+2	4.595501E-1	1.755410E+2	-2.644838E-1	6.799743E-2
5.154688E+0	3.412722E-1	1.792478E+2	4.583024E-1	1.720295E+2	-2.612574E-1	9.356461E-2
5.155859E+0	3.478010E-1	1.775533E+2	4.569868E-1	1.685331E+2	-2.483376E-1	1.193233E-1
5.157031E+0	3.570385E-1	1.752392E+2	4.556282E-1	1.650542E+2	-2.287302E-1	1.385649E-1
5.158203E+0	3.665847E-1	1.723400E+2	4.542150E-1	1.615916E+2	-2.070865E-1	1.505164E-1
5.159375E+0	3.751487E-1	1.690169E+2	4.527503E-1	1.581461E+2	-1.862697E-1	1.562697E-1
5.160547E+0	3.821501E-1	1.654521E+2	4.512789E-1	1.547198E+2	-1.679967E-1	1.576945E-1
5.161719E+0	3.877637E-1	1.617961E+2	4.497869E-1	1.513115E+2	-1.522885E-1	1.568784E-1
5.162891E+0	3.922984E-1	1.580877E+2	4.483117E-1	1.479218E+2	-1.386804E-1	1.544467E-1
5.164062E+0	3.958117E-1	1.543746E+2	4.468748E-1	1.445477E+2	-1.272627E-1	1.511699E-1
5.165234E+0	3.985154E-1	1.506756E+2	4.454614E-1	1.411946E+2	-1.176075E-1	1.473611E-1
5.166406E+0	4.006015E-1	1.470051E+2	4.440995E-1	1.378546E+2	-1.094260E-1	1.434520E-1
5.167578E+0	4.021698E-1	1.433678E+2	4.427789E-1	1.345326E+2	-1.024917E-1	1.395063E-1
5.168750E+0	4.033520E-1	1.397676E+2	4.415711E-1	1.312235E+2	-9.669016E-2	1.357114E-1
5.169922E+0	4.042164E-1	1.362106E+2	4.404368E-1	1.279307E+2	-9.180387E-2	1.321661E-1
5.171094E+0	4.049073E-1	1.326980E+2	4.394019E-1	1.246508E+2	-8.757743E-2	1.289992E-1
5.172266E+0	4.055012E-1	1.292273E+2	4.384530E-1	1.213804E+2	-8.381456E-2	1.262659E-1
5.173438E+0	4.061472E-1	1.257880E+2	4.376175E-1	1.181204E+2	-8.021101E-2	1.238308E-1
5.174609E+0	4.068130E-1	1.223700E+2	4.368856E-1	1.148674E+2	-7.680581E-2	1.215834E-1
5.175781E+0	4.075264E-1	1.189594E+2	4.362892E-1	1.116238E+2	-7.357111E-2	1.192634E-1
5.176953E+0	4.082153E-1	1.155604E+2	4.358029E-1	1.083839E+2	-7.064099E-2	1.170181E-1
5.178125E+0	4.088723E-1	1.121699E+2	4.354511E-1	1.051497E+2	-6.807668E-2	1.147593E-1
5.179297E+0	4.095315E-1	1.087978E+2	4.352251E-1	1.019178E+2	-6.581088E-2	1.127185E-1
5.180469E+0	4.102395E-1	1.054422E+2	4.351334E-1	9.868344E+1	-6.376176E-2	1.109562E-1
5.181641E+0	4.110453E-1	1.020965E+2	4.351659E-1	9.544836E+1	-6.177996E-2	1.093547E-1
5.182813E+0	4.119678E-1	9.875981E+1	4.353271E-1	9.221138E+1	-5.983329E-2	1.079235E-1
5.183984E+0	4.130204E-1	9.542249E+1	4.355964E-1	8.896703E+1	-5.783963E-2	1.066038E-1
5.185156E+0	4.141922E-1	9.207932E+1	4.360017E-1	8.571799E+1	-5.587068E-2	1.052559E-1
5.186328E+0	4.154643E-1	8.872739E+1	4.365205E-1	8.246024E+1	-5.392447E-2	1.038987E-1
5.187500E+0	4.168070E-1	8.536651E+1	4.371450E-1	7.919232E+1	-5.205523E-2	1.025477E-1
5.188672E+0	4.182084E-1	8.199145E+1	4.378737E-1	7.591409E+1	-5.027863E-2	1.011164E-1
5.189844E+0	4.196336E-1	7.860677E+1	4.386881E-1	7.262094E+1	-4.865065E-2	9.975297E-2
5.191016E+0	4.211140E-1	7.521173E+1	4.396106E-1	6.931821E+1	-4.713814E-2	9.835978E-2
5.192188E+0	4.225976E-1	7.180760E+1	4.405833E-1	6.600273E+1	-4.574102E-2	9.701204E-2
5.193359E+0	4.241159E-1	6.839434E+1	4.416392E-1	6.267422E+1	-4.445966E-2	9.571451E-2
5.194531E+0	4.256516E-1	6.497288E+1	4.427184E-1	5.933264E+1	-4.320476E-2	9.449308E-2
5.195703E+0	4.272237E-1	6.154229E+1	4.438598E-1	5.597759E+1	-4.201656E-2	9.333524E-2
5.196875E+0	4.287977E-1	5.810401E+1	4.450026E-1	5.260818E+1	-4.084473E-2	9.228569E-2
5.198047E+0	4.303753E-1	5.465420E+1	4.461779E-1	4.922797E+1	-3.974022E-2	9.121483E-2
5.199219E+0	4.319371E-1	5.119296E+1	4.473236E-1	4.582889E+1	-3.862538E-2	9.026843E-2
5.200391E+0	4.334648E-1	4.771858E+1	4.484631E-1	4.241779E+1	-3.757733E-2	8.929464E-2
5.201563E+0	4.349558E-1	4.422959E+1	4.495507E-1	3.898728E+1	-3.651253E-2	8.840166E-2
5.202734E+0	4.364031E-1	4.072595E+1	4.505806E-1	3.554291E+1	-3.542512E-2	8.749531E-2
5.203906E+0	4.377770E-1	3.720624E+1	4.515359E-1	3.208377E+1	-3.434351E-2	8.656428E-2
5.205078E+0	4.390483E-1	3.367050E+1	4.524226E-1	2.860957E+1	-3.334482E-2	8.560730E-2
5.206250E+0	4.402264E-1	3.012243E+1	4.531771E-1	2.512015E+1	-3.227749E-2	8.470355E-2
5.207422E+0	4.412799E-1	2.656044E+1	4.538465E-1	2.161695E+1	-3.130592E-2	8.378711E-2
5.208594E+0	4.422000E-1	2.298176E+1	4.543792E-1	1.810146E+1	-3.033226E-2	8.279401E-2
5.209766E+0	4.429827E-1	1.939271E+1	4.547639E-1	1.457426E+1	-2.934877E-2	8.182264E-2
5.210937E+0	4.436046E-1	1.579370E+1	4.550300E-1	1.103706E+1	-2.846674E-2	8.084156E-2
5.212109E+0	4.440645E-1	1.218977E+1	4.551455E-1	7.494656E+0	-2.761999E-2	7.986071E-2
5.213281E+0	4.443653E-1	8.580287E+0	4.551159E-1	3.943748E+0	-2.681684E-2	7.892513E-2
5.214453E+0	4.445061E-1	4.969197E+0	4.549465E-1	3.955368E-1	-2.605991E-2	7.791074E-2
5.215625E+0	4.444703E-1	1.363383E+0	4.546256E-1	-3.152902E+0	-2.537337E-2	7.698352E-2
5.216797E+0	4.443125E-1	-2.237243E+0	4.541588E-1	-6.694886E+0	-2.463966E-2	7.603705E-2
5.217969E+0	4.440113E-1	-5.826860E+0	4.535943E-1	-1.022656E+1	-2.401140E-2	7.509309E-2
5.219141E+0	4.435720E-1	-9.406583E+0	4.528980E-1	-1.375158E+1	-2.340671E-2	7.420176E-2
5.220313E+0	4.430184E-1	-1.297170E+1	4.521044E-1	-1.726209E+1	-2.284311E-2	7.330798E-2
5.221484E+0	4.423750E-1	-1.652400E+1	4.512144E-1	-2.075772E+1	-2.226558E-2	7.237888E-2
5.222656E+0	4.416126E-1	-2.006098E+1	4.502384E-1	-2.424019E+1	-2.176637E-2	7.148013E-2
5.223828E+0	4.407910E-1	-2.357817E+1	4.491978E-1	-2.770597E+1	-2.126062E-2	7.063425E-2
5.225000E+0	4.398965E-1	-2.707841E+1	4.481092E-1	-3.115416E+1	-2.081015E-2	6.977265E-2
5.226172E+0	4.389604E-1	-3.056038E+1	4.470041E-1	-3.458503E+1	-2.041637E-2	6.892267E-2
5.227344E+0	4.379857E-1	-3.402303E+1	4.458714E-1	-3.799794E+1	-2.004900E-2	6.809364E-2
5.228516E+0	4.369932E-1	-3.746696E+1	4.447278E-1	-4.139355E+1	-1.969833E-2	6.728733E-2
5.229688E+0	4.360365E-1	-4.089155E+1	4.436216E-1	-4.477307E+1	-1.935275E-2	6.653606E-2
5.230859E+0	4.350923E-1	-4.429855E+1	4.425342E-1	-4.813433E+1	-1.901900E-2	6.577202E-2
5.232031E+0	4.341718E-1	-4.768673E+1	4.415040E-1	-5.148143E+1	-1.876332E-2	6.508250E-2
5.233203E+0	4.333016E-1	-5.106011E+1	4.405354E-1	-5.481209E+1	-1.852862E-2	6.436310E-2
5.234375E+0	4.325165E-1	-5.441912E+1	4.396242E-1	-5.813050E+1	-1.823098E-2	6.368397E-2
5.235547E+0	4.317901E-1	-5.776042E+1	4.388159E-1	-6.143399E+1	-1.803264E-2	6.304613E-2
5.236719E+0	4.311539E-1	-6.109382E+1	4.380699E-1	-6.472811E+1	-1.776671E-2	6.238707E-2
5.237891E+0	4.305913E-1	-6.441215E+1	4.374387E-1	-6.800871E+1	-1.759207E-2	6.174865E-2
5.239063E+0	4.301449E-1	-6.772100E+1	4.369078E-1	-7.128519E+1	-1.738329E-2	6.120446E-2
5.240234E+0	4.297944E-1	-7.102339E+1	4.364808E-1	-7.455116E+1	-1.718477E-2	6.058970E-2
5.241406E+0	4.295266E-1	-7.431931E+1	4.361849E-1	-7.781396E+1	-1.709598E-2	6.002486E-2
5.242578E+0	4.293997E-1	-7.760776E+1	4.359903E-1	-8.107220E+1	-1.691627E-2	5.951558E-2
5.243750E+0	4.294000E-1	-8.089420E+1	4.359112E-1	-8.432842E+1	-1.670593E-2	5.900780E-2
5.244922E+0	4.295107E-1	-8.417844E+1	4.359695E-1	-8.758398E+1	-1.655455E-2	5.852285E-2
5.246094E+0	4.297247E-1	-8.746213E+1	4.361347E-1	-9.084078E+1	-1.640989E-2	5.806822E-2
5.247266E+0	4.300858E-1	-9.074968E+1	4.364381E-1	-9.410189E+1	-1.624102E-2	5.762265E-2
5.248438E+0	4.305526E-1	-9.404060E+1	4.368481E-1	-9.736494E+1	-1.606967E-2	5.715245E-2
5.249609E+0	4.311274E-1	-9.733710E+1	4.373818E-1	-1.006382E+2	-1.593520E-2	5.675978E-2
5.250781E+0	4.318153E-1	-1.006402E+2	4.380070E-1	-1.039180E+2	-1.574890E-2	5.636894E-2
5.251953E+0	4.326008E-1	-1.039534E+2	4.387434E-1	-1.072075E+2	-1.559025E-2	5.596951E-2
5.253125E+0	4.334739E-1	-1.072773E+2	4.395777E-1	-1.105072E+2	-1.545204E-2	5.556019E-2
5.254297E+0	4.344416E-1	-1.106095E+2	4.404802E-1	-1.138203E+2	-1.525738E-2	5.524186E-2
5.255469E+0	4.354745E-1	-1.139558E+2	4.414595E-1	-1.171441E+2	-1.508418E-2	5.486359E-2
5.256641E+0	4.365847E-1	-1.173166E+2	4.425296E-1	-1.204821E+2	-1.493921E-2	5.447847E-2
5.257812E+0	4.377620E-1	-1.206899E+2	4.436428E-1	-1.238374E+2	-1.474422E-2	5.417879E-2
5.258984E+0	4.389870E-1	-1.240824E+2	4.447951E-1	-1.272069E+2	-1.452506E-2	5.379406E-2
5.260156E+0	4.402255E-1	-1.274894E+2	4.459943E-1	-1.305939E+2	-1.438329E-2	5.345673E-2
5.261328E+0	4.414959E-1	-1.309111E+2	4.472158E-1	-1.339973E+2	-1.422181E-2	5.314972E-2
5.262500E+0	4.427651E-1	-1.343502E+2	4.484333E-1	-1.374171E+2	-1.405416E-2	5.282568E-2
5.263672E+0	4.440385E-1	-1.378066E+2	4.496527E-1	-1.408545E+2	-1.388254E-2	5.250693E-2
5.264844E+0	4.452969E-1	-1.412814E+2	4.508401E-1	-1.443105E+2	-1.367526E-2	5.219342E-2
5.266016E+0	4.465283E-1	-1.447728E+2	4.520094E-1	-1.477833E+2	-1.348941E-2	5.188211E-2
5.267188E+0	4.477028E-1	-1.482809E+2	4.531102E-1	-1.512746E+2	-1.328239E-2	5.160289E-2
5.268359E+0	4.488292E-1	-1.518066E+2	4.541577E-1	-1.547813E+2	-1.306435E-2	5.128612E-2
5.269531E+0	4.498545E-1	-1.553477E+2	4.551215E-1	-1.583059E+2	-1.288986E-2	5.101016E-2
5.270703E+0	4.507654E-1	-1.589043E+2	4.559681E-1	-1.618439E+2	-1.271106E-2	5.069804E-2
5.271875E+0	4.516162E-1	-1.624719E+2	4.567074E-1	-1.653945E+2	-1.243380E-2	5.041849E-2
5.273047E+0	4.523129E-1	-1.660513E+2	4.573631E-1	-1.689559E+2	-1.231251E-2	5.011359E-2
5.274219E+0	4.528789E-1	-1.696438E+2	4.578469E-1	-1.725279E+2	-1.210369E-2	4.976982E-2
5.275391E+0	4.533117E-1	-1.732439E+2	4.581826E-1	-1.761100E+2	-1.186850E-2	4.947046E-2
5.276563E+0	4.536021E-1	-1.768499E+2	4.583715E-1	-1.796974E+2	-1.162695E-2	4.916089E-2
5.277734E+0	4.537265E-1	1.795399E+2	4.583960E-1	1.767089E+2	-1.139461E-2	4.888705E-2
5.278906E+0	4.536695E-1	1.759268E+2	4.582568E-1	1.731162E+2	-1.120120E-2	4.854370E-2
5.280078E+0	4.534359E-1	1.723109E+2	4.579470E-1	1.695210E+2	-1.102429E-2	4.819423E-2
5.281250E+0	4.530633E-1	1.686982E+2	4.574825E-1	1.659293E+2	-1.081604E-2	4.784097E-2
5.282422E+0	4.524929E-1	1.650892E+2	4.568098E-1	1.623429E+2	-1.058777E-2	4.746084E-2
5.283594E+0	4.517615E-1	1.614910E+2	4.559886E-1	1.587621E+2	-1.039369E-2	4.716893E-2
5.284766E+0	4.508779E-1	1.578993E+2	4.550299E-1	1.551903E+2	-1.023201E-2	4.683209E-2
5.285938E+0	4.498337E-1	1.543168E+2	4.539178E-1	1.516332E+2	-1.008426E-2	4.639927E-2
5.287109E+0	4.486515E-1	1.507486E+2	4.526483E-1	1.480884E+2	-9.897942E-3	4.600276E-2
5.288281E+0	4.473444E-1	1.472009E+2	4.512841E-1	1.445590E+2	-9.783570E-3	4.569112E-2
5.289453E+0	4.459149E-1	1.436685E+2	4.497761E-1	1.410470E+2	-9.622255E-3	4.534520E-2
5.290625E+0	4.443991E-1	1.401553E+2	4.482079E-1	1.375562E+2	-9.517818E-3	4.496194E-2
5.291797E+0	4.428144E-1	1.366635E+2	4.465675E-1	1.340853E+2	-9.408064E-3	4.460484E-2
5.292969E+0	4.411697E-1	1.331918E+2	4.448459E-1	1.306362E+2	-9.250343E-3	4.422036E-2
5.294141E+0	4.394847E-1	1.297439E+2	4.431293E-1	1.272089E+2	-9.195249E-3	4.386589E-2
5.295313E+0	4.377726E-1	1.263191E+2	4.413777E-1	1.238056E+2	-9.122060E-3	4.349658E-2
5.296484E+0	4.360708E-1	1.229128E+2	4.396194E-1	1.204231E+2	-9.008316E-3	4.308914E-2
5.297656E+0	4.343957E-1	1.195338E+2	4.379051E-1	1.170663E+2	-8.933831E-3	4.270766E-2
5.298828E+0	4.327475E-1	1.161765E+2	4.362383E-1	1.137275E+2	-8.908088E-3	4.238817E-2
5.300000E+0	4.311438E-1	1.128389E+2	4.346196E-1	1.104115E+2	-8.887472E-3	4.201473E-2
5.301172E+0	4.295995E-1	1.095265E+2	4.330730E-1	1.071197E+2	-8.895659E-3	4.165741E-2
5.302344E+0	4.281435E-1	1.062315E+2	4.316240E-1	1.038427E+2	-8.925727E-3	4.134425E-2
5.303516E+0	4.267987E-1	1.029566E+2	4.302676E-1	1.005866E+2	-8.910677E-3	4.101912E-2
5.304687E+0	4.255643E-1	9.969917E+1	4.290542E-1	9.734601E+1	-8.970348E-3	4.072487E-2
5.305859E+0	4.244526E-1	9.645567E+1	4.279401E-1	9.412109E+1	-8.972749E-3	4.040287E-2
5.307031E+0	4.234695E-1	9.322797E+1	4.269839E-1	9.091022E+1	-9.042107E-3	4.010847E-2
5.308203E+0	4.226279E-1	9.001056E+1	4.261822E-1	8.771099E+1	-9.138448E-3	3.978966E-2
5.309375E+0	4.219565E-1	8.680460E+1	4.255019E-1	8.451936E+1	-9.120951E-3	3.954214E-2
5.310547E+0	4.214140E-1	8.360362E+1	4.250135E-1	8.133414E+1	-9.246869E-3	3.926417E-2
5.311719E+0	4.210564E-1	8.040768E+1	4.246774E-1	7.815546E+1	-9.292371E-3	3.896345E-2
5.312891E+0	4.208167E-1	7.721555E+1	4.245225E-1	7.497715E+1	-9.485712E-3	3.871657E-2
5.314063E+0	4.207446E-1	7.402264E+1	4.245092E-1	7.179879E+1	-9.614594E-3	3.845964E-2
5.315234E+0	4.208103E-1	7.082971E+1	4.246697E-1	6.861628E+1	-9.827333E-3	3.827104E-2
5.316406E+0	4.210328E-1	6.763566E+1	4.249886E-1	6.543201E+1	-1.004066E-2	3.809356E-2
5.317578E+0	4.214007E-1	6.443924E+1	4.254520E-1	6.224046E+1	-1.025160E-2	3.800119E-2
5.318750E+0	4.219045E-1	6.123985E+1	4.260883E-1	5.903857E+1	-1.054979E-2	3.803298E-2
5.319922E+0	4.225852E-1	5.803688E+1	4.268453E-1	5.582737E+1	-1.071648E-2	3.816888E-2
5.321094E+0	4.234628E-1	5.482236E+1	4.277560E-1	5.260256E+1	-1.077944E-2	3.834438E-2
5.322266E+0	4.245258E-1	5.159384E+1	4.287564E-1	4.936316E+1	-1.061745E-2	3.853882E-2
5.323438E+0	4.257101E-1	4.834201E+1	4.299181E-1	4.610913E+1	-1.053976E-2	3.857989E-2
5.324609E+0	4.270010E-1	4.507128E+1	4.311548E-1	4.283474E+1	-1.038856E-2	3.864910E-2
5.325781E+0	4.284162E-1	4.178205E+1	4.325022E-1	3.954313E+1	-1.020353E-2	3.869751E-2
5.326953E+0	4.298935E-1	3.846847E+1	4.339124E-1	3.623436E+1	-1.001508E-2	3.862164E-2
5.328125E+0	4.314353E-1	3.513381E+1	4.353804E-1	3.290107E+1	-9.813575E-3	3.860579E-2
5.329297E+0	4.330161E-1	3.177429E+1	4.369114E-1	2.954718E+1	-9.664162E-3	3.851415E-2
5.330469E+0	4.346166E-1	2.839360E+1	4.384512E-1	2.617120E+1	-9.491375E-3	3.843932E-2
5.331641E+0	4.362374E-1	2.498898E+1	4.400158E-1	2.277342E+1	-9.328091E-3	3.832722E-2
5.332813E+0	4.378526E-1	2.155932E+1	4.415800E-1	1.935213E+1	-9.176699E-3	3.818811E-2
5.333984E+0	4.394725E-1	1.809981E+1	4.431626E-1	1.590040E+1	-9.057295E-3	3.805796E-2
5.335156E+0	4.410475E-1	1.461995E+1	4.446862E-1	1.242781E+1	-8.908463E-3	3.793774E-2
5.336328E+0	4.425551E-1	1.112116E+1	4.461534E-1	8.937285E+0	-8.785625E-3	3.779924E-2
5.337500E+0	4.440047E-1	7.599461E+0	4.475613E-1	5.423297E+0	-8.662090E-3	3.767035E-2
5.338672E+0	4.453364E-1	4.062405E+0	4.488404E-1	1.892769E+0	-8.518068E-3	3.756269E-2
5.339844E+0	4.465850E-1	5.077958E-1	4.500368E-1	-1.653391E+0	-8.375892E-3	3.742164E-2
5.341016E+0	4.477105E-1	-3.062361E+0	4.511095E-1	-5.214561E+0	-8.234847E-3	3.727118E-2
5.342188E+0	4.487033E-1	-6.645384E+0	4.520502E-1	-8.790640E+0	-8.099496E-3	3.715589E-2
5.343359E+0	4.495410E-1	-1.024034E+1	4.528363E-1	-1.237645E+1	-7.966865E-3	3.700228E-2
5.344531E+0	4.502645E-1	-1.384421E+1	4.534724E-1	-1.597136E+1	-7.758288E-3	3.685467E-2
5.345703E+0	4.507709E-1	-1.745473E+1	4.539590E-1	-1.957193E+1	-7.700738E-3	3.668425E-2
5.346875E+0	4.511702E-1	-2.107133E+1	4.542914E-1	-2.318030E+1	-7.543182E-3	3.654732E-2
5.348047E+0	4.513692E-1	-2.469275E+1	4.544477E-1	-2.679114E+1	-7.440191E-3	3.636759E-2
5.349219E+0	4.514120E-1	-2.831346E+1	4.544381E-1	-3.040210E+1	-7.318929E-3	3.620288E-2
5.350391E+0	4.512916E-1	-3.193314E+1	4.542424E-1	-3.401044E+1	-7.148989E-3	3.601231E-2
5.351562E+0	4.509838E-1	-3.554722E+1	4.538970E-1	-3.761571E+1	-7.065619E-3	3.586246E-2
5.352734E+0	4.505232E-1	-3.915786E+1	4.533886E-1	-4.121358E+1	-6.959483E-3	3.564468E-2
5.353906E+0	4.499250E-1	-4.275664E+1	4.527486E-1	-4.480256E+1	-6.870062E-3	3.547780E-2
5.355078E+0	4.491663E-1	-4.634649E+1	4.519405E-1	-4.838015E+1	-6.764401E-3	3.526878E-2
5.356250E+0	4.482955E-1	-4.992419E+1	4.510044E-1	-5.194552E+1	-6.624869E-3	3.505969E-2
5.357422E+0	4.472870E-1	-5.348931E+1	4.499662E-1	-5.549835E+1	-6.565257E-3	3.484844E-2
5.358594E+0	4.461716E-1	-5.703844E+1	4.488223E-1	-5.903843E+1	-6.511470E-3	3.469321E-2
5.359766E+0	4.449740E-1	-6.057271E+1	4.475661E-1	-6.256175E+1	-6.390573E-3	3.450731E-2
5.360938E+0	4.436872E-1	-6.408955E+1	4.462520E-1	-6.606615E+1	-6.339009E-3	3.429310E-2
5.362109E+0	4.423278E-1	-6.758973E+1	4.448491E-1	-6.955418E+1	-6.252145E-3	3.408512E-2
5.363281E+0	4.409278E-1	-7.107169E+1	4.434213E-1	-7.302481E+1	-6.201006E-3	3.389012E-2
5.364453E+0	4.395079E-1	-7.453277E+1	4.419809E-1	-7.647536E+1	-6.166754E-3	3.370843E-2
5.365625E+0	4.380517E-1	-7.797765E+1	4.404950E-1	-7.990521E+1	-6.109424E-3	3.344935E-2
5.366797E+0	4.366088E-1	-8.140139E+1	4.390304E-1	-8.332220E+1	-6.074584E-3	3.333330E-2
5.367969E+0	4.351571E-1	-8.480740E+1	4.375752E-1	-8.671555E+1	-6.077582E-3	3.311334E-2
5.369141E+0	4.337518E-1	-8.819758E+1	4.361617E-1	-9.009454E+1	-6.070243E-3	3.291925E-2
5.370313E+0	4.323783E-1	-9.157008E+1	4.347741E-1	-9.345422E+1	-6.048113E-3	3.269734E-2
5.371484E+0	4.310695E-1	-9.492436E+1	4.334566E-1	-9.679856E+1	-6.039135E-3	3.252502E-2
5.372656E+0	4.298382E-1	-9.826292E+1	4.322194E-1	-1.001275E+2	-6.035801E-3	3.235806E-2
5.373828E+0	4.286759E-1	-1.015876E+2	4.310624E-1	-1.034415E+2	-6.056855E-3	3.217191E-2
5.375000E+0	4.276286E-1	-1.048961E+2	4.300140E-1	-1.067422E+2	-6.063418E-3	3.203624E-2
5.376172E+0	4.266576E-1	-1.081934E+2	4.290305E-1	-1.100298E+2	-6.041598E-3	3.186850E-2
5.377344E+0	4.258052E-1	-1.114786E+2	4.282110E-1	-1.133049E+2	-6.123368E-3	3.169050E-2
5.378516E+0	4.250684E-1	-1.147543E+2	4.274669E-1	-1.165731E+2	-6.111934E-3	3.156063E-2
5.379688E+0	4.244543E-1	-1.180228E+2	4.268658E-1	-1.198327E+2	-6.145380E-3	3.140504E-2
5.380859E+0	4.239575E-1	-1.212838E+2	4.263661E-1	-1.230871E+2	-6.141588E-3	3.129056E-2
5.382031E+0	4.235915E-1	-1.245431E+2	4.260125E-1	-1.263388E+2	-6.171226E-3	3.115767E-2
5.383203E+0	4.233542E-1	-1.277981E+2	4.257796E-1	-1.295867E+2	-6.180809E-3	3.103409E-2
5.384375E+0	4.232523E-1	-1.310517E+2	4.256759E-1	-1.328339E+2	-6.174509E-3	3.092317E-2
5.385547E+0	4.232754E-1	-1.343096E+2	4.257142E-1	-1.360863E+2	-6.206721E-3	3.082668E-2
5.386719E+0	4.234183E-1	-1.375697E+2	4.258915E-1	-1.393403E+2	-6.281794E-3	3.071845E-2
5.387891E+0	4.236811E-1	-1.408356E+2	4.261595E-1	-1.426019E+2	-6.288037E-3	3.064361E-2
5.389063E+0	4.240618E-1	-1.441075E+2	4.265446E-1	-1.458688E+2	-6.290429E-3	3.055674E-2
5.390234E+0	4.245299E-1	-1.473896E+2	4.270411E-1	-1.491457E+2	-6.347369E-3	3.046472E-2
5.391406E+0	4.251139E-1	-1.506816E+2	4.276243E-1	-1.524331E+2	-6.335040E-3	3.038525E-2
5.392578E+0	4.257939E-1	-1.539848E+2	4.283039E-1	-1.557334E+2	-6.323259E-3	3.033527E-2
5.393750E+0	4.265205E-1	-1.573015E+2	4.290493E-1	-1.590448E+2	-6.354078E-3	3.024233E-2
5.394922E+0	4.273367E-1	-1.606309E+2	4.298595E-1	-1.623717E+2	-6.327704E-3	3.019973E-2
5.396094E+0	4.281939E-1	-1.639759E+2	4.307196E-1	-1.657146E+2	-6.321614E-3	3.016346E-2
5.397266E+0	4.291010E-1	-1.673360E+2	4.316162E-1	-1.690728E+2	-6.284122E-3	3.013162E-2
5.398437E+0	4.300252E-1	-1.707153E+2	4.325299E-1	-1.724442E+2	-6.243408E-3	2.999571E-2
5.399609E+0	4.309532E-1	-1.741065E+2	4.334539E-1	-1.758355E+2	-6.221898E-3	2.999809E-2
5.400781E+0	4.318745E-1	-1.775143E+2	4.343953E-1	-1.792405E+2	-6.254186E-3	2.994851E-2
5.401953E+0	4.327726E-1	1.790624E+2	4.352671E-1	1.773411E+2	-6.179615E-3	2.986569E-2
5.403125E+0	4.336419E-1	1.756245E+2	4.361365E-1	1.739085E+2	-6.165667E-3	2.977409E-2
5.404297E+0	4.344726E-1	1.721729E+2	4.369331E-1	1.704591E+2	-6.076092E-3	2.973858E-2
5.405469E+0	4.352372E-1	1.687092E+2	4.376884E-1	1.669979E+2	-6.043844E-3	2.969613E-2
5.406641E+0	4.359041E-1	1.652336E+2	4.383535E-1	1.635252E+2	-6.029744E-3	2.964620E-2
5.407813E+0	4.365258E-1	1.617467E+2	4.389419E-1	1.600440E+2	-5.943482E-3	2.954979E-2
5.408984E+0	4.370279E-1	1.582518E+2	4.394204E-1	1.565543E+2	-5.881129E-3	2.946134E-2
5.410156E+0	4.374546E-1	1.547493E+2	4.398170E-1	1.530579E+2	-5.804683E-3	2.935767E-2
5.411328E+0	4.377782E-1	1.512451E+2	4.401128E-1	1.495575E+2	-5.735991E-3	2.929370E-2
5.412500E+0	4.379907E-1	1.477341E+2	4.403098E-1	1.460526E+2	-5.695319E-3	2.918895E-2
5.413672E+0	4.380854E-1	1.442260E+2	4.403892E-1	1.425464E+2	-5.658675E-3	2.915702E-2
5.414844E+0	4.381117E-1	1.407136E+2	4.403782E-1	1.390409E+2	-5.570638E-3	2.903974E-2
5.416016E+0	4.380033E-1	1.372042E+2	4.402606E-1	1.355377E+2	-5.547987E-3	2.893270E-2
5.417188E+0	4.378175E-1	1.337003E+2	4.400340E-1	1.320388E+2	-5.455424E-3	2.884853E-2
5.418359E+0	4.375096E-1	1.301996E+2	4.397267E-1	1.285458E+2	-5.456439E-3	2.871473E-2
5.419531E+0	4.371568E-1	1.267062E+2	4.393368E-1	1.250581E+2	-5.373649E-3	2.861809E-2
5.420703E+0	4.367101E-1	1.232204E+2	4.388657E-1	1.215795E+2	-5.319810E-3	2.849454E-2
5.421875E+0	4.361905E-1	1.197434E+2	4.383234E-1	1.181096E+2	-5.270594E-3	2.837259E-2
5.423047E+0	4.356093E-1	1.162766E+2	4.377480E-1	1.146475E+2	-5.287908E-3	2.829043E-2
5.424219E+0	4.349815E-1	1.128182E+2	4.371080E-1	1.111982E+2	-5.262678E-3	2.813303E-2
5.425391E+0	4.343344E-1	1.093723E+2	4.364319E-1	1.077570E+2	-5.201486E-3	2.805309E-2
5.426563E+0	4.336452E-1	1.059380E+2	4.357333E-1	1.043286E+2	-5.184740E-3	2.795104E-2
5.427734E+0	4.329485E-1	1.025146E+2	4.350165E-1	1.009129E+2	-5.142699E-3	2.781842E-2
5.428906E+0	4.322408E-1	9.910342E+1	4.343124E-1	9.750697E+1	-5.156144E-3	2.772682E-2
5.430078E+0	4.315453E-1	9.570358E+1	4.335867E-1	9.411243E+1	-5.091939E-3	2.763650E-2
5.431250E+0	4.308520E-1	9.231245E+1	4.329124E-1	9.073096E+1	-5.138496E-3	2.746735E-2
5.432422E+0	4.301859E-1	8.893629E+1	4.322433E-1	8.735751E+1	-5.137625E-3	2.742028E-2
5.433594E+0	4.295662E-1	8.556720E+1	4.316158E-1	8.399479E+1	-5.123435E-3	2.730998E-2
5.434766E+0	4.289735E-1	8.220941E+1	4.310078E-1	8.064316E+1	-5.091716E-3	2.720381E-2
5.435938E+0	4.284336E-1	7.886050E+1	4.304761E-1	7.729999E+1	-5.113865E-3	2.710346E-2
5.437109E+0	4.279311E-1	7.551907E+1	4.299873E-1	7.396297E+1	-5.149023E-3	2.702587E-2
5.438281E+0	4.275113E-1	7.218716E+1	4.295491E-1	7.063510E+1	-5.109176E-3	2.695675E-2
5.439453E+0	4.271597E-1	6.885977E+1	4.291940E-1	6.731388E+1	-5.102051E-3	2.684973E-2
5.440625E+0	4.268703E-1	6.553901E+1	4.289060E-1	6.399825E+1	-5.106096E-3	2.676048E-2
5.441797E+0	4.266563E-1	6.222319E+1	4.287026E-1	6.068583E+1	-5.131477E-3	2.670071E-2
5.442969E+0	4.265385E-1	5.891060E+1	4.285691E-1	5.737739E+1	-5.094412E-3	2.662959E-2
5.444141E+0	4.264880E-1	5.559871E+1	4.285285E-1	5.407207E+1	-5.114908E-3	2.651488E-2
5.445312E+0	4.265106E-1	5.229092E+1	4.285664E-1	5.076535E+1	-5.149679E-3	2.649536E-2
5.446484E+0	4.266272E-1	4.898017E+1	4.286862E-1	4.746214E+1	-5.152323E-3	2.636428E-2
5.447656E+0	4.268269E-1	4.567112E+1	4.288859E-1	4.415276E+1	-5.150240E-3	2.637007E-2
5.448828E+0	4.271408E-1	4.235767E+1	4.291884E-1	4.084444E+1	-5.117947E-3	2.628179E-2
5.450000E+0	4.275080E-1	3.904107E+1	4.295711E-1	3.753092E+1	-5.148357E-3	2.622747E-2
5.451172E+0	4.279696E-1	3.571848E+1	4.300295E-1	3.421352E+1	-5.133429E-3	2.613768E-2
5.452344E+0	4.284946E-1	3.239092E+1	4.305750E-1	3.088942E+1	-5.173380E-3	2.607651E-2
5.453516E+0	4.291288E-1	2.905318E+1	4.311959E-1	2.755805E+1	-5.132698E-3	2.596690E-2
5.454688E+0	4.298143E-1	2.571091E+1	4.318819E-1	2.421787E+1	-5.125297E-3	2.593078E-2
5.455859E+0	4.305675E-1	2.235970E+1	4.326324E-1	2.086513E+1	-5.111449E-3	2.595772E-2
5.457031E+0	4.313866E-1	1.899390E+1	4.334600E-1	1.750350E+1	-5.120056E-3	2.588504E-2
5.458203E+0	4.322413E-1	1.561831E+1	4.343230E-1	1.413130E+1	-5.128128E-3	2.582593E-2
5.459375E+0	4.331552E-1	1.222909E+1	4.352389E-1	1.074526E+1	-5.121207E-3	2.577085E-2
5.460547E+0	4.340887E-1	8.826112E+0	4.361855E-1	7.341330E+0	-5.141273E-3	2.578687E-2
5.461719E+0	4.350629E-1	5.407906E+0	4.371450E-1	3.928132E+0	-5.094859E-3	2.570106E-2
5.462891E+0	4.360437E-1	1.974324E+0	4.381152E-1	4.999069E-1	-5.057730E-3	2.560893E-2
5.464063E+0	4.370184E-1	-1.471498E+0	4.390873E-1	-2.947003E+0	-5.041832E-3	2.562825E-2
5.465234E+0	4.379745E-1	-4.934237E+0	4.400322E-1	-6.407439E+0	-5.005244E-3	2.558917E-2
5.466406E+0	4.388900E-1	-8.411715E+0	4.409576E-1	-9.882775E+0	-5.016921E-3	2.555165E-2
5.467578E+0	4.397399E-1	-1.190584E+1	4.418150E-1	-1.337373E+1	-5.023383E-3	2.549640E-2
5.468750E+0	4.405549E-1	-1.541230E+1	4.426292E-1	-1.687841E+1	-5.012148E-3	2.546575E-2
5.469922E+0	4.413101E-1	-1.893431E+1	4.433410E-1	-2.039700E+1	-4.905247E-3	2.540905E-2
5.471094E+0	4.419553E-1	-2.246728E+1	4.439799E-1	-2.392860E+1	-4.883864E-3	2.538579E-2
5.472266E+0	4.425247E-1	-2.601340E+1	4.445142E-1	-2.747049E+1	-4.797576E-3	2.531447E-2
5.473438E+0	4.429562E-1	-2.956881E+1	4.449358E-1	-3.102236E+1	-4.769531E-3	2.525365E-2
5.474609E+0	4.432545E-1	-3.313091E+1	4.452249E-1	-3.458327E+1	-4.745462E-3	2.523358E-2
5.475781E+0	4.434363E-1	-3.670041E+1	4.453979E-1	-3.815028E+1	-4.722896E-3	2.519087E-2
5.476953E+0	4.434550E-1	-4.027483E+1	4.454022E-1	-4.172171E+1	-4.689221E-3	2.513975E-2
5.478125E+0	4.433557E-1	-4.385185E+1	4.452696E-1	-4.529261E+1	-4.613080E-3	2.503528E-2
5.479297E+0	4.431122E-1	-4.742876E+1	4.449909E-1	-4.886563E+1	-4.534996E-3	2.496962E-2
5.480469E+0	4.426812E-1	-5.100177E+1	4.445452E-1	-5.243563E+1	-4.504860E-3	2.491804E-2
5.481641E+0	4.421384E-1	-5.457228E+1	4.439851E-1	-5.600135E+1	-4.469115E-3	2.483566E-2
5.482813E+0	4.414373E-1	-5.813679E+1	4.432581E-1	-5.955803E+1	-4.414137E-3	2.470089E-2
5.483984E+0	4.405911E-1	-6.168730E+1	4.423872E-1	-6.310882E+1	-4.366526E-3	2.470694E-2
5.485156E+0	4.396276E-1	-6.523048E+1	4.413987E-1	-6.664284E+1	-4.315057E-3	2.454894E-2
5.486328E+0	4.385462E-1	-6.875989E+1	4.403034E-1	-7.016854E+1	-4.291889E-3	2.448500E-2
5.487500E+0	4.373721E-1	-7.227271E+1	4.391137E-1	-7.367586E+1	-4.264837E-3	2.439002E-2
5.488672E+0	4.361075E-1	-7.577429E+1	4.378236E-1	-7.716889E+1	-4.214666E-3	2.424256E-2
5.489844E+0	4.347768E-1	-7.925417E+1	4.364838E-1	-8.064591E+1	-4.204643E-3	2.419307E-2
5.491016E+0	4.333595E-1	-8.271626E+1	4.350689E-1	-8.409937E+1	-4.219240E-3	2.404264E-2
5.492187E+0	4.319327E-1	-8.616074E+1	4.336332E-1	-8.753835E+1	-4.209423E-3	2.394723E-2
5.493359E+0	4.304698E-1	-8.958191E+1	4.321496E-1	-9.095627E+1	-4.173638E-3	2.389158E-2
5.494531E+0	4.290042E-1	-9.298544E+1	4.306925E-1	-9.435540E+1	-4.204684E-3	2.381432E-2
5.495703E+0	4.275642E-1	-9.637083E+1	4.292417E-1	-9.773439E+1	-4.190122E-3	2.370337E-2
5.496875E+0	4.261328E-1	-9.973447E+1	4.278036E-1	-1.010921E+2	-4.185150E-3	2.360036E-2
5.498047E+0	4.247616E-1	-1.030818E+2	4.264277E-1	-1.044343E+2	-4.184620E-3	2.351116E-2
5.499219E+0	4.234103E-1	-1.064078E+2	4.250888E-1	-1.077554E+2	-4.224078E-3	2.342503E-2
5.500391E+0	4.221496E-1	-1.097180E+2	4.238423E-1	-1.110595E+2	-4.266693E-3	2.331795E-2
5.501563E+0	4.209668E-1	-1.130107E+2	4.226621E-1	-1.143481E+2	-4.282326E-3	2.324630E-2
5.502734E+0	4.198672E-1	-1.162884E+2	4.215879E-1	-1.176222E+2	-4.351316E-3	2.318209E-2
5.503906E+0	4.188977E-1	-1.195540E+2	4.205931E-1	-1.208826E+2	-4.298731E-3	2.309290E-2
5.505078E+0	4.180235E-1	-1.228052E+2	4.197438E-1	-1.241307E+2	-4.364943E-3	2.303747E-2
5.506250E+0	4.172551E-1	-1.260481E+2	4.189778E-1	-1.273711E+2	-4.377156E-3	2.299372E-2
5.507422E+0	4.166176E-1	-1.292837E+2	4.183525E-1	-1.306023E+2	-4.410692E-3	2.291645E-2
5.508594E+0	4.161176E-1	-1.325084E+2	4.178679E-1	-1.338247E+2	-4.451424E-3	2.287553E-2
5.509766E+0	4.157390E-1	-1.357295E+2	4.174930E-1	-1.370438E+2	-4.463247E-3	2.284049E-2
5.510938E+0	4.154865E-1	-1.389489E+2	4.172680E-1	-1.402584E+2	-4.529489E-3	2.275553E-2
5.512109E+0	4.153697E-1	-1.421664E+2	4.171456E-1	-1.434746E+2	-4.516805E-3	2.273322E-2
5.513281E+0	4.153844E-1	-1.453841E+2	4.171732E-1	-1.466901E+2	-4.546565E-3	2.269430E-2
5.514453E+0	4.155293E-1	-1.486018E+2	4.173355E-1	-1.499073E+2	-4.586382E-3	2.268470E-2
5.515625E+0	4.158166E-1	-1.518251E+2	4.176365E-1	-1.531285E+2	-4.615228E-3	2.264754E-2
5.516797E+0	4.162123E-1	-1.550532E+2	4.180366E-1	-1.563538E+2	-4.620476E-3	2.259875E-2
5.517969E+0	4.167217E-1	-1.582876E+2	4.185722E-1	-1.595861E+2	-4.676643E-3	2.256098E-2
5.519141E+0	4.173628E-1	-1.615300E+2	4.192155E-1	-1.628307E+2	-4.675975E-3	2.259923E-2
5.520313E+0	4.181110E-1	-1.647815E+2	4.199786E-1	-1.660810E+2	-4.702942E-3	2.257776E-2
5.521484E+0	4.189693E-1	-1.680467E+2	4.208255E-1	-1.693435E+2	-4.665850E-3	2.253167E-2
5.522656E+0	4.199099E-1	-1.713245E+2	4.217837E-1	-1.726204E+2	-4.697195E-3	2.251532E-2
5.523828E+0	4.209440E-1	-1.746158E+2	4.228050E-1	-1.759123E+2	-4.656436E-3	2.252667E-2
5.525000E+0	4.220535E-1	-1.779251E+2	4.239383E-1	-1.792179E+2	-4.699346E-3	2.246139E-2
5.526172E+0	4.232061E-1	1.787571E+2	4.251037E-1	1.774596E+2	-4.719109E-3	2.254263E-2
5.527344E+0	4.244333E-1	1.754182E+2	4.263346E-1	1.741225E+2	-4.714193E-3	2.251146E-2
5.528516E+0	4.256969E-1	1.720611E+2	4.275902E-1	1.707675E+2	-4.681572E-3	2.247570E-2
5.529688E+0	4.269879E-1	1.686884E+2	4.288704E-1	1.673946E+2	-4.643260E-3	2.248004E-2
5.530859E+0	4.282856E-1	1.652983E+2	4.301775E-1	1.640066E+2	-4.650949E-3	2.244337E-2
5.532031E+0	4.295921E-1	1.618880E+2	4.314820E-1	1.605948E+2	-4.633610E-3	2.246983E-2
5.533203E+0	4.308667E-1	1.584599E+2	4.327583E-1	1.571680E+2	-4.624113E-3	2.244745E-2
5.534375E+0	4.321307E-1	1.550194E+2	4.339974E-1	1.537253E+2	-4.555141E-3	2.248725E-2
5.535547E+0	4.333274E-1	1.515573E+2	4.352093E-1	1.502659E+2	-4.577025E-3	2.243982E-2
5.536719E+0	4.344756E-1	1.480798E+2	4.363440E-1	1.467891E+2	-4.534578E-3	2.242861E-2
5.537891E+0	4.355575E-1	1.445857E+2	4.374170E-1	1.432971E+2	-4.502914E-3	2.239282E-2
5.539062E+0	4.365724E-1	1.410797E+2	4.384153E-1	1.397908E+2	-4.455499E-3	2.239910E-2
5.540234E+0	4.374799E-1	1.375591E+2	4.392966E-1	1.362735E+2	-4.386154E-3	2.234329E-2
5.541406E+0	4.382760E-1	1.340289E+2	4.400696E-1	1.327441E+2	-4.326101E-3	2.233072E-2
5.542578E+0	4.389406E-1	1.304886E+2	4.407282E-1	1.292055E+2	-4.305740E-3	2.230162E-2
5.543750E+0	4.394894E-1	1.269399E+2	4.412689E-1	1.256595E+2	-4.281370E-3	2.225522E-2
5.544922E+0	4.398907E-1	1.233864E+2	4.416680E-1	1.221081E+2	-4.271932E-3	2.221892E-2
5.546094E+0	4.401787E-1	1.198276E+2	4.419375E-1	1.185522E+2	-4.226504E-3	2.216951E-2
5.547266E+0	4.403198E-1	1.162690E+2	4.420502E-1	1.149966E+2	-4.160100E-3	2.211882E-2
5.548438E+0	4.403308E-1	1.127092E+2	4.420418E-1	1.114385E+2	-4.115642E-3	2.209024E-2
5.549609E+0	4.402059E-1	1.091537E+2	4.418740E-1	1.078858E+2	-4.018971E-3	2.204369E-2
5.550781E+0	4.399274E-1	1.056004E+2	4.415761E-1	1.043367E+2	-3.975981E-3	2.197160E-2
5.551953E+0	4.395396E-1	1.020561E+2	4.411856E-1	1.007941E+2	-3.972515E-3	2.194210E-2
5.553125E+0	4.390334E-1	9.851897E+1	4.406434E-1	9.726167E+1	-3.893629E-3	2.186209E-2
5.554297E+0	4.383982E-1	9.499087E+1	4.400324E-1	9.373547E+1	-3.952959E-3	2.182774E-2
5.555469E+0	4.376900E-1	9.147462E+1	4.393135E-1	9.022488E+1	-3.932533E-3	2.172975E-2
5.556641E+0	4.368775E-1	8.796854E+1	4.384845E-1	8.672367E+1	-3.900055E-3	2.164575E-2
5.557813E+0	4.360076E-1	8.448022E+1	4.375683E-1	8.323684E+1	-3.801377E-3	2.162198E-2
5.558984E+0	4.350709E-1	8.100532E+1	4.366380E-1	7.976757E+1	-3.821508E-3	2.152361E-2
5.560156E+0	4.340794E-1	7.754519E+1	4.356449E-1	7.631232E+1	-3.824187E-3	2.143866E-2
5.561328E+0	4.330741E-1	7.410023E+1	4.346212E-1	7.287276E+1	-3.788307E-3	2.134550E-2
5.562500E+0	4.320255E-1	7.067173E+1	4.335523E-1	6.944629E+1	-3.749513E-3	2.131102E-2
5.563672E+0	4.310031E-1	6.726054E+1	4.325300E-1	6.603800E+1	-3.756989E-3	2.126041E-2
5.564844E+0	4.299738E-1	6.386320E+1	4.315192E-1	6.264525E+1	-3.806418E-3	2.117951E-2
5.566016E+0	4.289653E-1	6.048095E+1	4.305103E-1	5.926945E+1	-3.811502E-3	2.106721E-2
5.567188E+0	4.280047E-1	5.711627E+1	4.295356E-1	5.590334E+1	-3.787351E-3	2.109260E-2
5.568359E+0	4.271035E-1	5.376067E+1	4.286351E-1	5.255377E+1	-3.794256E-3	2.098756E-2
5.569531E+0	4.262419E-1	5.042061E+1	4.277859E-1	4.921565E+1	-3.829617E-3	2.095307E-2
5.570703E+0	4.254649E-1	4.709032E+1	4.269947E-1	4.588734E+1	-3.802332E-3	2.091920E-2
5.571875E+0	4.247488E-1	4.377058E+1	4.262747E-1	4.257350E+1	-3.797086E-3	2.081668E-2
5.573047E+0	4.241047E-1	4.045944E+1	4.256483E-1	3.926246E+1	-3.843891E-3	2.081397E-2
5.574219E+0	4.235636E-1	3.715471E+1	4.250945E-1	3.596323E+1	-3.816752E-3	2.071887E-2
5.575391E+0	4.230967E-1	3.385738E+1	4.246368E-1	3.266722E+1	-3.841816E-3	2.069538E-2
5.576563E+0	4.227354E-1	3.056526E+1	4.242899E-1	2.937697E+1	-3.878038E-3	2.066211E-2
5.577734E+0	4.224678E-1	2.727697E+1	4.240242E-1	2.609189E+1	-3.883657E-3	2.060616E-2
5.578906E+0	4.222937E-1	2.399130E+1	4.238485E-1	2.280474E+1	-3.881937E-3	2.063194E-2
5.580078E+0	4.222080E-1	2.069999E+1	4.237713E-1	1.951817E+1	-3.900955E-3	2.054910E-2
5.581250E+0	4.222286E-1	1.741221E+1	4.237878E-1	1.623193E+1	-3.890587E-3	2.052253E-2
5.582422E+0	4.223417E-1	1.412033E+1	4.238990E-1	1.294106E+1	-3.884779E-3	2.050508E-2
5.583594E+0	4.225274E-1	1.082551E+1	4.240941E-1	9.647456E+0	-3.904815E-3	2.048352E-2
5.584766E+0	4.228000E-1	7.522491E+0	4.243780E-1	6.347570E+0	-3.927847E-3	2.042856E-2
5.585937E+0	4.231588E-1	4.214110E+0	4.247366E-1	3.040169E+0	-3.923888E-3	2.041159E-2
5.587109E+0	4.235980E-1	8.964339E-1	4.251687E-1	-2.758426E-1	-3.902825E-3	2.038308E-2
5.588281E+0	4.240780E-1	-2.428621E+0	4.256516E-1	-3.600072E+0	-3.905153E-3	2.036867E-2
5.589453E+0	4.246197E-1	-5.766984E+0	4.262062E-1	-6.936965E+0	-3.930082E-3	2.034260E-2
5.590625E+0	4.251972E-1	-9.112075E+0	4.267888E-1	-1.028203E+1	-3.936940E-3	2.034200E-2
5.591797E+0	4.258241E-1	-1.246943E+1	4.273812E-1	-1.363605E+1	-3.849882E-3	2.028577E-2
5.592969E+0	4.264465E-1	-1.583933E+1	4.280311E-1	-1.700591E+1	-3.908571E-3	2.028388E-2
5.594141E+0	4.271136E-1	-1.922116E+1	4.286937E-1	-2.038647E+1	-3.891906E-3	2.026213E-2
5.595313E+0	4.277752E-1	-2.261530E+1	4.293481E-1	-2.378056E+1	-3.869506E-3	2.026172E-2
5.596484E+0	4.284484E-1	-2.602119E+1	4.300143E-1	-2.718527E+1	-3.847139E-3	2.024165E-2
5.597656E+0	4.290667E-1	-2.943986E+1	4.306386E-1	-3.060263E+1	-3.855328E-3	2.021870E-2
5.598828E+0	4.297099E-1	-3.287191E+1	4.312531E-1	-3.403070E+1	-3.782190E-3	2.015095E-2
5.600000E+0	4.302812E-1	-3.631483E+1	4.318401E-1	-3.747303E+1	-3.813468E-3	2.014006E-2
