5.301172E+0	4.222573E-1	1.070444E+2	4.338806E-1	1.087662E+2	-2.722857E-2	-2.924163E-2
5.302344E+0	4.208747E-1	1.037792E+2	4.323784E-1	1.054815E+2	-2.703522E-2	-2.891601E-2
5.303516E+0	4.196674E-1	1.005224E+2	4.309684E-1	1.022162E+2	-2.664782E-2	-2.878300E-2
5.304687E+0	4.185621E-1	9.727111E+1	4.296848E-1	9.896957E+1	-2.631369E-2	-2.887214E-2
5.305859E+0	4.175316E-1	9.403683E+1	4.285063E-1	9.573820E+1	-2.604108E-2	-2.892973E-2
5.307031E+0	4.166515E-1	9.081974E+1	4.274760E-1	9.251875E+1	-2.575038E-2	-2.889820E-2
5.308203E+0	4.159811E-1	8.760748E+1	4.265937E-1	8.931419E+1	-2.531012E-2	-2.904237E-2
5.309375E+0	4.154789E-1	8.439381E+1	4.258602E-1	8.611758E+1	-2.481875E-2	-2.934763E-2
5.310547E+0	4.150940E-1	8.117865E+1	4.252887E-1	8.293150E+1	-2.442796E-2	-2.985499E-2
5.311719E+0	4.148192E-1	7.796289E+1	4.248742E-1	7.974963E+1	-2.414052E-2	-3.044155E-2
5.312891E+0	4.146545E-1	7.474511E+1	4.246129E-1	7.656934E+1	-2.394782E-2	-3.108685E-2
5.314063E+0	4.145397E-1	7.153017E+1	4.245324E-1	7.339265E+1	-2.405398E-2	-3.173568E-2
5.315234E+0	4.145401E-1	6.832809E+1	4.246060E-1	7.021331E+1	-2.423488E-2	-3.211748E-2
5.316406E+0	4.147769E-1	6.513519E+1	4.248412E-1	6.703008E+1	-2.422343E-2	-3.228272E-2
5.317578E+0	4.152997E-1	6.192759E+1	4.252390E-1	6.384156E+1	-2.391830E-2	-3.261822E-2
5.318750E+0	4.159710E-1	5.869474E+1	4.257916E-1	6.064594E+1	-2.363077E-2	-3.326298E-2
5.319922E+0	4.166891E-1	5.544476E+1	4.264855E-1	5.743879E+1	-2.356170E-2	-3.399611E-2
5.321094E+0	4.174901E-1	5.218554E+1	4.273198E-1	5.422023E+1	-2.361913E-2	-3.468786E-2
5.322266E+0	4.183978E-1	4.891564E+1	4.282807E-1	5.098916E+1	-2.371542E-2	-3.534693E-2
5.323438E+0	4.194295E-1	4.563715E+1	4.293649E-1	4.774094E+1	-2.379819E-2	-3.586036E-2
5.324609E+0	4.206368E-1	4.234542E+1	4.305772E-1	4.447722E+1	-2.376234E-2	-3.633958E-2
5.325781E+0	4.220400E-1	3.901712E+1	4.318565E-1	4.119731E+1	-2.343835E-2	-3.717757E-2
5.326953E+0	4.234527E-1	3.564873E+1	4.332340E-1	3.789392E+1	-2.332775E-2	-3.829144E-2
5.328125E+0	4.247674E-1	3.224865E+1	4.346828E-1	3.457369E+1	-2.361512E-2	-3.964307E-2
5.329297E+0	4.259898E-1	2.884030E+1	4.361707E-1	3.123055E+1	-2.419130E-2	-4.073216E-2
5.330469E+0	4.272748E-1	2.541925E+1	4.377176E-1	2.786558E+1	-2.474701E-2	-4.166522E-2
5.331641E+0	4.285534E-1	2.196707E+1	4.392684E-1	2.448064E+1	-2.533150E-2	-4.278623E-2
5.332813E+0	4.297305E-1	1.849352E+1	4.408341E-1	2.106986E+1	-2.617303E-2	-4.381827E-2
5.333984E+0	4.308793E-1	1.499966E+1	4.424258E-1	1.763164E+1	-2.712554E-2	-4.472212E-2
5.335156E+0	4.319659E-1	1.148696E+1	4.439621E-1	1.417096E+1	-2.808814E-2	-4.556219E-2
5.336328E+0	4.330016E-1	7.955594E+0	4.454743E-1	1.068757E+1	-2.910344E-2	-4.632938E-2
5.337500E+0	4.339701E-1	4.404159E+0	4.469053E-1	7.186222E+0	-3.008844E-2	-4.713223E-2
5.338672E+0	4.348051E-1	8.232757E-1	4.482508E-1	3.664212E+0	-3.118808E-2	-4.807668E-2
5.339844E+0	4.353438E-1	-2.775209E+0	4.494878E-1	1.268033E-1	-3.270899E-2	-4.903491E-2
5.341016E+0	4.356195E-1	-6.376179E+0	4.506284E-1	-3.427581E+0	-3.458642E-2	-4.972674E-2
5.342188E+0	4.356771E-1	-9.966823E+0	4.516290E-1	-6.998471E+0	-3.661512E-2	-4.995528E-2
5.343359E+0	4.356000E-1	-1.354121E+1	4.525004E-1	-1.057697E+1	-3.863694E-2	-4.978126E-2
5.344531E+0	4.354329E-1	-1.710321E+1	4.532268E-1	-1.416694E+1	-4.052180E-2	-4.921403E-2
5.345703E+0	4.352295E-1	-2.065577E+1	4.537804E-1	-1.776638E+1	-4.210011E-2	-4.834728E-2
5.346875E+0	4.350609E-1	-2.420452E+1	4.541850E-1	-2.137225E+1	-4.327651E-2	-4.733173E-2
5.348047E+0	4.348920E-1	-2.776770E+1	4.544332E-1	-2.498072E+1	-4.413319E-2	-4.653196E-2
5.349219E+0	4.346058E-1	-3.134258E+1	4.545048E-1	-2.859050E+1	-4.488458E-2	-4.591224E-2
5.350391E+0	4.342077E-1	-3.492711E+1	4.543937E-1	-3.220334E+1	-4.550360E-2	-4.540978E-2
5.351562E+0	4.335410E-1	-3.851561E+1	4.541316E-1	-3.580812E+1	-4.640628E-2	-4.509527E-2
5.352734E+0	4.326650E-1	-4.209549E+1	4.537145E-1	-3.941022E+1	-4.744082E-2	-4.467612E-2
5.353906E+0	4.315661E-1	-4.565617E+1	4.531181E-1	-4.300341E+1	-4.858441E-2	-4.408147E-2
5.355078E+0	4.303424E-1	-4.919170E+1	4.524056E-1	-4.658838E+1	-4.975036E-2	-4.320576E-2
5.356250E+0	4.290792E-1	-5.269746E+1	4.515281E-1	-5.015910E+1	-5.065004E-2	-4.208634E-2
5.357422E+0	4.277752E-1	-5.618500E+1	4.505413E-1	-5.371885E+1	-5.140993E-2	-4.085486E-2
5.358594E+0	4.265278E-1	-5.965737E+1	4.494335E-1	-5.726599E+1	-5.179221E-2	-3.959878E-2
5.359766E+0	4.252382E-1	-6.313175E+1	4.482305E-1	-6.079628E+1	-5.208374E-2	-3.866004E-2
5.360938E+0	4.237978E-1	-6.658792E+1	4.469488E-1	-6.431148E+1	-5.254619E-2	-3.766346E-2
5.362109E+0	4.223304E-1	-7.000661E+1	4.455906E-1	-6.780614E+1	-5.289974E-2	-3.639170E-2
5.363281E+0	4.209486E-1	-7.340181E+1	4.441776E-1	-7.128572E+1	-5.294292E-2	-3.499332E-2
5.364453E+0	4.196354E-1	-7.677110E+1	4.427449E-1	-7.474642E+1	-5.278768E-2	-3.348590E-2
5.365625E+0	4.185159E-1	-8.011902E+1	4.412674E-1	-7.818964E+1	-5.209713E-2	-3.193178E-2
5.366797E+0	4.176647E-1	-8.347220E+1	4.398024E-1	-8.161121E+1	-5.083645E-2	-3.084006E-2
5.367969E+0	4.169189E-1	-8.685210E+1	4.383428E-1	-8.501678E+1	-4.936268E-2	-3.046159E-2
5.369141E+0	4.160641E-1	-9.025926E+1	4.368913E-1	-8.840388E+1	-4.817063E-2	-3.083338E-2
5.370313E+0	4.149370E-1	-9.365950E+1	4.354892E-1	-9.177132E+1	-4.771070E-2	-3.139402E-2
5.371484E+0	4.137281E-1	-9.702020E+1	4.341298E-1	-9.512424E+1	-4.751619E-2	-3.152991E-2
5.372656E+0	4.126303E-1	-1.003606E+2	4.328587E-1	-9.846098E+1	-4.725599E-2	-3.159945E-2
5.373828E+0	4.116456E-1	-1.036889E+2	4.316607E-1	-1.017818E+2	-4.689589E-2	-3.173596E-2
5.375000E+0	4.106901E-1	-1.070137E+2	4.305444E-1	-1.050886E+2	-4.665279E-2	-3.204389E-2
5.376172E+0	4.097572E-1	-1.103268E+2	4.295251E-1	-1.083808E+2	-4.657287E-2	-3.239476E-2
5.377344E+0	4.088556E-1	-1.136232E+2	4.286252E-1	-1.116630E+2	-4.668146E-2	-3.262761E-2
5.378516E+0	4.080159E-1	-1.169001E+2	4.278492E-1	-1.149357E+2	-4.691626E-2	-3.268952E-2
5.379688E+0	4.072970E-1	-1.201492E+2	4.271633E-1	-1.181988E+2	-4.705990E-2	-3.245148E-2
5.380859E+0	4.068718E-1	-1.233830E+2	4.266204E-1	-1.214551E+2	-4.683065E-2	-3.208455E-2
5.382031E+0	4.067257E-1	-1.266309E+2	4.261911E-1	-1.247081E+2	-4.621028E-2	-3.202043E-2
5.383203E+0	4.066827E-1	-1.299011E+2	4.259193E-1	-1.279570E+2	-4.571450E-2	-3.239224E-2
5.384375E+0	4.066605E-1	-1.331731E+2	4.257592E-1	-1.312067E+2	-4.542045E-2	-3.277419E-2
5.385547E+0	4.067597E-1	-1.364434E+2	4.257371E-1	-1.344540E+2	-4.515126E-2	-3.316719E-2
5.386719E+0	4.070261E-1	-1.397295E+2	4.258250E-1	-1.377065E+2	-4.474276E-2	-3.374226E-2
5.387891E+0	4.073697E-1	-1.430321E+2	4.260547E-1	-1.409642E+2	-4.447854E-2	-3.450134E-2
5.389063E+0	4.077379E-1	-1.463542E+2	4.263689E-1	-1.442282E+2	-4.435516E-2	-3.547615E-2
5.390234E+0	4.080661E-1	-1.496931E+2	4.268164E-1	-1.475015E+2	-4.462993E-2	-3.656135E-2
5.391406E+0	4.083441E-1	-1.530350E+2	4.273641E-1	-1.507825E+2	-4.524367E-2	-3.755420E-2
5.392578E+0	4.085993E-1	-1.563757E+2	4.280007E-1	-1.540762E+2	-4.609905E-2	-3.830428E-2
5.393750E+0	4.088469E-1	-1.597092E+2	4.287015E-1	-1.573820E+2	-4.709992E-2	-3.872553E-2
5.394922E+0	4.092286E-1	-1.630273E+2	4.294838E-1	-1.607024E+2	-4.794605E-2	-3.865286E-2
5.396094E+0	4.098233E-1	-1.663520E+2	4.303231E-1	-1.640371E+2	-4.841536E-2	-3.846745E-2
5.397266E+0	4.105943E-1	-1.697083E+2	4.312010E-1	-1.673871E+2	-4.857039E-2	-3.856597E-2
5.398437E+0	4.113071E-1	-1.730909E+2	4.321107E-1	-1.707522E+2	-4.893698E-2	-3.884208E-2
5.399609E+0	4.120118E-1	-1.764799E+2	4.330440E-1	-1.741330E+2	-4.936633E-2	-3.896082E-2
5.400781E+0	4.127561E-1	-1.798749E+2	4.339637E-1	-1.775300E+2	-4.966596E-2	-3.891531E-2
5.401953E+0	4.136312E-1	1.767114E+2	4.348665E-1	1.790580E+2	-4.962939E-2	-3.894506E-2
5.403125E+0	4.145706E-1	1.732644E+2	4.357468E-1	1.756297E+2	-4.940808E-2	-3.926490E-2
5.404297E+0	4.154280E-1	1.697711E+2	4.365926E-1	1.721881E+2	-4.932328E-2	-4.012773E-2
5.405469E+0	4.159949E-1	1.662527E+2	4.373510E-1	1.687351E+2	-4.972318E-2	-4.119753E-2
5.406641E+0	4.162995E-1	1.627437E+2	4.380534E-1	1.652680E+2	-5.058256E-2	-4.185590E-2
5.407813E+0	4.165902E-1	1.592452E+2	4.386862E-1	1.617890E+2	-5.130436E-2	-4.214759E-2
5.408984E+0	4.168968E-1	1.557324E+2	4.392338E-1	1.583037E+2	-5.181010E-2	-4.258113E-2
5.410156E+0	4.170298E-1	1.522010E+2	4.396714E-1	1.548109E+2	-5.248051E-2	-4.319067E-2
5.411328E+0	4.169629E-1	1.486779E+2	4.400206E-1	1.513113E+2	-5.340212E-2	-4.353772E-2
5.412500E+0	4.168385E-1	1.451663E+2	4.402686E-1	1.478102E+2	-5.422557E-2	-4.367354E-2
5.413672E+0	4.167471E-1	1.416573E+2	4.404043E-1	1.443042E+2	-5.472659E-2	-4.370000E-2
5.414844E+0	4.166481E-1	1.381313E+2	4.404409E-1	1.407981E+2	-5.504491E-2	-4.401419E-2
5.416016E+0	4.163391E-1	1.345854E+2	4.403662E-1	1.372942E+2	-5.561804E-2	-4.468129E-2
5.417188E+0	4.157099E-1	1.310474E+2	4.401937E-1	1.337926E+2	-5.670428E-2	-4.523054E-2
5.418359E+0	4.149860E-1	1.275445E+2	4.399376E-1	1.302970E+2	-5.780450E-2	-4.529810E-2
5.419531E+0	4.143039E-1	1.240606E+2	4.395708E-1	1.268042E+2	-5.856122E-2	-4.511515E-2
5.420703E+0	4.136240E-1	1.205816E+2	4.391319E-1	1.233234E+2	-5.916536E-2	-4.505657E-2
5.421875E+0	4.129202E-1	1.171112E+2	4.386319E-1	1.198468E+2	-5.969073E-2	-4.492943E-2
5.423047E+0	4.122281E-1	1.136505E+2	4.380788E-1	1.163812E+2	-6.007775E-2	-4.483037E-2
5.424219E+0	4.115758E-1	1.102003E+2	4.374686E-1	1.129252E+2	-6.025156E-2	-4.472673E-2
5.425391E+0	4.109537E-1	1.067428E+2	4.368038E-1	1.094791E+2	-6.025281E-2	-4.491408E-2
5.426563E+0	4.102440E-1	1.032784E+2	4.361108E-1	1.060468E+2	-6.041030E-2	-4.543417E-2
5.427734E+0	4.094934E-1	9.983394E+1	4.354207E-1	1.026226E+2	-6.065910E-2	-4.575508E-2
5.428906E+0	4.088835E-1	9.639402E+1	4.346944E-1	9.921062E+1	-6.051344E-2	-4.622141E-2
5.430078E+0	4.082947E-1	9.292887E+1	4.339896E-1	9.581224E+1	-6.039730E-2	-4.732481E-2
5.431250E+0	4.074854E-1	8.944477E+1	4.332771E-1	9.242329E+1	-6.079753E-2	-4.886845E-2
5.432422E+0	4.063726E-1	8.597588E+1	4.326053E-1	8.904578E+1	-6.198692E-2	-5.030676E-2
5.433594E+0	4.051221E-1	8.255149E+1	4.319489E-1	8.567827E+1	-6.350268E-2	-5.115790E-2
5.434766E+0	4.039152E-1	7.917252E+1	4.313453E-1	8.232143E+1	-6.500582E-2	-5.143800E-2
5.435938E+0	4.030714E-1	7.582290E+1	4.307778E-1	7.897478E+1	-6.573256E-2	-5.144660E-2
5.437109E+0	4.024260E-1	7.246273E+1	4.302600E-1	7.563422E+1	-6.612362E-2	-5.174567E-2
5.438281E+0	4.019056E-1	6.908300E+1	4.298016E-1	7.230418E+1	-6.638176E-2	-5.254357E-2
5.439453E+0	4.013220E-1	6.569035E+1	4.294028E-1	6.897722E+1	-6.693245E-2	-5.358580E-2
5.440625E+0	4.007092E-1	6.229919E+1	4.290720E-1	6.566013E+1	-6.770894E-2	-5.475051E-2
5.441797E+0	4.001195E-1	5.892163E+1	4.288279E-1	6.234512E+1	-6.861130E-2	-5.571789E-2
5.442969E+0	3.997278E-1	5.554536E+1	4.286572E-1	5.903482E+1	-6.921729E-2	-5.675725E-2
5.444141E+0	3.994842E-1	5.212888E+1	4.285547E-1	5.573024E+1	-6.967462E-2	-5.855328E-2
5.445312E+0	3.989325E-1	4.867599E+1	4.285573E-1	5.242317E+1	-7.111689E-2	-6.083630E-2
5.446484E+0	3.980633E-1	4.527111E+1	4.286383E-1	4.911875E+1	-7.342374E-2	-6.231699E-2
5.447656E+0	3.975440E-1	4.190806E+1	4.288012E-1	4.581306E+1	-7.504681E-2	-6.313808E-2
5.448828E+0	3.972650E-1	3.849860E+1	4.290538E-1	4.250592E+1	-7.635420E-2	-6.470619E-2
5.450000E+0	3.967659E-1	3.506485E+1	4.293872E-1	3.919409E+1	-7.837038E-2	-6.653601E-2
5.451172E+0	3.962090E-1	3.165291E+1	4.298215E-1	3.587857E+1	-8.070691E-2	-6.792261E-2
5.452344E+0	3.957446E-1	2.824887E+1	4.303172E-1	3.255827E+1	-8.294217E-2	-6.910523E-2
5.453516E+0	3.955117E-1	2.484297E+1	4.309018E-1	2.922890E+1	-8.481824E-2	-7.019333E-2
5.454688E+0	3.954591E-1	2.139426E+1	4.315774E-1	2.589513E+1	-8.651482E-2	-7.190680E-2
5.455859E+0	3.952899E-1	1.788658E+1	4.322871E-1	2.254839E+1	-8.860987E-2	-7.431836E-2
5.457031E+0	3.948346E-1	1.434882E+1	4.330781E-1	1.919245E+1	-9.156204E-2	-7.698035E-2
5.458203E+0	3.940751E-1	1.080223E+1	4.339198E-1	1.582446E+1	-9.531169E-2	-7.950368E-2
5.459375E+0	3.930357E-1	7.252421E+0	4.348199E-1	1.244546E+1	-9.980558E-2	-8.181384E-2
5.460547E+0	3.917603E-1	3.727899E+0	4.357416E-1	9.050779E+0	-1.048114E-1	-8.340470E-2
5.461719E+0	3.904107E-1	2.259840E-1	4.366964E-1	5.644063E+0	-1.099848E-1	-8.441456E-2
5.462891E+0	3.890674E-1	-3.252372E+0	4.376747E-1	2.219662E+0	-1.151091E-1	-8.476941E-2
5.464063E+0	3.879269E-1	-6.731547E+0	4.386339E-1	-1.217355E+0	-1.196947E-1	-8.498383E-2
5.465234E+0	3.867503E-1	-1.025569E+1	4.396056E-1	-4.667493E+0	-1.244146E-1	-8.566980E-2
5.466406E+0	3.852472E-1	-1.378917E+1	4.405375E-1	-8.138151E+0	-1.297564E-1	-8.611056E-2
5.467578E+0	3.836338E-1	-1.729827E+1	4.414212E-1	-1.162073E+1	-1.351755E-1	-8.597858E-2
5.468750E+0	3.822145E-1	-2.081551E+1	4.422618E-1	-1.511919E+1	-1.400408E-1	-8.577956E-2
5.469922E+0	3.807532E-1	-2.440934E+1	4.430343E-1	-1.863144E+1	-1.449447E-1	-8.652015E-2
5.471094E+0	3.786997E-1	-2.805037E+1	4.437149E-1	-2.215638E+1	-1.510365E-1	-8.764184E-2
5.472266E+0	3.763407E-1	-3.169580E+1	4.442999E-1	-2.569138E+1	-1.576050E-1	-8.860499E-2
5.473438E+0	3.735378E-1	-3.542496E+1	4.447928E-1	-2.924157E+1	-1.650840E-1	-9.045602E-2
5.474609E+0	3.695291E-1	-3.919264E+1	4.451320E-1	-3.279721E+1	-1.750100E-1	-9.247083E-2
5.475781E+0	3.643105E-1	-4.288669E+1	4.453641E-1	-3.636000E+1	-1.872955E-1	-9.297950E-2
5.476953E+0	3.583444E-1	-4.646751E+1	4.454478E-1	-3.993040E+1	-2.007715E-1	-9.158499E-2
5.478125E+0	3.515708E-1	-4.996383E+1	4.453904E-1	-4.350231E+1	-2.156600E-1	-8.883069E-2
5.479297E+0	3.436592E-1	-5.332502E+1	4.451979E-1	-4.707380E+1	-2.326653E-1	-8.405336E-2
5.480469E+0	3.342498E-1	-5.638821E+1	4.448311E-1	-5.064677E+1	-2.523611E-1	-7.517045E-2
5.481641E+0	3.243389E-1	-5.884788E+1	4.443299E-1	-5.421444E+1	-2.724349E-1	-5.896590E-2
5.482813E+0	3.163858E-1	-6.064757E+1	4.436654E-1	-5.777487E+1	-2.877781E-1	-3.573939E-2
5.483984E+0	3.119473E-1	-6.209240E+1	4.428781E-1	-6.133020E+1	-2.956985E-1	-9.369804E-3
5.485156E+0	3.106607E-1	-6.354646E+1	4.419489E-1	-6.487211E+1	-2.972546E-1	1.626229E-2
5.486328E+0	3.111582E-1	-6.522050E+1	4.409285E-1	-6.840414E+1	-2.954006E-1	3.919141E-2
5.487500E+0	3.118673E-1	-6.690307E+1	4.397793E-1	-7.192098E+1	-2.935728E-1	6.202688E-2
5.488672E+0	3.148490E-1	-6.831142E+1	4.385079E-1	-7.542181E+1	-2.875210E-1	8.887515E-2
5.489844E+0	3.221952E-1	-6.999207E+1	4.372052E-1	-7.890672E+1	-2.719593E-1	1.141989E-1
5.491016E+0	3.315008E-1	-7.240620E+1	4.358256E-1	-8.237120E+1	-2.508479E-1	1.316239E-1
5.492187E+0	3.402862E-1	-7.538263E+1	4.343856E-1	-8.581845E+1	-2.295847E-1	1.418956E-1
5.493359E+0	3.479305E-1	-7.868631E+1	4.329217E-1	-8.924567E+1	-2.099299E-1	1.472777E-1
5.494531E+0	3.541275E-1	-8.216964E+1	4.314524E-1	-9.265430E+1	-1.929240E-1	1.493592E-1
5.495703E+0	3.591298E-1	-8.570663E+1	4.300040E-1	-9.604285E+1	-1.783756E-1	1.498511E-1
5.496875E+0	3.634501E-1	-8.926678E+1	4.285499E-1	-9.941103E+1	-1.651650E-1	1.493721E-1
5.498047E+0	3.670515E-1	-9.286512E+1	4.271343E-1	-1.027613E+2	-1.534511E-1	1.476883E-1
5.499219E+0	3.699954E-1	-9.646918E+1	4.257857E-1	-1.060924E+2	-1.432569E-1	1.452644E-1
5.500391E+0	3.723561E-1	-1.000622E+2	4.244929E-1	-1.094048E+2	-1.344569E-1	1.423990E-1
5.501563E+0	3.742619E-1	-1.036308E+2	4.232694E-1	-1.127025E+2	-1.268432E-1	1.394148E-1
5.502734E+0	3.757640E-1	-1.071659E+2	4.221458E-1	-1.159830E+2	-1.203905E-1	1.364396E-1
5.503906E+0	3.769748E-1	-1.106674E+2	4.211071E-1	-1.192505E+2	-1.148265E-1	1.336029E-1
5.505078E+0	3.780048E-1	-1.141231E+2	4.201947E-1	-1.225030E+2	-1.100101E-1	1.311033E-1
5.506250E+0	3.789812E-1	-1.175380E+2	4.193811E-1	-1.257479E+2	-1.055934E-1	1.290437E-1
5.507422E+0	3.799986E-1	-1.209243E+2	4.186965E-1	-1.289827E+2	-1.013864E-1	1.272261E-1
5.508594E+0	3.810710E-1	-1.242993E+2	4.181224E-1	-1.322079E+2	-9.728212E-2	1.254006E-1
5.509766E+0	3.821713E-1	-1.276668E+2	4.176963E-1	-1.354312E+2	-9.343812E-2	1.236097E-1
5.510938E+0	3.832331E-1	-1.310324E+2	4.173961E-1	-1.386478E+2	-8.994606E-2	1.216761E-1
5.512109E+0	3.842817E-1	-1.343862E+2	4.172314E-1	-1.418628E+2	-8.680274E-2	1.198453E-1
5.513281E+0	3.853480E-1	-1.377242E+2	4.171808E-1	-1.450785E+2	-8.390328E-2	1.182372E-1
5.514453E+0	3.864607E-1	-1.410507E+2	4.172888E-1	-1.482937E+2	-8.126726E-2	1.167635E-1
5.515625E+0	3.877043E-1	-1.443682E+2	4.174885E-1	-1.515124E+2	-7.855120E-2	1.154945E-1
5.516797E+0	3.890511E-1	-1.476861E+2	4.178495E-1	-1.547368E+2	-7.596140E-2	1.142878E-1
5.517969E+0	3.905124E-1	-1.510100E+2	4.183204E-1	-1.579651E+2	-7.334484E-2	1.130419E-1
5.519141E+0	3.920484E-1	-1.543424E+2	4.189079E-1	-1.612025E+2	-7.081811E-2	1.117869E-1
5.520313E+0	3.936516E-1	-1.576882E+2	4.196187E-1	-1.644478E+2	-6.840370E-2	1.104200E-1
5.521484E+0	3.953070E-1	-1.610440E+2	4.204194E-1	-1.677061E+2	-6.608084E-2	1.090840E-1
5.522656E+0	3.969897E-1	-1.644120E+2	4.213338E-1	-1.709775E+2	-6.395794E-2	1.077326E-1
5.523828E+0	3.987108E-1	-1.677895E+2	4.223242E-1	-1.742613E+2	-6.192921E-2	1.064120E-1
5.525000E+0	4.004597E-1	-1.711792E+2	4.233992E-1	-1.775594E+2	-6.003742E-2	1.051048E-1
5.526172E+0	4.022353E-1	-1.745777E+2	4.245407E-1	1.791270E+2	-5.825330E-2	1.038916E-1
5.527344E+0	4.040377E-1	-1.779874E+2	4.257530E-1	1.757967E+2	-5.658364E-2	1.027527E-1
5.528516E+0	4.058858E-1	1.785886E+2	4.269871E-1	1.724509E+2	-5.486797E-2	1.016345E-1
5.529688E+0	4.077393E-1	1.751508E+2	4.282602E-1	1.690888E+2	-5.324075E-2	1.005443E-1
5.530859E+0	4.095925E-1	1.716978E+2	4.295660E-1	1.657075E+2	-5.170346E-2	9.950767E-2
5.532031E+0	4.114547E-1	1.682295E+2	4.308484E-1	1.623062E+2	-5.011156E-2	9.855185E-2
5.533203E+0	4.133147E-1	1.647415E+2	4.321493E-1	1.588897E+2	-4.856749E-2	9.751212E-2
5.534375E+0	4.151293E-1	1.612369E+2	4.334139E-1	1.554538E+2	-4.706220E-2	9.651192E-2
5.535547E+0	4.169151E-1	1.577155E+2	4.346351E-1	1.520021E+2	-4.553499E-2	9.549373E-2
5.536719E+0	4.186391E-1	1.541754E+2	4.358165E-1	1.485340E+2	-4.406677E-2	9.442749E-2
5.537891E+0	4.202603E-1	1.506193E+2	4.369192E-1	1.450499E+2	-4.266874E-2	9.335098E-2
5.539062E+0	4.218011E-1	1.470481E+2	4.379679E-1	1.415503E+2	-4.134352E-2	9.227097E-2
5.540234E+0	4.232354E-1	1.434632E+2	4.389126E-1	1.380400E+2	-4.003461E-2	9.113564E-2
5.541406E+0	4.245284E-1	1.398658E+2	4.397413E-1	1.345142E+2	-3.880321E-2	9.004070E-2
5.542578E+0	4.257001E-1	1.362617E+2	4.404556E-1	1.309813E+2	-3.760213E-2	8.894691E-2
5.543750E+0	4.267308E-1	1.326459E+2	4.410636E-1	1.274381E+2	-3.648980E-2	8.781855E-2
5.544922E+0	4.276083E-1	1.290276E+2	4.415223E-1	1.238897E+2	-3.540503E-2	8.673099E-2
5.546094E+0	4.283327E-1	1.254018E+2	4.418403E-1	1.203351E+2	-3.435921E-2	8.561548E-2
5.547266E+0	4.288970E-1	1.217761E+2	4.420533E-1	1.167782E+2	-3.345075E-2	8.452641E-2
5.548438E+0	4.292994E-1	1.181503E+2	4.421053E-1	1.132213E+2	-3.255667E-2	8.343244E-2
5.549609E+0	4.295666E-1	1.145288E+2	4.420052E-1	1.096668E+2	-3.163831E-2	8.237096E-2
5.550781E+0	4.296639E-1	1.109118E+2	4.417886E-1	1.061177E+2	-3.084709E-2	8.128154E-2
5.551953E+0	4.296238E-1	1.073029E+2	4.414352E-1	1.025704E+2	-3.007485E-2	8.029628E-2
5.553125E+0	4.294510E-1	1.037007E+2	4.409706E-1	9.903321E+1	-2.935293E-2	7.924727E-2
5.554297E+0	4.291536E-1	1.001090E+2	4.403938E-1	9.550336E+1	-2.866967E-2	7.824762E-2
5.555469E+0	4.287235E-1	9.652981E+1	4.397129E-1	9.198409E+1	-2.805919E-2	7.727383E-2
5.556641E+0	4.281823E-1	9.296530E+1	4.389287E-1	8.847829E+1	-2.747311E-2	7.631767E-2
5.557813E+0	4.275678E-1	8.941511E+1	4.380639E-1	8.498347E+1	-2.687833E-2	7.541822E-2
5.558984E+0	4.268781E-1	8.588141E+1	4.371416E-1	8.150541E+1	-2.632542E-2	7.450992E-2
5.560156E+0	4.261140E-1	8.236099E+1	4.361690E-1	7.804198E+1	-2.582732E-2	7.357346E-2
5.561328E+0	4.253123E-1	7.886031E+1	4.351712E-1	7.459489E+1	-2.536227E-2	7.269185E-2
5.562500E+0	4.244609E-1	7.537382E+1	4.341214E-1	7.116133E+1	-2.489439E-2	7.182099E-2
5.563672E+0	4.235887E-1	7.190840E+1	4.331050E-1	6.774535E+1	-2.455280E-2	7.099994E-2
5.564844E+0	4.227143E-1	6.845759E+1	4.320521E-1	6.434306E+1	-2.413435E-2	7.019967E-2
5.566016E+0	4.218558E-1	6.502528E+1	4.310493E-1	6.095926E+1	-2.379149E-2	6.939359E-2
5.567188E+0	4.210116E-1	6.160841E+1	4.300554E-1	5.758831E+1	-2.343812E-2	6.863213E-2
5.568359E+0	4.201928E-1	5.820764E+1	4.291177E-1	5.423217E+1	-2.315439E-2	6.788745E-2
5.569531E+0	4.194333E-1	5.482163E+1	4.282362E-1	5.088921E+1	-2.286215E-2	6.717007E-2
5.570703E+0	4.187185E-1	5.145065E+1	4.274159E-1	4.755526E+1	-2.261204E-2	6.655262E-2
5.571875E+0	4.180990E-1	4.808891E+1	4.266626E-1	4.423409E+1	-2.228812E-2	6.587920E-2
5.573047E+0	4.175178E-1	4.474071E+1	4.259896E-1	4.092119E+1	-2.206434E-2	6.528906E-2
5.574219E+0	4.170415E-1	4.139804E+1	4.254110E-1	3.761634E+1	-2.180849E-2	6.465761E-2
5.575391E+0	4.166323E-1	3.806612E+1	4.249066E-1	3.431962E+1	-2.156869E-2	6.406975E-2
5.576563E+0	4.163197E-1	3.474070E+1	4.245050E-1	3.102935E+1	-2.133873E-2	6.348187E-2
5.577734E+0	4.160898E-1	3.142048E+1	4.241928E-1	2.773911E+1	-2.112620E-2	6.298132E-2
5.578906E+0	4.159704E-1	2.810111E+1	4.239649E-1	2.445226E+1	-2.084546E-2	6.244135E-2
5.580078E+0	4.159409E-1	2.478480E+1	4.238326E-1	2.116683E+1	-2.057576E-2	6.192855E-2
5.581250E+0	4.160063E-1	2.146930E+1	4.238138E-1	1.788134E+1	-2.034600E-2	6.142793E-2
5.582422E+0	4.161401E-1	1.815206E+1	4.238856E-1	1.459225E+1	-2.016684E-2	6.095589E-2
5.583594E+0	4.163738E-1	1.483245E+1	4.240409E-1	1.130056E+1	-1.994603E-2	6.049021E-2
5.584766E+0	4.166907E-1	1.150726E+1	4.242823E-1	8.002213E+0	-1.972992E-2	6.004256E-2
5.585937E+0	4.170845E-1	8.175594E+0	4.245964E-1	4.699281E+0	-1.949935E-2	5.956313E-2
5.587109E+0	4.175420E-1	4.839017E+0	4.249743E-1	1.388763E+0	-1.926970E-2	5.912939E-2
5.588281E+0	4.180804E-1	1.493877E+0	4.254393E-1	-1.932469E+0	-1.905381E-2	5.873161E-2
5.589453E+0	4.186761E-1	-1.859856E+0	4.259568E-1	-5.262325E+0	-1.882518E-2	5.833496E-2
5.590625E+0	4.192987E-1	-5.223544E+0	4.265033E-1	-8.603199E+0	-1.860205E-2	5.795608E-2
5.591797E+0	4.199822E-1	-8.598844E+0	4.271297E-1	-1.195348E+1	-1.841865E-2	5.753680E-2
5.592969E+0	4.207010E-1	-1.198576E+1	4.277489E-1	-1.531500E+1	-1.813661E-2	5.711665E-2
5.594141E+0	4.214169E-1	-1.538266E+1	4.283876E-1	-1.868973E+1	-1.791014E-2	5.674853E-2
5.595313E+0	4.221600E-1	-1.879190E+1	4.290600E-1	-2.207656E+1	-1.769806E-2	5.637531E-2
5.596484E+0	4.228911E-1	-2.221258E+1	4.297216E-1	-2.547486E+1	-1.748992E-2	5.600222E-2
5.597656E+0	4.236151E-1	-2.564726E+1	4.303669E-1	-2.888748E+1	-1.726206E-2	5.563562E-2
5.598828E+0	4.243284E-1	-2.909382E+1	4.309927E-1	-3.230882E+1	-1.701222E-2	5.521570E-2
5.600000E+0	4.250037E-1	-3.255087E+1	4.316008E-1	-3.574588E+1	-1.681581E-2	5.488264E-2
5.601172E+0	4.256321E-1	-3.601997E+1	4.321620E-1	-3.919371E+1	-1.662042E-2	5.452735E-2
5.602344E+0	4.262001E-1	-3.950156E+1	4.326330E-1	-4.265134E+1	-1.635741E-2	5.412934E-2
5.603516E+0	4.267394E-1	-4.299371E+1	4.330608E-1	-4.612136E+1	-1.606483E-2	5.376426E-2
5.604688E+0	4.271634E-1	-4.649533E+1	4.334146E-1	-4.959890E+1	-1.586869E-2	5.336015E-2
5.605859E+0	4.275160E-1	-5.000526E+1	4.336898E-1	-5.308683E+1	-1.566092E-2	5.299235E-2
5.607031E+0	4.277482E-1	-5.352353E+1	4.338589E-1	-5.657681E+1	-1.548410E-2	5.251436E-2
5.608203E+0	4.279017E-1	-5.704457E+1	4.339394E-1	-6.007718E+1	-1.529462E-2	5.216823E-2
5.609375E+0	4.279529E-1	-6.056767E+1	4.338968E-1	-6.357765E+1	-1.505958E-2	5.179057E-2
5.610547E+0	4.278761E-1	-6.409251E+1	4.337669E-1	-6.708266E+1	-1.492356E-2	5.145586E-2
5.611719E+0	4.276896E-1	-6.762211E+1	4.335004E-1	-7.058763E+1	-1.472557E-2	5.104151E-2
5.612891E+0	4.274004E-1	-7.114900E+1	4.331400E-1	-7.409087E+1	-1.455156E-2	5.064267E-2
5.614063E+0	4.269972E-1	-7.467083E+1	4.326787E-1	-7.758913E+1	-1.441081E-2	5.024340E-2
5.615234E+0	4.264964E-1	-7.818898E+1	4.321123E-1	-8.108337E+1	-1.425550E-2	4.983890E-2
5.616406E+0	4.258807E-1	-8.170089E+1	4.314278E-1	-8.457303E+1	-1.409755E-2	4.946305E-2
5.617578E+0	4.251337E-1	-8.520364E+1	4.306414E-1	-8.805585E+1	-1.401247E-2	4.912349E-2
5.618750E+0	4.243292E-1	-8.869827E+1	4.297685E-1	-9.152535E+1	-1.385801E-2	4.869760E-2
5.619922E+0	4.234317E-1	-9.217890E+1	4.288244E-1	-9.498451E+1	-1.375912E-2	4.833202E-2
5.621094E+0	4.224649E-1	-9.564854E+1	4.278039E-1	-9.843220E+1	-1.364526E-2	4.795883E-2
5.622266E+0	4.214317E-1	-9.910186E+1	4.267288E-1	-1.018671E+2	-1.356323E-2	4.764495E-2
5.623438E+0	4.203481E-1	-1.025433E+2	4.255885E-1	-1.052856E+2	-1.344438E-2	4.725478E-2
5.624609E+0	4.192127E-1	-1.059662E+2	4.244239E-1	-1.086875E+2	-1.339215E-2	4.689484E-2
5.625781E+0	4.180795E-1	-1.093728E+2	4.232472E-1	-1.120720E+2	-1.330557E-2	4.651752E-2
5.626953E+0	4.169115E-1	-1.127617E+2	4.220577E-1	-1.154398E+2	-1.327199E-2	4.615493E-2
5.628125E+0	4.157691E-1	-1.161317E+2	4.208888E-1	-1.187912E+2	-1.322800E-2	4.583595E-2
5.629297E+0	4.146040E-1	-1.194861E+2	4.197342E-1	-1.221217E+2	-1.326738E-2	4.542164E-2
5.630469E+0	4.135057E-1	-1.228210E+2	4.186171E-1	-1.254388E+2	-1.324103E-2	4.511565E-2
5.631641E+0	4.124722E-1	-1.261378E+2	4.175540E-1	-1.287376E+2	-1.318715E-2	4.480746E-2
5.632812E+0	4.114780E-1	-1.294405E+2	4.165639E-1	-1.320217E+2	-1.321138E-2	4.448536E-2
5.633984E+0	4.105628E-1	-1.327264E+2	4.156556E-1	-1.352905E+2	-1.324139E-2	4.418891E-2
5.635156E+0	4.097252E-1	-1.359978E+2	4.148352E-1	-1.385458E+2	-1.329464E-2	4.390871E-2
5.636328E+0	4.089952E-1	-1.392556E+2	4.141050E-1	-1.417890E+2	-1.330470E-2	4.365634E-2
5.637500E+0	4.083618E-1	-1.425008E+2	4.134901E-1	-1.450193E+2	-1.335641E-2	4.339697E-2
5.638672E+0	4.078455E-1	-1.457399E+2	4.130054E-1	-1.482429E+2	-1.343569E-2	4.312608E-2
5.639844E+0	4.074543E-1	-1.489669E+2	4.126275E-1	-1.514565E+2	-1.346926E-2	4.289345E-2
5.641016E+0	4.071793E-1	-1.521915E+2	4.123721E-1	-1.546650E+2	-1.351249E-2	4.261385E-2
5.642188E+0	4.070514E-1	-1.554090E+2	4.122674E-1	-1.578675E+2	-1.356078E-2	4.235304E-2
5.643359E+0	4.070086E-1	-1.586231E+2	4.123010E-1	-1.610683E+2	-1.373508E-2	4.211619E-2
5.644531E+0	4.071001E-1	-1.618376E+2	4.124718E-1	-1.642703E+2	-1.391269E-2	4.189309E-2
5.645703E+0	4.073136E-1	-1.650494E+2	4.127703E-1	-1.674730E+2	-1.410238E-2	4.172816E-2
5.646875E+0	4.076534E-1	-1.682626E+2	4.132311E-1	-1.706803E+2	-1.437591E-2	4.161491E-2
5.648047E+0	4.081066E-1	-1.714740E+2	4.138154E-1	-1.738914E+2	-1.467318E-2	4.159719E-2
5.649219E+0	4.087114E-1	-1.746875E+2	4.145110E-1	-1.771136E+2	-1.487523E-2	4.173851E-2
5.650391E+0	4.094867E-1	-1.778994E+2	4.153773E-1	1.796564E+2	-1.507819E-2	4.204162E-2
5.651563E+0	4.104565E-1	1.788781E+2	4.163487E-1	1.764140E+2	-1.506364E-2	4.238496E-2
5.652734E+0	4.116262E-1	1.756384E+2	4.174157E-1	1.731579E+2	-1.479386E-2	4.267909E-2
5.653906E+0	4.128772E-1	1.723735E+2	4.185994E-1	1.698888E+2	-1.459719E-2	4.275998E-2
5.655078E+0	4.142349E-1	1.690933E+2	4.198683E-1	1.666024E+2	-1.434925E-2	4.287760E-2
5.656250E+0	4.156791E-1	1.657954E+2	4.212282E-1	1.633000E+2	-1.410941E-2	4.296561E-2
5.657422E+0	4.172175E-1	1.624740E+2	4.226326E-1	1.599796E+2	-1.374816E-2	4.296411E-2
5.658594E+0	4.187915E-1	1.591327E+2	4.241104E-1	1.566401E+2	-1.347560E-2	4.294493E-2
5.659766E+0	4.204234E-1	1.557694E+2	4.256391E-1	1.532805E+2	-1.318560E-2	4.289371E-2
5.660938E+0	4.220739E-1	1.523819E+2	4.271762E-1	1.498992E+2	-1.287169E-2	4.280033E-2
5.662109E+0	4.237234E-1	1.489744E+2	4.287297E-1	1.465011E+2	-1.259774E-2	4.264991E-2
5.663281E+0	4.253731E-1	1.455421E+2	4.302865E-1	1.430788E+2	-1.233240E-2	4.248867E-2
5.664453E+0	4.269823E-1	1.420916E+2	4.318246E-1	1.396378E+2	-1.212023E-2	4.233370E-2
5.665625E+0	4.285451E-1	1.386225E+2	4.333193E-1	1.361777E+2	-1.191793E-2	4.218688E-2
5.666797E+0	4.300770E-1	1.351324E+2	4.347690E-1	1.326978E+2	-1.168484E-2	4.202057E-2
5.667969E+0	4.315522E-1	1.316237E+2	4.361400E-1	1.291990E+2	-1.140500E-2	4.186134E-2
5.669141E+0	4.329160E-1	1.281013E+2	4.374319E-1	1.256853E+2	-1.120339E-2	4.171947E-2
5.670313E+0	4.341791E-1	1.245577E+2	4.386328E-1	1.221550E+2	-1.102381E-2	4.149707E-2
5.671484E+0	4.353528E-1	1.210006E+2	4.397312E-1	1.186081E+2	-1.082001E-2	4.132922E-2
5.672656E+0	4.364115E-1	1.174318E+2	4.407229E-1	1.150512E+2	-1.063717E-2	4.113101E-2
5.673828E+0	4.373373E-1	1.138494E+2	4.415778E-1	1.114819E+2	-1.044844E-2	4.091222E-2
5.675000E+0	4.381464E-1	1.102602E+2	4.422871E-1	1.079056E+2	-1.019842E-2	4.069933E-2
5.676172E+0	4.387783E-1	1.066623E+2	4.428801E-1	1.043198E+2	-1.008956E-2	4.049440E-2
5.677344E+0	4.392931E-1	1.030565E+2	4.433121E-1	1.007266E+2	-9.885037E-3	4.028466E-2
5.678516E+0	4.396280E-1	9.944813E+1	4.435872E-1	9.713010E+1	-9.736395E-3	4.008522E-2
5.679687E+0	4.398391E-1	9.583531E+1	4.437208E-1	9.353178E+1	-9.549079E-3	3.984174E-2
5.680859E+0	4.398788E-1	9.222558E+1	4.437191E-1	8.993573E+1	-9.446400E-3	3.960898E-2
5.682031E+0	4.397506E-1	8.861513E+1	4.435381E-1	8.633855E+1	-9.321833E-3	3.938415E-2
5.683203E+0	4.394881E-1	8.500957E+1	4.432090E-1	8.274768E+1	-9.167953E-3	3.913583E-2
5.684375E+0	4.390910E-1	8.140738E+1	4.427584E-1	7.916070E+1	-9.045396E-3	3.887720E-2
5.685547E+0	4.385324E-1	7.781586E+1	4.421558E-1	7.558002E+1	-8.949902E-3	3.869316E-2
5.686719E+0	4.378533E-1	7.423174E+1	4.414186E-1	7.201038E+1	-8.822308E-3	3.844727E-2
5.687891E+0	4.370283E-1	7.065683E+1	4.405475E-1	6.844776E+1	-8.725478E-3	3.823808E-2
5.689063E+0	4.360509E-1	6.708828E+1	4.395257E-1	6.489259E+1	-8.634189E-3	3.800975E-2
5.690234E+0	4.349807E-1	6.353312E+1	4.384026E-1	6.135206E+1	-8.524176E-3	3.776043E-2
5.691406E+0	4.338118E-1	5.999290E+1	4.371815E-1	5.782608E+1	-8.417292E-3	3.751770E-2
5.692578E+0	4.325520E-1	5.646935E+1	4.358986E-1	5.431536E+1	-8.378628E-3	3.729680E-2
5.693750E+0	4.312236E-1	5.296379E+1	4.345592E-1	5.082261E+1	-8.368666E-3	3.707516E-2
5.694922E+0	4.298606E-1	4.947408E+1	4.331698E-1	4.734691E+1	-8.323329E-3	3.683403E-2
5.696094E+0	4.284570E-1	4.600393E+1	4.317180E-1	4.388752E+1	-8.230532E-3	3.665097E-2
5.697266E+0	4.270467E-1	4.254646E+1	4.302646E-1	4.044762E+1	-8.144733E-3	3.634957E-2
5.698438E+0	4.255859E-1	3.911522E+1	4.288191E-1	3.702442E+1	-8.200492E-3	3.620817E-2
5.699609E+0	4.241702E-1	3.569913E+1	4.273556E-1	3.362019E+1	-8.107044E-3	3.600599E-2
5.700781E+0	4.227547E-1	3.230157E+1	4.259422E-1	3.023699E+1	-8.127696E-3	3.575632E-2
5.701953E+0	4.213611E-1	2.892306E+1	4.245401E-1	2.686840E+1	-8.126211E-3	3.558443E-2
5.703125E+0	4.200217E-1	2.556272E+1	4.231847E-1	2.351888E+1	-8.105692E-3	3.539761E-2
5.704297E+0	4.187389E-1	2.221730E+1	4.218993E-1	2.018514E+1	-8.115095E-3	3.519482E-2
5.705469E+0	4.175203E-1	1.888690E+1	4.206712E-1	1.686793E+1	-8.106306E-3	3.496650E-2
5.706641E+0	4.163775E-1	1.557646E+1	4.195407E-1	1.356377E+1	-8.151949E-3	3.485604E-2
5.707813E+0	4.153357E-1	1.227798E+1	4.184804E-1	1.027663E+1	-8.119981E-3	3.466061E-2
5.708984E+0	4.143826E-1	8.990046E+0	4.175330E-1	6.997886E+0	-8.145118E-3	3.450045E-2
5.710156E+0	4.135356E-1	5.714060E+0	4.167049E-1	3.731311E+0	-8.199779E-3	3.433545E-2
5.711328E+0	4.128078E-1	2.445566E+0	4.159670E-1	4.735678E-1	-8.182571E-3	3.414972E-2
5.712500E+0	4.122007E-1	-8.130091E-1	4.153577E-1	-2.779468E+0	-8.185116E-3	3.405363E-2
5.713672E+0	4.117087E-1	-4.066354E+0	4.148727E-1	-6.025537E+0	-8.206542E-3	3.392680E-2
5.714844E+0	4.113427E-1	-7.316962E+0	4.145276E-1	-9.269171E+0	-8.259155E-3	3.380415E-2
5.716016E+0	4.111091E-1	-1.056672E+1	4.142939E-1	-1.250983E+1	-8.257889E-3	3.364651E-2
5.717188E+0	4.109888E-1	-1.381397E+1	4.141870E-1	-1.575168E+1	-8.289040E-3	3.355188E-2
5.718359E+0	4.110014E-1	-1.706339E+1	4.142034E-1	-1.899622E+1	-8.295049E-3	3.346712E-2
5.719531E+0	4.111219E-1	-2.031888E+1	4.143417E-1	-2.224545E+1	-8.331755E-3	3.335741E-2
5.720703E+0	4.113806E-1	-2.358045E+1	4.146005E-1	-2.550017E+1	-8.323167E-3	3.323900E-2
5.721875E+0	4.117206E-1	-2.684756E+1	4.149438E-1	-2.876203E+1	-8.321652E-3	3.314808E-2
5.723047E+0	4.121677E-1	-3.012568E+1	4.153943E-1	-3.203687E+1	-8.319517E-3	3.309132E-2
5.724219E+0	4.127226E-1	-3.341367E+1	4.159365E-1	-3.532265E+1	-8.277605E-3	3.305443E-2
5.725391E+0	4.133545E-1	-3.671324E+1	4.165865E-1	-3.861782E+1	-8.306444E-3	3.297722E-2
5.726562E+0	4.140504E-1	-4.002682E+1	4.173006E-1	-4.192642E+1	-8.333902E-3	3.289002E-2
5.727734E+0	4.148120E-1	-4.335283E+1	4.180590E-1	-4.525003E+1	-8.310754E-3	3.284920E-2
5.728906E+0	4.156229E-1	-4.669529E+1	4.188613E-1	-4.858798E+1	-8.272782E-3	3.277231E-2
5.730078E+0	4.164668E-1	-5.005445E+1	4.196960E-1	-5.194464E+1	-8.234076E-3	3.273027E-2
5.731250E+0	4.173253E-1	-5.342730E+1	4.205500E-1	-5.531273E+1	-8.205050E-3	3.264874E-2
5.732422E+0	4.181840E-1	-5.681764E+1	4.214040E-1	-5.869950E+1	-8.176339E-3	3.258782E-2
5.733594E+0	4.190362E-1	-6.022256E+1	4.222690E-1	-6.209988E+1	-8.188412E-3	3.250875E-2
5.734766E+0	4.198676E-1	-6.364165E+1	4.230746E-1	-6.551552E+1	-8.110937E-3	3.245150E-2
5.735938E+0	4.206741E-1	-6.707520E+1	4.238606E-1	-6.894720E+1	-8.047490E-3	3.242117E-2
5.737109E+0	4.214218E-1	-7.052422E+1	4.245879E-1	-7.239044E+1	-7.983333E-3	3.232308E-2
5.738281E+0	4.221226E-1	-7.398409E+1	4.252376E-1	-7.584512E+1	-7.848917E-3	3.223750E-2
5.739453E+0	4.227097E-1	-7.745661E+1	4.258449E-1	-7.931084E+1	-7.882067E-3	3.211855E-2
5.740625E+0	4.232347E-1	-8.093577E+1	4.263569E-1	-8.278711E+1	-7.841137E-3	3.206978E-2
5.741797E+0	4.236882E-1	-8.442224E+1	4.267714E-1	-8.626977E+1	-7.740562E-3	3.200698E-2
5.742969E+0	4.240432E-1	-8.791593E+1	4.270994E-1	-8.975704E+1	-7.668252E-3	3.189800E-2
5.744141E+0	4.242920E-1	-9.141422E+1	4.273264E-1	-9.324922E+1	-7.610068E-3	3.179394E-2
5.745313E+0	4.244511E-1	-9.491485E+1	4.274667E-1	-9.674508E+1	-7.561137E-3	3.171280E-2
5.746484E+0	4.245148E-1	-9.841824E+1	4.275063E-1	-1.002395E+2	-7.499186E-3	3.155924E-2
5.747656E+0	4.244653E-1	-1.019192E+2	4.274504E-1	-1.037331E+2	-7.481090E-3	3.143219E-2
5.748828E+0	4.243340E-1	-1.054152E+2	4.272857E-1	-1.072253E+2	-7.403569E-3	3.136875E-2
5.750000E+0	4.241062E-1	-1.089100E+2	4.270516E-1	-1.107134E+2	-7.388948E-3	3.125302E-2
5.751172E+0	4.238018E-1	-1.123987E+2	4.267105E-1	-1.141951E+2	-7.304683E-3	3.113427E-2
5.752344E+0	4.234274E-1	-1.158795E+2	4.263249E-1	-1.176703E+2	-7.281549E-3	3.103788E-2
5.753516E+0	4.229918E-1	-1.193535E+2	4.258634E-1	-1.211369E+2	-7.224122E-3	3.091133E-2
5.754688E+0	4.224764E-1	-1.228198E+2	4.253381E-1	-1.245961E+2	-7.205359E-3	3.078877E-2
5.755859E+0	4.219320E-1	-1.262767E+2	4.247654E-1	-1.280460E+2	-7.144078E-3	3.066925E-2
5.757031E+0	4.213398E-1	-1.297218E+2	4.241638E-1	-1.314875E+2	-7.129459E-3	3.060726E-2
5.758203E+0	4.207039E-1	-1.331563E+2	4.235354E-1	-1.349152E+2	-7.153407E-3	3.048857E-2
5.759375E+0	4.200678E-1	-1.365826E+2	4.228864E-1	-1.383368E+2	-7.130674E-3	3.040775E-2
5.760547E+0	4.194137E-1	-1.399967E+2	4.222326E-1	-1.417454E+2	-7.138785E-3	3.031211E-2
5.761719E+0	4.187741E-1	-1.434003E+2	4.215728E-1	-1.451422E+2	-7.097745E-3	3.019541E-2
5.762891E+0	4.181277E-1	-1.467930E+2	4.209200E-1	-1.485317E+2	-7.091154E-3	3.014010E-2
5.764063E+0	4.174940E-1	-1.501786E+2	4.202881E-1	-1.519090E+2	-7.101048E-3	2.999584E-2
5.765234E+0	4.168852E-1	-1.535527E+2	4.196702E-1	-1.552781E+2	-7.086544E-3	2.990955E-2
5.766406E+0	4.163130E-1	-1.569181E+2	4.190933E-1	-1.586355E+2	-7.080299E-3	2.977097E-2
5.767578E+0	4.157811E-1	-1.602737E+2	4.185315E-1	-1.619892E+2	-7.016805E-3	2.973992E-2
5.768750E+0	4.152783E-1	-1.636208E+2	4.180323E-1	-1.653337E+2	-7.031908E-3	2.969437E-2
5.769922E+0	4.148285E-1	-1.669652E+2	4.175768E-1	-1.686717E+2	-7.022137E-3	2.958364E-2
5.771094E+0	4.144331E-1	-1.703008E+2	4.171765E-1	-1.720023E+2	-7.014131E-3	2.949715E-2
5.772266E+0	4.140896E-1	-1.736303E+2	4.168210E-1	-1.753300E+2	-6.990034E-3	2.946664E-2
5.773437E+0	4.138131E-1	-1.769590E+2	4.165302E-1	-1.786540E+2	-6.957877E-3	2.938607E-2
5.774609E+0	4.135829E-1	1.797182E+2	4.163001E-1	1.780266E+2	-6.959979E-3	2.932702E-2
5.775781E+0	4.134186E-1	1.763992E+2	4.161349E-1	1.747107E+2	-6.958822E-3	2.927328E-2
5.776953E+0	4.133418E-1	1.730759E+2	4.160343E-1	1.713938E+2	-6.899954E-3	2.916399E-2
5.778125E+0	4.133239E-1	1.697584E+2	4.160224E-1	1.680777E+2	-6.913843E-3	2.913930E-2
5.779297E+0	4.133858E-1	1.664373E+2	4.160750E-1	1.647625E+2	-6.887685E-3	2.903771E-2
5.780469E+0	4.134927E-1	1.631193E+2	4.161743E-1	1.614462E+2	-6.867029E-3	2.900882E-2
5.781641E+0	4.136881E-1	1.597962E+2	4.163593E-1	1.581256E+2	-6.837935E-3	2.896630E-2
5.782813E+0	4.139487E-1	1.564711E+2	4.166237E-1	1.548044E+2	-6.841013E-3	2.889855E-2
5.783984E+0	4.142862E-1	1.531412E+2	4.169472E-1	1.514805E+2	-6.799449E-3	2.879567E-2
5.785156E+0	4.146818E-1	1.498057E+2	4.173302E-1	1.481476E+2	-6.762109E-3	2.875164E-2
5.786328E+0	4.151421E-1	1.464666E+2	4.177971E-1	1.448111E+2	-6.769507E-3	2.870632E-2
5.787500E+0	4.156736E-1	1.431194E+2	4.183197E-1	1.414669E+2	-6.738803E-3	2.865515E-2
5.788672E+0	4.162463E-1	1.397659E+2	4.189022E-1	1.381182E+2	-6.750999E-3	2.857152E-2
5.789844E+0	4.168965E-1	1.364063E+2	4.195072E-1	1.347619E+2	-6.632514E-3	2.851767E-2
5.791016E+0	4.175701E-1	1.330350E+2	4.201902E-1	1.313922E+2	-6.643968E-3	2.848958E-2
5.792188E+0	4.182954E-1	1.296554E+2	4.209102E-1	1.280199E+2	-6.617098E-3	2.836368E-2
5.793359E+0	4.190472E-1	1.262648E+2	4.216497E-1	1.246308E+2	-6.576305E-3	2.833882E-2
5.794531E+0	4.198127E-1	1.228638E+2	4.224143E-1	1.212325E+2	-6.561674E-3	2.829238E-2
5.795703E+0	4.206248E-1	1.194516E+2	4.232049E-1	1.178211E+2	-6.498996E-3	2.828028E-2
5.796875E+0	4.214141E-1	1.160255E+2	4.239948E-1	1.144010E+2	-6.486101E-3	2.817652E-2
5.798047E+0	4.221909E-1	1.125862E+2	4.247741E-1	1.109673E+2	-6.478072E-3	2.807957E-2
5.799219E+0	4.229687E-1	1.091378E+2	4.255193E-1	1.075160E+2	-6.392268E-3	2.813233E-2
5.800391E+0	4.237047E-1	1.056722E+2	4.262441E-1	1.040578E+2	-6.352188E-3	2.800502E-2
5.801563E+0	4.244181E-1	1.021949E+2	4.269421E-1	1.005845E+2	-6.304443E-3	2.793694E-2
5.802734E+0	4.250454E-1	9.870560E+1	4.275652E-1	9.709949E+1	-6.283923E-3	2.786306E-2
5.803906E+0	4.256396E-1	9.520708E+1	4.281325E-1	9.360152E+1	-6.213043E-3	2.785550E-2
5.805078E+0	4.261551E-1	9.169664E+1	4.286397E-1	9.009872E+1	-6.183095E-3	2.772371E-2
5.806250E+0	4.265772E-1	8.817882E+1	4.290397E-1	8.658308E+1	-6.125148E-3	2.768749E-2
5.807422E+0	4.269021E-1	8.465162E+1	4.293524E-1	8.305968E+1	-6.090731E-3	2.762247E-2
5.808594E+0	4.271508E-1	8.111908E+1	4.295850E-1	7.953066E+1	-6.048484E-3	2.756254E-2
5.809766E+0	4.272748E-1	7.758099E+1	4.296864E-1	7.599958E+1	-5.991206E-3	2.744242E-2
5.810938E+0	4.273020E-1	7.404047E+1	4.296791E-1	7.246281E+1	-5.909245E-3	2.737957E-2
5.812109E+0	4.271899E-1	7.049754E+1	4.295895E-1	6.892713E+1	-5.959298E-3	2.725231E-2
5.813281E+0	4.270047E-1	6.695936E+1	4.293557E-1	6.539166E+1	-5.847900E-3	2.720831E-2
5.814453E+0	4.266934E-1	6.342189E+1	4.290358E-1	6.185706E+1	-5.830582E-3	2.715895E-2
5.815625E+0	4.262789E-1	5.988806E+1	4.285914E-1	5.833039E+1	-5.763117E-3	2.703645E-2
5.816797E+0	4.257392E-1	5.635946E+1	4.280615E-1	5.480796E+1	-5.789774E-3	2.692859E-2
5.817969E+0	4.251282E-1	5.284058E+1	4.274112E-1	5.129285E+1	-5.704340E-3	2.686543E-2
5.819141E+0	4.244172E-1	4.933181E+1	4.266901E-1	4.778684E+1	-5.688409E-3	2.681793E-2
5.820312E+0	4.236495E-1	4.582935E+1	4.259212E-1	4.429148E+1	-5.691890E-3	2.669453E-2
5.821484E+0	4.227819E-1	4.233847E+1	4.250502E-1	4.080931E+1	-5.690773E-3	2.654330E-2
5.822656E+0	4.218968E-1	3.886532E+1	4.241378E-1	3.733852E+1	-5.636813E-3	2.650375E-2
5.823828E+0	4.209369E-1	3.540357E+1	4.231931E-1	3.388068E+1	-5.682702E-3	2.643463E-2
5.825000E+0	4.199682E-1	3.195282E+1	4.222123E-1	3.043795E+1	-5.662743E-3	2.629588E-2
5.826172E+0	4.189787E-1	2.851924E+1	4.212047E-1	2.700740E+1	-5.631107E-3	2.624409E-2
5.827344E+0	4.179903E-1	2.509961E+1	4.202154E-1	2.359203E+1	-5.639455E-3	2.616989E-2
5.828516E+0	4.169838E-1	2.169057E+1	4.192093E-1	2.018795E+1	-5.650852E-3	2.608345E-2
5.829688E+0	4.160161E-1	1.829832E+1	4.182364E-1	1.679961E+1	-5.648990E-3	2.601559E-2
5.830859E+0	4.150821E-1	1.491881E+1	4.172880E-1	1.342693E+1	-5.623460E-3	2.589765E-2
5.832031E+0	4.141720E-1	1.154842E+1	4.163886E-1	1.006129E+1	-5.658420E-3	2.581425E-2
5.833203E+0	4.133165E-1	8.192867E+0	4.155251E-1	6.707196E+0	-5.649575E-3	2.578914E-2
5.834375E+0	4.125003E-1	4.844748E+0	4.147242E-1	3.364571E+0	-5.694248E-3	2.569257E-2
5.835547E+0	4.117488E-1	1.508220E+0	4.139792E-1	3.116466E-2	-5.718192E-3	2.563775E-2
5.836719E+0	4.110845E-1	-1.821057E+0	4.133073E-1	-3.293224E+0	-5.706382E-3	2.555316E-2
5.837891E+0	4.104809E-1	-5.141258E+0	4.127033E-1	-6.613997E+0	-5.713537E-3	2.556291E-2
5.839063E+0	4.099511E-1	-8.458710E+0	4.121681E-1	-9.926898E+0	-5.705403E-3	2.548409E-2
5.840234E+0	4.094985E-1	-1.176863E+1	4.117231E-1	-1.323621E+1	-5.729397E-3	2.547292E-2
5.841406E+0	4.091266E-1	-1.507815E+1	4.113489E-1	-1.654071E+1	-5.726493E-3	2.538582E-2
5.842578E+0	4.088359E-1	-1.838129E+1	4.110606E-1	-1.984468E+1	-5.736485E-3	2.539998E-2
5.843750E+0	4.086278E-1	-2.168812E+1	4.108327E-1	-2.314725E+1	-5.689421E-3	2.532721E-2
5.844922E+0	4.084894E-1	-2.499509E+1	4.107024E-1	-2.645135E+1	-5.709572E-3	2.527686E-2
5.846094E+0	4.084225E-1	-2.830199E+1	4.106356E-1	-2.975628E+1	-5.709823E-3	2.524264E-2
5.847266E+0	4.084343E-1	-3.161104E+1	4.106397E-1	-3.306455E+1	-5.690681E-3	2.522958E-2
5.848438E+0	4.085126E-1	-3.492436E+1	4.107240E-1	-3.637521E+1	-5.703012E-3	2.518308E-2
5.849609E+0	4.086607E-1	-3.824269E+1	4.108576E-1	-3.969046E+1	-5.664629E-3	2.513057E-2
5.850781E+0	4.088717E-1	-4.156992E+1	4.110552E-1	-4.301273E+1	-5.627299E-3	2.504537E-2
5.851953E+0	4.091245E-1	-4.489948E+1	4.113026E-1	-4.634256E+1	-5.611098E-3	2.505047E-2
5.853125E+0	4.094270E-1	-4.823533E+1	4.116052E-1	-4.967732E+1	-5.606972E-3	2.503165E-2
5.854297E+0	4.097522E-1	-5.158157E+1	4.119387E-1	-5.301901E+1	-5.620847E-3	2.495228E-2
5.855469E+0	4.101300E-1	-5.493510E+1	4.123121E-1	-5.637125E+1	-5.604812E-3	2.493028E-2
5.856641E+0	4.105371E-1	-5.829388E+1	4.127098E-1	-5.972948E+1	-5.576705E-3	2.492143E-2
5.857813E+0	4.109618E-1	-6.166645E+1	4.131346E-1	-6.309879E+1	-5.570120E-3	2.486498E-2
5.858984E+0	4.113992E-1	-6.504602E+1	4.135678E-1	-6.647422E+1	-5.552666E-3	2.479352E-2
5.860156E+0	4.118528E-1	-6.843311E+1	4.139976E-1	-6.985998E+1	-5.489178E-3	2.477200E-2
5.861328E+0	4.122970E-1	-7.183144E+1	4.144223E-1	-7.325427E+1	-5.435087E-3	2.470318E-2
5.862500E+0	4.127131E-1	-7.523749E+1	4.148410E-1	-7.665899E+1	-5.435605E-3	2.468006E-2
5.863672E+0	4.131215E-1	-7.865215E+1	4.152517E-1	-8.006772E+1	-5.433522E-3	2.457712E-2
5.864844E+0	4.134962E-1	-8.207299E+1	4.156322E-1	-8.349003E+1	-5.443408E-3	2.460240E-2
5.866016E+0	4.138426E-1	-8.550552E+1	4.159567E-1	-8.691731E+1	-5.384516E-3	2.451267E-2
5.867187E+0	4.141375E-1	-8.894474E+1	4.162525E-1	-9.035025E+1	-5.380386E-3	2.440369E-2
5.868359E+0	4.143923E-1	-9.238348E+1	4.164984E-1	-9.379031E+1	-5.356588E-3	2.442720E-2
5.869531E+0	4.145885E-1	-9.583360E+1	4.167032E-1	-9.723623E+1	-5.372947E-3	2.435384E-2
5.870703E+0	4.147230E-1	-9.928506E+1	4.168219E-1	-1.006868E+2	-5.333230E-3	2.433936E-2
5.871875E+0	4.148066E-1	-1.027421E+2	4.169025E-1	-1.041382E+2	-5.322672E-3	2.424164E-2
5.873047E+0	4.148113E-1	-1.062002E+2	4.168873E-1	-1.075924E+2	-5.273487E-3	2.417509E-2
5.874219E+0	4.147591E-1	-1.096575E+2	4.168117E-1	-1.110459E+2	-5.216664E-3	2.411046E-2
5.875391E+0	4.146286E-1	-1.131143E+2	4.166778E-1	-1.145011E+2	-5.209416E-3	2.408284E-2
5.876563E+0	4.144163E-1	-1.165697E+2	4.164859E-1	-1.179541E+2	-5.259640E-3	2.403993E-2
5.877734E+0	4.141537E-1	-1.200216E+2	4.162235E-1	-1.214010E+2	-5.261159E-3	2.395304E-2
5.878906E+0	4.138203E-1	-1.234702E+2	4.158755E-1	-1.248450E+2	-5.228302E-3	2.387392E-2
5.880078E+0	4.134401E-1	-1.269113E+2	4.154980E-1	-1.282823E+2	-5.237706E-3	2.380768E-2
5.881250E+0	4.129903E-1	-1.303463E+2	4.150445E-1	-1.317142E+2	-5.232917E-3	2.375394E-2
5.882422E+0	4.124833E-1	-1.337746E+2	4.145374E-1	-1.351377E+2	-5.236742E-3	2.367046E-2
5.883594E+0	4.119425E-1	-1.371909E+2	4.139999E-1	-1.385510E+2	-5.249905E-3	2.361804E-2
5.884766E+0	4.113642E-1	-1.405966E+2	4.134218E-1	-1.419552E+2	-5.256717E-3	2.359182E-2
5.885938E+0	4.107642E-1	-1.439933E+2	4.128260E-1	-1.453458E+2	-5.271563E-3	2.348550E-2
5.887109E+0	4.101674E-1	-1.473757E+2	4.122393E-1	-1.487291E+2	-5.303532E-3	2.350038E-2
5.888281E+0	4.095535E-1	-1.507500E+2	4.116022E-1	-1.520968E+2	-5.252259E-3	2.338694E-2
5.889453E+0	4.089586E-1	-1.541097E+2	4.110308E-1	-1.554553E+2	-5.315845E-3	2.336460E-2
5.890625E+0	4.083679E-1	-1.574584E+2	4.104398E-1	-1.588002E+2	-5.320824E-3	2.329848E-2
5.891797E+0	4.078137E-1	-1.607955E+2	4.098949E-1	-1.621368E+2	-5.350012E-3	2.328911E-2
5.892969E+0	4.072919E-1	-1.641189E+2	4.093838E-1	-1.654588E+2	-5.381910E-3	2.326405E-2
5.894141E+0	4.068452E-1	-1.674341E+2	4.089276E-1	-1.687712E+2	-5.363248E-3	2.321585E-2
5.895313E+0	4.064307E-1	-1.707380E+2	4.085263E-1	-1.720749E+2	-5.400470E-3	2.321151E-2
5.896484E+0	4.061053E-1	-1.740325E+2	4.082066E-1	-1.753665E+2	-5.417273E-3	2.316075E-2
5.897656E+0	4.058508E-1	-1.773221E+2	4.079565E-1	-1.786522E+2	-5.429636E-3	2.309273E-2
5.898828E+0	4.056863E-1	1.793994E+2	4.078075E-1	1.780683E+2	-5.469923E-3	2.310916E-2
5.900000E+0	4.056108E-1	1.761245E+2	4.077246E-1	1.747953E+2	-5.452070E-3	2.307657E-2
