5.601172E+0	4.244137E-1	-3.913504E+1	4.318905E-1	-3.746511E+1	-1.772915E-2	-2.863716E-2
5.602344E+0	4.248991E-1	-4.260752E+1	4.324243E-1	-4.091728E+1	-1.782988E-2	-2.898268E-2
5.603516E+0	4.253248E-1	-4.609048E+1	4.328876E-1	-4.438189E+1	-1.790742E-2	-2.929520E-2
5.604688E+0	4.256307E-1	-4.958343E+1	4.332713E-1	-4.785577E+1	-1.808124E-2	-2.961712E-2
5.605859E+0	4.258469E-1	-5.307875E+1	4.335790E-1	-5.133799E+1	-1.828646E-2	-2.983559E-2
5.607031E+0	4.259608E-1	-5.657773E+1	4.338073E-1	-5.482739E+1	-1.854568E-2	-2.999197E-2
5.608203E+0	4.260215E-1	-6.008372E+1	4.339339E-1	-5.832553E+1	-1.869631E-2	-3.012194E-2
5.609375E+0	4.259888E-1	-6.359198E+1	4.339485E-1	-6.182480E+1	-1.880939E-2	-3.027257E-2
5.610547E+0	4.258616E-1	-6.710581E+1	4.338515E-1	-6.532888E+1	-1.888823E-2	-3.043725E-2
5.611719E+0	4.256044E-1	-7.061904E+1	4.336713E-1	-6.883107E+1	-1.907923E-2	-3.062052E-2
5.612891E+0	4.252630E-1	-7.413491E+1	4.333569E-1	-7.233479E+1	-1.916150E-2	-3.082615E-2
5.614063E+0	4.247843E-1	-7.764670E+1	4.329353E-1	-7.583710E+1	-1.931662E-2	-3.098370E-2
5.615234E+0	4.241976E-1	-8.115244E+1	4.324335E-1	-7.933518E+1	-1.953884E-2	-3.110789E-2
5.616406E+0	4.234995E-1	-8.464949E+1	4.317792E-1	-8.282685E+1	-1.967200E-2	-3.119581E-2
5.617578E+0	4.227257E-1	-8.813381E+1	4.310499E-1	-8.631174E+1	-1.980730E-2	-3.118174E-2
5.618750E+0	4.218843E-1	-9.161255E+1	4.302230E-1	-8.978870E+1	-1.987906E-2	-3.120994E-2
5.619922E+0	4.209755E-1	-9.508087E+1	4.293352E-1	-9.325453E+1	-1.996936E-2	-3.124969E-2
5.621094E+0	4.199946E-1	-9.853802E+1	4.283412E-1	-9.670796E+1	-1.998599E-2	-3.131286E-2
5.622266E+0	4.189533E-1	-1.019778E+2	4.272907E-1	-1.001489E+2	-2.001171E-2	-3.129217E-2
5.623438E+0	4.178841E-1	-1.054025E+2	4.261842E-1	-1.035750E+2	-1.997411E-2	-3.126940E-2
5.624609E+0	4.168252E-1	-1.088151E+2	4.250210E-1	-1.069847E+2	-1.978369E-2	-3.132514E-2
5.625781E+0	4.157602E-1	-1.122148E+2	4.238548E-1	-1.103772E+2	-1.960202E-2	-3.145428E-2
5.626953E+0	4.146850E-1	-1.156026E+2	4.226758E-1	-1.137539E+2	-1.941593E-2	-3.165041E-2
5.628125E+0	4.136283E-1	-1.189800E+2	4.214953E-1	-1.171127E+2	-1.918562E-2	-3.197659E-2
5.629297E+0	4.125728E-1	-1.223461E+2	4.203276E-1	-1.204551E+2	-1.898396E-2	-3.238939E-2
5.630469E+0	4.115084E-1	-1.256957E+2	4.191904E-1	-1.237793E+2	-1.887487E-2	-3.282842E-2
5.631641E+0	4.104175E-1	-1.290256E+2	4.180965E-1	-1.270870E+2	-1.892841E-2	-3.320718E-2
5.632812E+0	4.093834E-1	-1.323335E+2	4.170704E-1	-1.303786E+2	-1.900223E-2	-3.348409E-2
5.633984E+0	4.084297E-1	-1.356221E+2	4.161202E-1	-1.336551E+2	-1.905979E-2	-3.368953E-2
5.635156E+0	4.075983E-1	-1.388941E+2	4.152482E-1	-1.369166E+2	-1.900705E-2	-3.387133E-2
5.636328E+0	4.068820E-1	-1.421620E+2	4.144642E-1	-1.401637E+2	-1.889099E-2	-3.423194E-2
5.637500E+0	4.062863E-1	-1.454178E+2	4.138129E-1	-1.434023E+2	-1.879581E-2	-3.453017E-2
5.638672E+0	4.057649E-1	-1.486643E+2	4.132356E-1	-1.466285E+2	-1.869831E-2	-3.488172E-2
5.639844E+0	4.054030E-1	-1.519039E+2	4.128001E-1	-1.498465E+2	-1.855241E-2	-3.525737E-2
5.641016E+0	4.051848E-1	-1.551399E+2	4.124944E-1	-1.530566E+2	-1.836974E-2	-3.570825E-2
5.642188E+0	4.050860E-1	-1.583773E+2	4.123131E-1	-1.562637E+2	-1.819659E-2	-3.623446E-2
5.643359E+0	4.051034E-1	-1.616126E+2	4.122703E-1	-1.594633E+2	-1.807526E-2	-3.685160E-2
5.644531E+0	4.052487E-1	-1.648532E+2	4.123658E-1	-1.626654E+2	-1.797554E-2	-3.751616E-2
5.645703E+0	4.055025E-1	-1.680932E+2	4.126208E-1	-1.658677E+2	-1.799269E-2	-3.816262E-2
5.646875E+0	4.059118E-1	-1.713403E+2	4.129911E-1	-1.690714E+2	-1.791206E-2	-3.891080E-2
5.648047E+0	4.064378E-1	-1.745943E+2	4.135171E-1	-1.722817E+2	-1.792024E-2	-3.966072E-2
5.649219E+0	4.070857E-1	-1.778640E+2	4.141625E-1	-1.754978E+2	-1.792508E-2	-4.058078E-2
5.650391E+0	4.078293E-1	1.788539E+2	4.149465E-1	-1.787233E+2	-1.803067E-2	-4.154816E-2
5.651563E+0	4.086265E-1	1.755581E+2	4.158582E-1	1.780416E+2	-1.831275E-2	-4.257815E-2
5.652734E+0	4.094746E-1	1.722516E+2	4.168869E-1	1.747933E+2	-1.874642E-2	-4.355800E-2
5.653906E+0	4.103931E-1	1.689318E+2	4.180116E-1	1.715292E+2	-1.923422E-2	-4.449172E-2
5.655078E+0	4.113793E-1	1.656030E+2	4.192451E-1	1.682503E+2	-1.980901E-2	-4.532110E-2
5.656250E+0	4.124480E-1	1.622576E+2	4.205413E-1	1.649587E+2	-2.033461E-2	-4.621870E-2
5.657422E+0	4.135441E-1	1.588921E+2	4.219233E-1	1.616460E+2	-2.099148E-2	-4.709194E-2
5.658594E+0	4.146700E-1	1.555008E+2	4.233797E-1	1.583169E+2	-2.175463E-2	-4.811973E-2
5.659766E+0	4.157620E-1	1.520909E+2	4.248740E-1	1.549651E+2	-2.267734E-2	-4.906783E-2
5.660938E+0	4.168088E-1	1.486709E+2	4.264200E-1	1.515946E+2	-2.381160E-2	-4.985641E-2
5.662109E+0	4.178002E-1	1.452390E+2	4.279673E-1	1.482066E+2	-2.506589E-2	-5.054132E-2
5.663281E+0	4.187409E-1	1.417981E+2	4.295233E-1	1.447962E+2	-2.643755E-2	-5.098987E-2
5.664453E+0	4.196190E-1	1.383543E+2	4.310757E-1	1.413650E+2	-2.792058E-2	-5.112656E-2
5.665625E+0	4.205396E-1	1.349025E+2	4.325799E-1	1.379150E+2	-2.917715E-2	-5.109105E-2
5.666797E+0	4.214704E-1	1.314347E+2	4.340541E-1	1.344457E+2	-3.033159E-2	-5.100484E-2
5.667969E+0	4.223891E-1	1.279468E+2	4.354875E-1	1.309549E+2	-3.141399E-2	-5.089875E-2
5.669141E+0	4.232677E-1	1.244376E+2	4.368154E-1	1.274483E+2	-3.235215E-2	-5.089348E-2
5.670313E+0	4.240549E-1	1.209129E+2	4.380628E-1	1.239251E+2	-3.331437E-2	-5.086825E-2
5.671484E+0	4.247450E-1	1.173746E+2	4.392257E-1	1.203896E+2	-3.430726E-2	-5.086333E-2
5.672656E+0	4.253081E-1	1.138237E+2	4.402610E-1	1.168355E+2	-3.529807E-2	-5.075711E-2
5.673828E+0	4.257028E-1	1.102670E+2	4.411932E-1	1.132736E+2	-3.643841E-2	-5.060942E-2
5.675000E+0	4.259523E-1	1.067102E+2	4.419757E-1	1.096979E+2	-3.756400E-2	-5.023196E-2
5.676172E+0	4.261051E-1	1.031575E+2	4.426246E-1	1.061157E+2	-3.860451E-2	-4.968132E-2
5.677344E+0	4.262177E-1	9.959741E+1	4.431229E-1	1.025267E+2	-3.940693E-2	-4.915388E-2
5.678516E+0	4.262034E-1	9.602506E+1	4.434800E-1	9.893352E+1	-4.019483E-2	-4.876372E-2
5.679687E+0	4.260019E-1	9.245105E+1	4.436935E-1	9.533497E+1	-4.108946E-2	-4.830651E-2
5.680859E+0	4.256707E-1	8.888469E+1	4.437385E-1	9.173674E+1	-4.190544E-2	-4.773114E-2
5.682031E+0	4.252126E-1	8.532954E+1	4.436581E-1	8.814034E+1	-4.272900E-2	-4.699924E-2
5.683203E+0	4.246350E-1	8.178127E+1	4.434038E-1	8.454566E+1	-4.344335E-2	-4.618751E-2
5.684375E+0	4.239452E-1	7.824155E+1	4.430033E-1	8.095480E+1	-4.409304E-2	-4.530098E-2
5.685547E+0	4.231463E-1	7.471881E+1	4.424796E-1	7.737255E+1	-4.471865E-2	-4.427695E-2
5.686719E+0	4.222770E-1	7.122073E+1	4.418243E-1	7.379720E+1	-4.520841E-2	-4.296392E-2
5.687891E+0	4.214779E-1	6.773840E+1	4.410229E-1	7.023238E+1	-4.522265E-2	-4.158597E-2
5.689063E+0	4.207617E-1	6.424963E+1	4.400495E-1	6.667220E+1	-4.468555E-2	-4.041652E-2
5.690234E+0	4.200598E-1	6.073798E+1	4.389889E-1	6.312457E+1	-4.394976E-2	-3.984622E-2
5.691406E+0	4.193094E-1	5.721660E+1	4.378291E-1	5.959076E+1	-4.312100E-2	-3.967282E-2
5.692578E+0	4.183754E-1	5.369855E+1	4.365660E-1	5.607303E+1	-4.249031E-2	-3.970432E-2
5.693750E+0	4.173142E-1	5.019109E+1	4.352642E-1	5.257015E+1	-4.206571E-2	-3.979863E-2
5.694922E+0	4.161588E-1	4.669534E+1	4.338739E-1	4.908445E+1	-4.166380E-2	-3.998372E-2
5.696094E+0	4.148509E-1	4.321845E+1	4.324721E-1	4.561752E+1	-4.158606E-2	-4.015386E-2
5.697266E+0	4.134879E-1	3.976221E+1	4.310325E-1	4.216819E+1	-4.154932E-2	-4.027120E-2
5.698438E+0	4.120849E-1	3.632774E+1	4.295719E-1	3.873759E+1	-4.155635E-2	-4.033575E-2
5.699609E+0	4.106705E-1	3.291142E+1	4.281076E-1	3.532491E+1	-4.158157E-2	-4.039569E-2
5.700781E+0	4.092449E-1	2.951717E+1	4.266607E-1	3.193150E+1	-4.167029E-2	-4.040602E-2
5.701953E+0	4.078344E-1	2.614940E+1	4.252506E-1	2.855305E+1	-4.179895E-2	-4.022167E-2
5.703125E+0	4.065209E-1	2.280932E+1	4.238759E-1	2.519661E+1	-4.177596E-2	-3.994855E-2
5.704297E+0	4.053433E-1	1.948244E+1	4.225388E-1	2.185433E+1	-4.151755E-2	-3.970126E-2
5.705469E+0	4.043188E-1	1.615516E+1	4.212857E-1	1.852928E+1	-4.109788E-2	-3.975603E-2
5.706641E+0	4.033926E-1	1.283131E+1	4.200933E-1	1.521942E+1	-4.058871E-2	-4.001180E-2
5.707813E+0	4.024980E-1	9.514359E+0	4.190065E-1	1.192212E+1	-4.024722E-2	-4.035579E-2
5.708984E+0	4.016515E-1	6.208204E+0	4.180075E-1	8.640012E+0	-3.999382E-2	-4.077008E-2
5.710156E+0	4.008851E-1	2.912023E+0	4.171073E-1	5.368823E+0	-3.977558E-2	-4.119896E-2
5.711328E+0	4.002348E-1	-3.773581E-1	4.163280E-1	2.106497E+0	-3.955831E-2	-4.166264E-2
5.712500E+0	3.997014E-1	-3.667067E+0	4.156601E-1	-1.149464E+0	-3.932180E-2	-4.223983E-2
5.713672E+0	3.992370E-1	-6.955768E+0	4.151179E-1	-4.399975E+0	-3.921303E-2	-4.288628E-2
5.714844E+0	3.988625E-1	-1.024598E+1	4.147027E-1	-7.643054E+0	-3.918886E-2	-4.367935E-2
5.716016E+0	3.985283E-1	-1.352978E+1	4.143983E-1	-1.088514E+1	-3.932078E-2	-4.437424E-2
5.717188E+0	3.982881E-1	-1.681186E+1	4.142446E-1	-1.412724E+1	-3.957475E-2	-4.503413E-2
5.718359E+0	3.981276E-1	-2.009497E+1	4.141784E-1	-1.736942E+1	-3.984074E-2	-4.570909E-2
5.719531E+0	3.980849E-1	-2.337791E+1	4.142614E-1	-2.061706E+1	-4.016441E-2	-4.628639E-2
5.720703E+0	3.980988E-1	-2.665752E+1	4.144696E-1	-2.386905E+1	-4.063548E-2	-4.672723E-2
5.721875E+0	3.982704E-1	-2.994364E+1	4.147835E-1	-2.712988E+1	-4.096900E-2	-4.713531E-2
5.723047E+0	3.985883E-1	-3.324565E+1	4.151919E-1	-3.039888E+1	-4.117490E-2	-4.767895E-2
5.724219E+0	3.989471E-1	-3.655791E+1	4.156722E-1	-3.367363E+1	-4.145210E-2	-4.829428E-2
5.725391E+0	3.993708E-1	-3.987716E+1	4.162657E-1	-3.696440E+1	-4.182632E-2	-4.875292E-2
5.726562E+0	3.998814E-1	-4.320000E+1	4.169362E-1	-4.026477E+1	-4.216333E-2	-4.911240E-2
5.727734E+0	4.005465E-1	-4.654460E+1	4.176890E-1	-4.358251E+1	-4.232252E-2	-4.955438E-2
5.728906E+0	4.013355E-1	-4.992208E+1	4.184805E-1	-4.691297E+1	-4.229196E-2	-5.034405E-2
5.730078E+0	4.020904E-1	-5.333072E+1	4.193028E-1	-5.025911E+1	-4.242773E-2	-5.138441E-2
5.731250E+0	4.027562E-1	-5.675690E+1	4.201474E-1	-5.362154E+1	-4.282803E-2	-5.243105E-2
5.732422E+0	4.033345E-1	-6.019186E+1	4.209822E-1	-5.699899E+1	-4.340752E-2	-5.336241E-2
5.733594E+0	4.038933E-1	-6.363361E+1	4.218607E-1	-6.039464E+1	-4.412023E-2	-5.409418E-2
5.734766E+0	4.044341E-1	-6.709682E+1	4.226992E-1	-6.380250E+1	-4.479171E-2	-5.498195E-2
5.735938E+0	4.048982E-1	-7.057181E+1	4.234904E-1	-6.722508E+1	-4.553288E-2	-5.581531E-2
5.737109E+0	4.052441E-1	-7.405470E+1	4.242344E-1	-7.066431E+1	-4.643559E-2	-5.649166E-2
5.738281E+0	4.055624E-1	-7.754557E+1	4.249392E-1	-7.411182E+1	-4.731241E-2	-5.716325E-2
5.739453E+0	4.057944E-1	-8.104588E+1	4.255719E-1	-7.757380E+1	-4.822303E-2	-5.774766E-2
5.740625E+0	4.059629E-1	-8.455511E+1	4.261177E-1	-8.104575E+1	-4.908516E-2	-5.831637E-2
5.741797E+0	4.060096E-1	-8.807546E+1	4.265850E-1	-8.452375E+1	-5.006089E-2	-5.896135E-2
5.742969E+0	4.059412E-1	-9.159491E+1	4.269523E-1	-8.800865E+1	-5.107369E-2	-5.947293E-2
5.744141E+0	4.057419E-1	-9.511018E+1	4.272418E-1	-9.149904E+1	-5.220814E-2	-5.981502E-2
5.745313E+0	4.054726E-1	-9.862016E+1	4.274141E-1	-9.499174E+1	-5.323710E-2	-6.003676E-2
5.746484E+0	4.051269E-1	-1.021199E+2	4.275041E-1	-9.848776E+1	-5.424734E-2	-6.003435E-2
5.747656E+0	4.047855E-1	-1.056154E+2	4.274842E-1	-1.019830E+2	-5.500060E-2	-5.999084E-2
5.748828E+0	4.044528E-1	-1.091192E+2	4.273815E-1	-1.054763E+2	-5.556142E-2	-6.012902E-2
5.750000E+0	4.040997E-1	-1.126307E+2	4.271868E-1	-1.089685E+2	-5.597617E-2	-6.042190E-2
5.751172E+0	4.036728E-1	-1.161465E+2	4.269017E-1	-1.124513E+2	-5.637862E-2	-6.094187E-2
5.752344E+0	4.031562E-1	-1.196590E+2	4.265473E-1	-1.159295E+2	-5.683984E-2	-6.147909E-2
5.753516E+0	4.025424E-1	-1.231718E+2	4.261093E-1	-1.194017E+2	-5.735156E-2	-6.211656E-2
5.754688E+0	4.018594E-1	-1.266771E+2	4.256264E-1	-1.228651E+2	-5.792894E-2	-6.277047E-2
5.755859E+0	4.011514E-1	-1.301745E+2	4.250697E-1	-1.263202E+2	-5.840364E-2	-6.343712E-2
5.757031E+0	4.004343E-1	-1.336812E+2	4.244868E-1	-1.297649E+2	-5.886534E-2	-6.442912E-2
5.758203E+0	3.996537E-1	-1.371974E+2	4.238707E-1	-1.331994E+2	-5.942747E-2	-6.573825E-2
5.759375E+0	3.986639E-1	-1.407043E+2	4.232233E-1	-1.366242E+2	-6.041679E-2	-6.702216E-2
5.760547E+0	3.975330E-1	-1.441842E+2	4.225682E-1	-1.400394E+2	-6.170582E-2	-6.799523E-2
5.761719E+0	3.963540E-1	-1.476446E+2	4.219098E-1	-1.434401E+2	-6.309998E-2	-6.887562E-2
5.762891E+0	3.951903E-1	-1.510825E+2	4.212665E-1	-1.468337E+2	-6.447768E-2	-6.950162E-2
5.764063E+0	3.940649E-1	-1.545053E+2	4.206042E-1	-1.502168E+2	-6.572121E-2	-7.006020E-2
5.765234E+0	3.930198E-1	-1.579208E+2	4.199857E-1	-1.535909E+2	-6.687759E-2	-7.065155E-2
5.766406E+0	3.920304E-1	-1.613304E+2	4.193926E-1	-1.569549E+2	-6.796683E-2	-7.131515E-2
5.767578E+0	3.911183E-1	-1.647350E+2	4.188283E-1	-1.603125E+2	-6.894122E-2	-7.200887E-2
5.768750E+0	3.903263E-1	-1.681491E+2	4.183020E-1	-1.636598E+2	-6.974204E-2	-7.303809E-2
5.769922E+0	3.895210E-1	-1.715697E+2	4.178230E-1	-1.670000E+2	-7.070034E-2	-7.427507E-2
5.771094E+0	3.887025E-1	-1.749875E+2	4.173871E-1	-1.703337E+2	-7.179451E-2	-7.555892E-2
5.772266E+0	3.879373E-1	-1.784147E+2	4.170065E-1	-1.736632E+2	-7.290632E-2	-7.705998E-2
5.773437E+0	3.871579E-1	1.781425E+2	4.166888E-1	-1.769907E+2	-7.422026E-2	-7.882696E-2
5.774609E+0	3.862361E-1	1.747064E+2	4.164287E-1	1.796906E+2	-7.601080E-2	-8.058184E-2
5.775781E+0	3.852582E-1	1.712862E+2	4.162291E-1	1.763717E+2	-7.805186E-2	-8.204651E-2
5.776953E+0	3.843799E-1	1.678690E+2	4.160919E-1	1.730562E+2	-7.999719E-2	-8.351959E-2
5.778125E+0	3.835523E-1	1.644352E+2	4.160467E-1	1.697401E+2	-8.205145E-2	-8.523469E-2
5.779297E+0	3.826128E-1	1.610020E+2	4.160487E-1	1.664250E+2	-8.448154E-2	-8.691279E-2
5.780469E+0	3.816338E-1	1.575846E+2	4.161288E-1	1.631090E+2	-8.715469E-2	-8.828937E-2
5.781641E+0	3.807504E-1	1.541698E+2	4.162829E-1	1.597913E+2	-8.975540E-2	-8.959513E-2
5.782813E+0	3.799459E-1	1.507423E+2	4.164938E-1	1.564712E+2	-9.230773E-2	-9.106216E-2
5.783984E+0	3.791635E-1	1.473015E+2	4.167784E-1	1.531456E+2	-9.497986E-2	-9.263242E-2
5.785156E+0	3.784055E-1	1.438377E+2	4.171329E-1	1.498197E+2	-9.778164E-2	-9.454041E-2
5.786328E+0	3.775578E-1	1.403481E+2	4.175635E-1	1.464839E+2	-1.009873E-1	-9.664493E-2
5.787500E+0	3.765757E-1	1.368394E+2	4.180507E-1	1.431443E+2	-1.046588E-1	-9.892409E-2
5.788672E+0	3.753332E-1	1.333310E+2	4.185970E-1	1.397973E+2	-1.090585E-1	-1.009792E-1
5.789844E+0	3.738357E-1	1.298450E+2	4.191961E-1	1.364435E+2	-1.141155E-1	-1.024768E-1
5.791016E+0	3.722540E-1	1.263892E+2	4.198576E-1	1.330819E+2	-1.194222E-1	-1.033304E-1
5.792188E+0	3.707227E-1	1.229472E+2	4.205357E-1	1.297101E+2	-1.245851E-1	-1.038120E-1
5.793359E+0	3.692666E-1	1.194873E+2	4.212833E-1	1.263312E+2	-1.297177E-1	-1.044512E-1
5.794531E+0	3.676941E-1	1.160167E+2	4.220539E-1	1.229380E+2	-1.351470E-1	-1.049849E-1
5.795703E+0	3.659450E-1	1.125607E+2	4.228210E-1	1.195349E+2	-1.409193E-1	-1.050892E-1
5.796875E+0	3.641407E-1	1.091336E+2	4.235857E-1	1.161182E+2	-1.467173E-1	-1.045372E-1
5.798047E+0	3.624988E-1	1.057012E+2	4.243833E-1	1.126898E+2	-1.521684E-1	-1.039294E-1
5.799219E+0	3.609753E-1	1.022142E+2	4.251523E-1	1.092471E+2	-1.573389E-1	-1.039570E-1
5.800391E+0	3.592686E-1	9.867704E+1	4.259119E-1	1.057930E+2	-1.629693E-1	-1.044945E-1
5.801563E+0	3.572687E-1	9.510809E+1	4.266125E-1	1.023273E+2	-1.691840E-1	-1.052395E-1
5.802734E+0	3.550036E-1	9.149004E+1	4.272607E-1	9.884764E+1	-1.759584E-1	-1.064043E-1
5.803906E+0	3.521842E-1	8.781173E+1	4.278724E-1	9.535712E+1	-1.840215E-1	-1.080833E-1
5.805078E+0	3.483742E-1	8.414131E+1	4.283902E-1	9.185614E+1	-1.941438E-1	-1.091684E-1
5.806250E+0	3.435698E-1	8.056744E+1	4.288554E-1	8.834558E+1	-2.062387E-1	-1.084233E-1
5.807422E+0	3.381672E-1	7.709396E+1	4.292189E-1	8.482594E+1	-2.192966E-1	-1.059990E-1
5.808594E+0	3.322800E-1	7.368906E+1	4.294876E-1	8.129981E+1	-2.331493E-1	-1.024662E-1
5.809766E+0	3.254956E-1	7.038519E+1	4.296613E-1	7.776887E+1	-2.487186E-1	-9.735682E-2
5.810938E+0	3.175005E-1	6.733826E+1	4.297026E-1	7.423450E+1	-2.664614E-1	-8.871908E-2
5.812109E+0	3.087016E-1	6.477032E+1	4.296507E-1	7.069947E+1	-2.853493E-1	-7.421945E-2
5.813281E+0	3.004865E-1	6.276707E+1	4.294809E-1	6.716259E+1	-3.024074E-1	-5.362196E-2
5.814453E+0	2.941877E-1	6.115865E+1	4.292178E-1	6.362894E+1	-3.152327E-1	-2.954184E-2
5.815625E+0	2.903168E-1	5.971825E+1	4.288285E-1	6.009868E+1	-3.230151E-1	-4.495080E-3
5.816797E+0	2.886655E-1	5.827161E+1	4.283402E-1	5.657266E+1	-3.263798E-1	1.998022E-2
5.817969E+0	2.886773E-1	5.681755E+1	4.277583E-1	5.305256E+1	-3.265957E-1	4.431419E-2
5.819141E+0	2.903799E-1	5.540941E+1	4.270760E-1	4.954381E+1	-3.236343E-1	6.948520E-2
5.820312E+0	2.945732E-1	5.383332E+1	4.263252E-1	4.604340E+1	-3.154175E-1	9.365345E-2
5.821484E+0	3.011208E-1	5.183520E+1	4.254911E-1	4.255453E+1	-3.015619E-1	1.141317E-1
5.822656E+0	3.087108E-1	4.938123E+1	4.246253E-1	3.907787E+1	-2.847042E-1	1.300346E-1
5.823828E+0	3.163947E-1	4.656707E+1	4.236816E-1	3.561240E+1	-2.668332E-1	1.419113E-1
5.825000E+0	3.239661E-1	4.349022E+1	4.227064E-1	3.216338E+1	-2.485183E-1	1.505270E-1
5.826172E+0	3.310291E-1	4.020137E+1	4.217271E-1	2.872676E+1	-2.307518E-1	1.561504E-1
5.827344E+0	3.373472E-1	3.676583E+1	4.207225E-1	2.530390E+1	-2.141626E-1	1.593367E-1
5.828516E+0	3.430000E-1	3.322847E+1	4.197166E-1	2.189444E+1	-1.987192E-1	1.606067E-1
5.829688E+0	3.478651E-1	2.961654E+1	4.187349E-1	1.849830E+1	-1.848395E-1	1.601976E-1
5.830859E+0	3.519568E-1	2.597766E+1	4.177667E-1	1.511667E+1	-1.726189E-1	1.587444E-1
5.832031E+0	3.554305E-1	2.233519E+1	4.168479E-1	1.174627E+1	-1.618577E-1	1.566863E-1
5.833203E+0	3.583132E-1	1.870153E+1	4.159624E-1	8.386730E+0	-1.525137E-1	1.542405E-1
5.834375E+0	3.607355E-1	1.509654E+1	4.151301E-1	5.040047E+0	-1.443810E-1	1.517387E-1
5.835547E+0	3.627779E-1	1.152193E+1	4.143577E-1	1.701812E+0	-1.373094E-1	1.493245E-1
5.836719E+0	3.645767E-1	7.983514E+0	4.136401E-1	-1.627596E+0	-1.309852E-1	1.471562E-1
5.837891E+0	3.662653E-1	4.468623E+0	4.130095E-1	-4.951138E+0	-1.251376E-1	1.451426E-1
5.839063E+0	3.678445E-1	9.719458E-1	4.124388E-1	-8.263511E+0	-1.196847E-1	1.431391E-1
5.840234E+0	3.693668E-1	-2.519770E+0	4.119434E-1	-1.157672E+1	-1.145345E-1	1.411463E-1
5.841406E+0	3.708313E-1	-5.997285E+0	4.115181E-1	-1.488376E+1	-1.096869E-1	1.392040E-1
5.842578E+0	3.721951E-1	-9.467008E+0	4.112002E-1	-1.818803E+1	-1.053217E-1	1.372410E-1
5.843750E+0	3.735241E-1	-1.292795E+1	4.109488E-1	-2.149044E+1	-1.011999E-1	1.353289E-1
5.844922E+0	3.748226E-1	-1.637819E+1	4.107645E-1	-2.479546E+1	-9.732923E-2	1.335728E-1
5.846094E+0	3.761224E-1	-1.981867E+1	4.106662E-1	-2.809803E+1	-9.366208E-2	1.318870E-1
5.847266E+0	3.774270E-1	-2.326296E+1	4.106438E-1	-3.140554E+1	-9.015542E-2	1.301800E-1
5.848438E+0	3.787484E-1	-2.670580E+1	4.106835E-1	-3.471423E+1	-8.675492E-2	1.284852E-1
5.849609E+0	3.800696E-1	-3.015254E+1	4.107997E-1	-3.802916E+1	-8.353433E-2	1.267890E-1
5.850781E+0	3.813713E-1	-3.360339E+1	4.109610E-1	-4.134712E+1	-8.046398E-2	1.250409E-1
5.851953E+0	3.826771E-1	-3.705943E+1	4.111976E-1	-4.467355E+1	-7.756513E-2	1.233105E-1
5.853125E+0	3.839208E-1	-4.051524E+1	4.114706E-1	-4.800442E+1	-7.491383E-2	1.216122E-1
5.854297E+0	3.851748E-1	-4.397549E+1	4.117662E-1	-5.134351E+1	-7.230275E-2	1.199603E-1
5.855469E+0	3.863904E-1	-4.744030E+1	4.121354E-1	-5.469124E+1	-6.996490E-2	1.183309E-1
5.856641E+0	3.875935E-1	-5.090672E+1	4.125287E-1	-5.804472E+1	-6.772656E-2	1.167487E-1
5.857813E+0	3.884884E-1	-5.437754E+1	4.129351E-1	-6.140854E+1	-6.627702E-2	1.151596E-1
5.858984E+0	3.896773E-1	-5.785359E+1	4.133548E-1	-6.478075E+1	-6.416288E-2	1.136989E-1
5.860156E+0	3.908517E-1	-6.133584E+1	4.138049E-1	-6.816193E+1	-6.216397E-2	1.122633E-1
5.861328E+0	3.919833E-1	-6.482487E+1	4.142499E-1	-7.155025E+1	-6.026287E-2	1.108158E-1
5.862500E+0	3.931139E-1	-6.832068E+1	4.146658E-1	-7.495043E+1	-5.831364E-2	1.094524E-1
5.863672E+0	3.942069E-1	-7.182445E+1	4.150719E-1	-7.835908E+1	-5.643856E-2	1.080830E-1
5.864844E+0	3.952369E-1	-7.533755E+1	4.154573E-1	-8.177483E+1	-5.466819E-2	1.066588E-1
5.866016E+0	3.962097E-1	-7.885844E+1	4.158174E-1	-8.519743E+1	-5.298024E-2	1.052043E-1
5.867187E+0	3.971283E-1	-8.238454E+1	4.161251E-1	-8.862820E+1	-5.131249E-2	1.037919E-1
5.868359E+0	3.979509E-1	-8.591669E+1	4.163969E-1	-9.206483E+1	-4.979598E-2	1.023551E-1
5.869531E+0	3.986928E-1	-8.945400E+1	4.166178E-1	-9.550862E+1	-4.836325E-2	1.009384E-1
5.870703E+0	3.993464E-1	-9.299128E+1	4.167920E-1	-9.895502E+1	-4.704247E-2	9.955017E-2
5.871875E+0	3.999209E-1	-9.653109E+1	4.168815E-1	-1.024063E+2	-4.572356E-2	9.819760E-2
5.873047E+0	4.004116E-1	-1.000726E+2	4.169064E-1	-1.058605E+2	-4.446103E-2	9.685624E-2
5.874219E+0	4.007844E-1	-1.036130E+2	4.168926E-1	-1.093153E+2	-4.339595E-2	9.552056E-2
5.875391E+0	4.010727E-1	-1.071497E+2	4.167826E-1	-1.127683E+2	-4.231651E-2	9.421558E-2
5.876563E+0	4.012630E-1	-1.106814E+2	4.166260E-1	-1.162226E+2	-4.137546E-2	9.300081E-2
5.877734E+0	4.013679E-1	-1.142095E+2	4.163763E-1	-1.196749E+2	-4.042752E-2	9.181151E-2
5.878906E+0	4.013919E-1	-1.177312E+2	4.160728E-1	-1.231198E+2	-3.954785E-2	9.059666E-2
5.880078E+0	4.013286E-1	-1.212434E+2	4.157087E-1	-1.265608E+2	-3.874631E-2	8.946725E-2
5.881250E+0	4.011821E-1	-1.247496E+2	4.152807E-1	-1.299948E+2	-3.799482E-2	8.831459E-2
5.882422E+0	4.009904E-1	-1.282449E+2	4.148231E-1	-1.334226E+2	-3.729036E-2	8.723566E-2
5.883594E+0	4.007582E-1	-1.317300E+2	4.142932E-1	-1.368419E+2	-3.651758E-2	8.619022E-2
5.884766E+0	4.004515E-1	-1.352024E+2	4.137274E-1	-1.402487E+2	-3.584020E-2	8.513820E-2
5.885938E+0	4.000955E-1	-1.386623E+2	4.131362E-1	-1.436477E+2	-3.522885E-2	8.415882E-2
5.887109E+0	3.997183E-1	-1.421083E+2	4.125357E-1	-1.470338E+2	-3.464788E-2	8.319268E-2
5.888281E+0	3.993336E-1	-1.455420E+2	4.119258E-1	-1.504080E+2	-3.406311E-2	8.223262E-2
5.889453E+0	3.989276E-1	-1.489606E+2	4.113295E-1	-1.537723E+2	-3.356876E-2	8.135224E-2
5.890625E+0	3.985343E-1	-1.523662E+2	4.107394E-1	-1.571260E+2	-3.306115E-2	8.051295E-2
5.891797E+0	3.981427E-1	-1.557589E+2	4.101687E-1	-1.604643E+2	-3.259117E-2	7.962728E-2
5.892969E+0	3.977992E-1	-1.591343E+2	4.096397E-1	-1.637915E+2	-3.211092E-2	7.884711E-2
5.894141E+0	3.974746E-1	-1.625015E+2	4.091523E-1	-1.671118E+2	-3.168441E-2	7.808402E-2
5.895313E+0	3.972118E-1	-1.658548E+2	4.087353E-1	-1.704178E+2	-3.127324E-2	7.731231E-2
5.896484E+0	3.969927E-1	-1.691976E+2	4.083550E-1	-1.737172E+2	-3.084761E-2	7.660754E-2
5.897656E+0	3.968471E-1	-1.725269E+2	4.080871E-1	-1.770070E+2	-3.051446E-2	7.596137E-2
5.898828E+0	3.967766E-1	-1.758481E+2	4.078766E-1	1.797119E+2	-3.013349E-2	7.530830E-2
5.900000E+0	3.968095E-1	-1.791620E+2	4.077677E-1	1.764374E+2	-2.974246E-2	7.466747E-2
5.901172E+0	3.969083E-1	1.775282E+2	4.077262E-1	1.731640E+2	-2.935484E-2	7.407703E-2
5.902344E+0	3.971110E-1	1.742258E+2	4.078071E-1	1.698975E+2	-2.900555E-2	7.349177E-2
5.903516E+0	3.974294E-1	1.709262E+2	4.080014E-1	1.666299E+2	-2.864889E-2	7.297318E-2
5.904688E+0	3.978532E-1	1.676266E+2	4.082782E-1	1.633621E+2	-2.823197E-2	7.246213E-2
5.905859E+0	3.983649E-1	1.643257E+2	4.086652E-1	1.600940E+2	-2.786222E-2	7.193011E-2
5.907031E+0	3.989876E-1	1.610231E+2	4.091978E-1	1.568222E+2	-2.757138E-2	7.142605E-2
5.908203E+0	3.996944E-1	1.577156E+2	4.097829E-1	1.535429E+2	-2.720461E-2	7.097163E-2
5.909375E+0	4.005128E-1	1.544027E+2	4.104860E-1	1.502596E+2	-2.684587E-2	7.049240E-2
5.910547E+0	4.014620E-1	1.510820E+2	4.112808E-1	1.469680E+2	-2.638891E-2	7.002843E-2
5.911719E+0	4.024909E-1	1.477516E+2	4.121950E-1	1.436643E+2	-2.602601E-2	6.959833E-2
5.912891E+0	4.035852E-1	1.444118E+2	4.131690E-1	1.403505E+2	-2.564874E-2	6.918090E-2
5.914062E+0	4.047846E-1	1.410559E+2	4.142382E-1	1.370223E+2	-2.524215E-2	6.873616E-2
5.915234E+0	4.060321E-1	1.376891E+2	4.153733E-1	1.336817E+2	-2.487867E-2	6.831368E-2
5.916406E+0	4.073544E-1	1.343062E+2	4.165594E-1	1.303228E+2	-2.446009E-2	6.793238E-2
5.917578E+0	4.087260E-1	1.309078E+2	4.177968E-1	1.269500E+2	-2.404410E-2	6.752319E-2
5.918750E+0	4.101444E-1	1.274915E+2	4.190608E-1	1.235607E+2	-2.357948E-2	6.709302E-2
5.919922E+0	4.115961E-1	1.240567E+2	4.203758E-1	1.201518E+2	-2.315842E-2	6.667831E-2
5.921094E+0	4.130631E-1	1.206026E+2	4.216955E-1	1.167252E+2	-2.271281E-2	6.623749E-2
5.922266E+0	4.145131E-1	1.171298E+2	4.230118E-1	1.132810E+2	-2.230096E-2	6.577515E-2
5.923438E+0	4.159569E-1	1.136395E+2	4.243086E-1	1.098173E+2	-2.186358E-2	6.534842E-2
5.924609E+0	4.173597E-1	1.101281E+2	4.255799E-1	1.063350E+2	-2.146354E-2	6.487596E-2
5.925781E+0	4.187198E-1	1.066093E+2	4.268009E-1	1.028346E+2	-2.106241E-2	6.458680E-2
5.926953E+0	4.200665E-1	1.030619E+2	4.279706E-1	9.931500E+1	-2.056685E-2	6.414222E-2
5.928125E+0	4.212800E-1	9.949834E+1	4.290453E-1	9.578214E+1	-2.016363E-2	6.364138E-2
5.929297E+0	4.224338E-1	9.591484E+1	4.300508E-1	9.223045E+1	-1.974209E-2	6.312226E-2
5.930469E+0	4.234576E-1	9.231755E+1	4.309712E-1	8.866709E+1	-1.942770E-2	6.255943E-2
5.931641E+0	4.243840E-1	8.870680E+1	4.317394E-1	8.508710E+1	-1.899760E-2	6.205808E-2
5.932813E+0	4.251627E-1	8.508555E+1	4.324032E-1	8.149706E+1	-1.867263E-2	6.154197E-2
5.933984E+0	4.258088E-1	8.145422E+1	4.329317E-1	7.789592E+1	-1.834883E-2	6.104301E-2
5.935156E+0	4.263069E-1	7.781151E+1	4.333158E-1	7.428814E+1	-1.803465E-2	6.046161E-2
5.936328E+0	4.266580E-1	7.416309E+1	4.335423E-1	7.067150E+1	-1.770596E-2	5.993496E-2
5.937500E+0	4.268277E-1	7.050975E+1	4.336075E-1	6.705019E+1	-1.742967E-2	5.940050E-2
5.938672E+0	4.268377E-1	6.685300E+1	4.335163E-1	6.342616E+1	-1.716617E-2	5.885313E-2
5.939844E+0	4.266789E-1	6.319828E+1	4.332305E-1	5.979958E+1	-1.685489E-2	5.838720E-2
5.941016E+0	4.263234E-1	5.954052E+1	4.327905E-1	5.617868E+1	-1.663798E-2	5.776525E-2
5.942188E+0	4.258120E-1	5.588954E+1	4.321864E-1	5.256112E+1	-1.641117E-2	5.720289E-2
5.943359E+0	4.251016E-1	5.224758E+1	4.314124E-1	4.894881E+1	-1.626094E-2	5.670085E-2
5.944531E+0	4.242376E-1	4.861336E+1	4.304668E-1	4.534422E+1	-1.607458E-2	5.620109E-2
5.945703E+0	4.232147E-1	4.499079E+1	4.293746E-1	4.175331E+1	-1.591928E-2	5.566443E-2
5.946875E+0	4.220436E-1	4.137910E+1	4.281173E-1	3.817371E+1	-1.572930E-2	5.512216E-2
5.948047E+0	4.207410E-1	3.778714E+1	4.267411E-1	3.461096E+1	-1.557480E-2	5.462738E-2
5.949219E+0	4.192887E-1	3.421164E+1	4.252457E-1	3.106614E+1	-1.549386E-2	5.410309E-2
5.950391E+0	4.177336E-1	3.065446E+1	4.236363E-1	2.753857E+1	-1.539118E-2	5.359838E-2
5.951563E+0	4.160733E-1	2.712153E+1	4.219267E-1	2.403242E+1	-1.530594E-2	5.314142E-2
5.952734E+0	4.143503E-1	2.360822E+1	4.201573E-1	2.054812E+1	-1.522722E-2	5.264562E-2
5.953906E+0	4.125353E-1	2.011785E+1	4.183187E-1	1.708700E+1	-1.520479E-2	5.214265E-2
5.955078E+0	4.106829E-1	1.665389E+1	4.164320E-1	1.364873E+1	-1.516181E-2	5.170212E-2
5.956250E+0	4.087966E-1	1.321815E+1	4.145328E-1	1.023908E+1	-1.517046E-2	5.125199E-2
5.957422E+0	4.069077E-1	9.805165E+0	4.126194E-1	6.851498E+0	-1.515262E-2	5.081510E-2
5.958594E+0	4.050204E-1	6.419065E+0	4.107110E-1	3.491556E+0	-1.514245E-2	5.036481E-2
5.959766E+0	4.031482E-1	3.061302E+0	4.088360E-1	1.571932E-1	-1.517859E-2	4.995971E-2
5.960937E+0	4.013259E-1	-2.701712E-1	4.070234E-1	-3.152959E+0	-1.524574E-2	4.958891E-2
5.962109E+0	3.995643E-1	-3.575162E+0	4.052668E-1	-6.435787E+0	-1.529955E-2	4.920435E-2
5.963281E+0	3.978963E-1	-6.853570E+0	4.035858E-1	-9.695441E+0	-1.530986E-2	4.888073E-2
5.964453E+0	3.963127E-1	-1.011266E+1	4.020120E-1	-1.293729E+1	-1.537467E-2	4.858050E-2
5.965625E+0	3.948433E-1	-1.334872E+1	4.005628E-1	-1.615187E+1	-1.545812E-2	4.820639E-2
5.966797E+0	3.934897E-1	-1.656407E+1	3.992296E-1	-1.934772E+1	-1.554044E-2	4.786651E-2
5.967969E+0	3.922853E-1	-1.976134E+1	3.980315E-1	-2.252556E+1	-1.558330E-2	4.752981E-2
5.969141E+0	3.912060E-1	-2.294161E+1	3.970053E-1	-2.568905E+1	-1.574029E-2	4.723331E-2
5.970313E+0	3.902875E-1	-2.610831E+1	3.961091E-1	-2.883732E+1	-1.581440E-2	4.691245E-2
5.971484E+0	3.894884E-1	-2.926139E+1	3.953864E-1	-3.197546E+1	-1.602204E-2	4.664540E-2
5.972656E+0	3.888705E-1	-3.240196E+1	3.948390E-1	-3.510198E+1	-1.620965E-2	4.639472E-2
5.973828E+0	3.883912E-1	-3.553350E+1	3.944655E-1	-3.822084E+1	-1.648162E-2	4.616375E-2
5.975000E+0	3.880880E-1	-3.865722E+1	3.942730E-1	-4.133673E+1	-1.676329E-2	4.601587E-2
5.976172E+0	3.879356E-1	-4.176877E+1	3.942726E-1	-4.445020E+1	-1.714995E-2	4.603078E-2
5.977344E+0	3.879763E-1	-4.487422E+1	3.944475E-1	-4.756293E+1	-1.748853E-2	4.614003E-2
5.978516E+0	3.882442E-1	-4.797223E+1	3.947948E-1	-5.068056E+1	-1.769087E-2	4.646766E-2
5.979688E+0	3.887346E-1	-5.107886E+1	3.953159E-1	-5.380138E+1	-1.775813E-2	4.670828E-2
5.980859E+0	3.894645E-1	-5.419502E+1	3.960490E-1	-5.693279E+1	-1.774789E-2	4.697081E-2
5.982031E+0	3.903679E-1	-5.732357E+1	3.969171E-1	-6.007525E+1	-1.763417E-2	4.721529E-2
5.983203E+0	3.915017E-1	-6.046650E+1	3.979722E-1	-6.322813E+1	-1.740116E-2	4.739752E-2
5.984375E+0	3.927919E-1	-6.362624E+1	3.991590E-1	-6.639809E+1	-1.710261E-2	4.758765E-2
5.985547E+0	3.942324E-1	-6.680974E+1	4.005072E-1	-6.958739E+1	-1.682361E-2	4.770092E-2
5.986719E+0	3.958052E-1	-7.001478E+1	4.019946E-1	-7.279177E+1	-1.655297E-2	4.770269E-2
5.987891E+0	3.975175E-1	-7.324139E+1	4.035796E-1	-7.601745E+1	-1.617674E-2	4.770494E-2
5.989063E+0	3.993207E-1	-7.649199E+1	4.052562E-1	-7.926593E+1	-1.580088E-2	4.768666E-2
5.990234E+0	4.011956E-1	-7.977153E+1	4.070219E-1	-8.253848E+1	-1.546363E-2	4.758261E-2
5.991406E+0	4.031313E-1	-8.307170E+1	4.088419E-1	-8.583192E+1	-1.511173E-2	4.748366E-2
5.992578E+0	4.051045E-1	-8.639941E+1	4.107347E-1	-8.914822E+1	-1.484248E-2	4.730000E-2
5.993750E+0	4.070934E-1	-8.975233E+1	4.126298E-1	-9.249259E+1	-1.454548E-2	4.716687E-2
5.994922E+0	4.091006E-1	-9.313048E+1	4.145522E-1	-9.586000E+1	-1.427018E-2	4.699485E-2
5.996094E+0	4.111038E-1	-9.653387E+1	4.164597E-1	-9.925336E+1	-1.397227E-2	4.683605E-2
5.997266E+0	4.130505E-1	-9.996169E+1	4.183369E-1	-1.026701E+2	-1.373964E-2	4.665595E-2
5.998438E+0	4.149647E-1	-1.034162E+2	4.201633E-1	-1.061145E+2	-1.346782E-2	4.649434E-2
5.999609E+0	4.167840E-1	-1.068991E+2	4.219052E-1	-1.095831E+2	-1.322197E-2	4.625910E-2
6.000781E+0	4.185336E-1	-1.104063E+2	4.235560E-1	-1.130784E+2	-1.293211E-2	4.606723E-2
6.001953E+0	4.201568E-1	-1.139396E+2	4.250908E-1	-1.165988E+2	-1.267127E-2	4.585663E-2
6.003125E+0	4.216368E-1	-1.175009E+2	4.265112E-1	-1.201470E+2	-1.248261E-2	4.563912E-2
6.004297E+0	4.229815E-1	-1.210863E+2	4.277622E-1	-1.237160E+2	-1.221738E-2	4.536804E-2
6.005469E+0	4.241650E-1	-1.246974E+2	4.288860E-1	-1.273123E+2	-1.203739E-2	4.512058E-2
6.006641E+0	4.251805E-1	-1.283298E+2	4.298360E-1	-1.309282E+2	-1.184790E-2	4.484407E-2
6.007812E+0	4.260373E-1	-1.319794E+2	4.306113E-1	-1.345592E+2	-1.162484E-2	4.453268E-2
6.008984E+0	4.266994E-1	-1.356418E+2	4.312097E-1	-1.382071E+2	-1.145130E-2	4.428982E-2
6.010156E+0	4.271909E-1	-1.393152E+2	4.316363E-1	-1.418662E+2	-1.127974E-2	4.405025E-2
6.011328E+0	4.274983E-1	-1.429957E+2	4.318852E-1	-1.455287E+2	-1.112470E-2	4.374588E-2
6.012500E+0	4.276256E-1	-1.466781E+2	4.319619E-1	-1.491959E+2	-1.099430E-2	4.348876E-2
6.013672E+0	4.275719E-1	-1.503583E+2	4.318498E-1	-1.528592E+2	-1.084902E-2	4.320283E-2
6.014844E+0	4.273485E-1	-1.540341E+2	4.315905E-1	-1.565173E+2	-1.075856E-2	4.290060E-2
6.016016E+0	4.269531E-1	-1.577030E+2	4.311495E-1	-1.601703E+2	-1.065107E-2	4.263020E-2
6.017188E+0	4.263809E-1	-1.613604E+2	4.305501E-1	-1.638135E+2	-1.059096E-2	4.238713E-2
6.018359E+0	4.256698E-1	-1.650080E+2	4.297923E-1	-1.674443E+2	-1.048707E-2	4.210091E-2
6.019531E+0	4.248126E-1	-1.686415E+2	4.289202E-1	-1.710607E+2	-1.045933E-2	4.180623E-2
6.020703E+0	4.238296E-1	-1.722577E+2	4.279017E-1	-1.746621E+2	-1.038845E-2	4.155314E-2
6.021875E+0	4.227326E-1	-1.758548E+2	4.267810E-1	-1.782473E+2	-1.034932E-2	4.134888E-2
6.023047E+0	4.215519E-1	-1.794389E+2	4.255587E-1	1.781854E+2	-1.026679E-2	4.106162E-2
6.024219E+0	4.202423E-1	1.770005E+2	4.242669E-1	1.746359E+2	-1.032942E-2	4.086696E-2
6.025391E+0	4.189039E-1	1.734536E+2	4.228894E-1	1.711048E+2	-1.025668E-2	4.059657E-2
6.026563E+0	4.174906E-1	1.699305E+2	4.214835E-1	1.675923E+2	-1.029814E-2	4.041147E-2
6.027734E+0	4.160663E-1	1.664257E+2	4.200159E-1	1.640989E+2	-1.022019E-2	4.021739E-2
6.028906E+0	4.145949E-1	1.629400E+2	4.185517E-1	1.606241E+2	-1.026261E-2	4.002707E-2
6.030078E+0	4.131326E-1	1.594737E+2	4.170772E-1	1.571711E+2	-1.025751E-2	3.979715E-2
6.031250E+0	4.116811E-1	1.560293E+2	4.156208E-1	1.537385E+2	-1.027067E-2	3.959246E-2
6.032422E+0	4.102597E-1	1.526066E+2	4.141870E-1	1.503259E+2	-1.026658E-2	3.941788E-2
6.033594E+0	4.088961E-1	1.492079E+2	4.127851E-1	1.469365E+2	-1.019966E-2	3.925963E-2
6.034766E+0	4.075705E-1	1.458321E+2	4.114522E-1	1.435697E+2	-1.020628E-2	3.910365E-2
6.035938E+0	4.062943E-1	1.424839E+2	4.101811E-1	1.402330E+2	-1.024008E-2	3.890334E-2
6.037109E+0	4.051040E-1	1.391657E+2	4.089745E-1	1.369209E+2	-1.022406E-2	3.879844E-2
6.038281E+0	4.039915E-1	1.358747E+2	4.078720E-1	1.336402E+2	-1.026716E-2	3.861855E-2
6.039453E+0	4.029808E-1	1.326105E+2	4.068606E-1	1.303840E+2	-1.028369E-2	3.847951E-2
6.040625E+0	4.020744E-1	1.293726E+2	4.059438E-1	1.271533E+2	-1.027478E-2	3.835529E-2
6.041797E+0	4.012728E-1	1.261548E+2	4.051398E-1	1.239430E+2	-1.028275E-2	3.822524E-2
6.042969E+0	4.005541E-1	1.229523E+2	4.044083E-1	1.207468E+2	-1.026418E-2	3.811696E-2
6.044141E+0	3.998944E-1	1.197644E+2	4.037569E-1	1.175670E+2	-1.029471E-2	3.797566E-2
6.045313E+0	3.993911E-1	1.165846E+2	4.032457E-1	1.143927E+2	-1.028361E-2	3.788094E-2
6.046484E+0	3.990153E-1	1.134110E+2	4.028773E-1	1.112230E+2	-1.030812E-2	3.781254E-2
6.047656E+0	3.987805E-1	1.102364E+2	4.026350E-1	1.080545E+2	-1.029125E-2	3.770766E-2
6.048828E+0	3.986674E-1	1.070604E+2	4.025281E-1	1.048847E+2	-1.030511E-2	3.759989E-2
6.050000E+0	3.986924E-1	1.038823E+2	4.025549E-1	1.017118E+2	-1.030553E-2	3.750992E-2
6.051172E+0	3.988522E-1	1.006987E+2	4.027128E-1	9.852879E+1	-1.029667E-2	3.750005E-2
6.052344E+0	3.991684E-1	9.750542E+1	4.029986E-1	9.534148E+1	-1.021060E-2	3.740003E-2
6.053516E+0	3.995904E-1	9.430338E+1	4.034333E-1	9.214400E+1	-1.022885E-2	3.732045E-2
6.054687E+0	4.001406E-1	9.109186E+1	4.039749E-1	8.893494E+1	-1.019321E-2	3.727924E-2
6.055859E+0	4.008076E-1	8.786301E+1	4.046350E-1	8.571222E+1	-1.015671E-2	3.717456E-2
6.057031E+0	4.015965E-1	8.462205E+1	4.054094E-1	8.247481E+1	-1.010062E-2	3.711525E-2
6.058203E+0	4.024627E-1	8.136893E+1	4.062939E-1	7.922173E+1	-1.012514E-2	3.711364E-2
6.059375E+0	4.034488E-1	7.809612E+1	4.072492E-1	7.595229E+1	-1.002528E-2	3.705907E-2
6.060547E+0	4.044995E-1	7.480327E+1	4.082723E-1	7.266438E+1	-9.931162E-3	3.697711E-2
6.061719E+0	4.056176E-1	7.149336E+1	4.093970E-1	6.935848E+1	-9.919317E-3	3.690817E-2
6.062891E+0	4.067976E-1	6.816454E+1	4.105378E-1	6.602991E+1	-9.798103E-3	3.690836E-2
6.064063E+0	4.079842E-1	6.481333E+1	4.117272E-1	6.268501E+1	-9.774540E-3	3.680003E-2
6.065234E+0	4.092185E-1	6.144151E+1	4.129404E-1	5.931618E+1	-9.694869E-3	3.675124E-2
6.066406E+0	4.104482E-1	5.805235E+1	4.141368E-1	5.592971E+1	-9.586771E-3	3.670869E-2
6.067578E+0	4.116602E-1	5.464056E+1	4.153188E-1	5.252201E+1	-9.486638E-3	3.664160E-2
6.068750E+0	4.128675E-1	5.120972E+1	4.164842E-1	4.909863E+1	-9.356707E-3	3.651725E-2
6.069922E+0	4.139930E-1	4.776153E+1	4.175820E-1	4.565659E+1	-9.263689E-3	3.641419E-2
6.071094E+0	4.150753E-1	4.429551E+1	4.186321E-1	4.219508E+1	-9.162416E-3	3.633981E-2
6.072266E+0	4.160938E-1	4.081458E+1	4.196051E-1	3.871979E+1	-9.030792E-3	3.624696E-2
6.073438E+0	4.170136E-1	3.731983E+1	4.205023E-1	3.522873E+1	-8.956908E-3	3.618575E-2
6.074609E+0	4.178399E-1	3.381004E+1	4.213024E-1	3.172594E+1	-8.874602E-3	3.606751E-2
6.075781E+0	4.185585E-1	3.028906E+1	4.219944E-1	2.821422E+1	-8.792325E-3	3.591009E-2
6.076953E+0	4.191616E-1	2.675978E+1	4.225763E-1	2.469184E+1	-8.726667E-3	3.579294E-2
6.078125E+0	4.196733E-1	2.322222E+1	4.230349E-1	2.116239E+1	-8.587416E-3	3.565745E-2
6.079297E+0	4.200324E-1	1.968190E+1	4.233694E-1	1.763159E+1	-8.517162E-3	3.549503E-2
6.080469E+0	4.202777E-1	1.613561E+1	4.235996E-1	1.409295E+1	-8.472527E-3	3.536407E-2
6.081641E+0	4.204102E-1	1.259165E+1	4.236695E-1	1.055525E+1	-8.319713E-3	3.526104E-2
6.082813E+0	4.204249E-1	9.045312E+0	4.236579E-1	7.018955E+0	-8.251718E-3	3.508940E-2
6.083984E+0	4.202859E-1	5.504889E+0	4.234935E-1	3.485686E+0	-8.190365E-3	3.496758E-2
6.085156E+0	4.200618E-1	1.968548E+0	4.232565E-1	-4.375469E-2	-8.159940E-3	3.484905E-2
6.086328E+0	4.197198E-1	-1.562481E+0	4.228998E-1	-3.565821E+0	-8.126125E-3	3.469489E-2
6.087500E+0	4.192742E-1	-5.086587E+0	4.224487E-1	-7.082156E+0	-8.116441E-3	3.456054E-2
6.088672E+0	4.187630E-1	-8.601187E+0	4.219059E-1	-1.058677E+1	-8.045242E-3	3.438992E-2
6.089844E+0	4.181667E-1	-1.210723E+1	4.213072E-1	-1.408441E+1	-8.045095E-3	3.424427E-2
6.091016E+0	4.175226E-1	-1.559842E+1	4.206240E-1	-1.757100E+1	-7.961547E-3	3.416742E-2
6.092188E+0	4.167989E-1	-1.908214E+1	4.199024E-1	-2.104543E+1	-7.973682E-3	3.400596E-2
6.093359E+0	4.160226E-1	-2.255394E+1	4.191034E-1	-2.451064E+1	-7.929728E-3	3.389323E-2
6.094531E+0	4.152353E-1	-2.601347E+1	4.183105E-1	-2.796105E+1	-7.924892E-3	3.373530E-2
6.095703E+0	4.144072E-1	-2.945988E+1	4.174782E-1	-3.140223E+1	-7.926410E-3	3.364458E-2
6.096875E+0	4.135776E-1	-3.289489E+1	4.166196E-1	-3.483078E+1	-7.868206E-3	3.353457E-2
6.098047E+0	4.127040E-1	-3.631737E+1	4.157707E-1	-3.824612E+1	-7.938308E-3	3.340843E-2
6.099219E+0	4.118795E-1	-3.972803E+1	4.149191E-1	-4.164967E+1	-7.884023E-3	3.328701E-2
6.100391E+0	4.110511E-1	-4.312731E+1	4.140662E-1	-4.504370E+1	-7.836922E-3	3.319757E-2
6.101562E+0	4.102386E-1	-4.651419E+1	4.132357E-1	-4.842509E+1	-7.804838E-3	3.310347E-2
6.102734E+0	4.094476E-1	-4.988913E+1	4.124678E-1	-5.179675E+1	-7.872413E-3	3.304435E-2
6.103906E+0	4.087037E-1	-5.325875E+1	4.116969E-1	-5.515845E+1	-7.816012E-3	3.290893E-2
6.105078E+0	4.080105E-1	-5.661697E+1	4.109825E-1	-5.851205E+1	-7.774437E-3	3.283022E-2
6.106250E+0	4.073527E-1	-5.996619E+1	4.103187E-1	-6.185593E+1	-7.768459E-3	3.273784E-2
6.107422E+0	4.067443E-1	-6.330953E+1	4.096946E-1	-6.519041E+1	-7.736113E-3	3.258530E-2
6.108594E+0	4.061876E-1	-6.664217E+1	4.091353E-1	-6.852264E+1	-7.739368E-3	3.257808E-2
6.109766E+0	4.057027E-1	-6.997245E+1	4.086423E-1	-7.184663E+1	-7.724674E-3	3.246951E-2
6.110938E+0	4.052644E-1	-7.329626E+1	4.081998E-1	-7.516638E+1	-7.719886E-3	3.239928E-2
6.112109E+0	4.049051E-1	-7.661703E+1	4.078233E-1	-7.848296E+1	-7.682001E-3	3.232787E-2
6.113281E+0	4.045913E-1	-7.993593E+1	4.075087E-1	-8.179593E+1	-7.682220E-3	3.222506E-2
6.114453E+0	4.043640E-1	-8.325140E+1	4.072581E-1	-8.510882E+1	-7.627991E-3	3.218208E-2
6.115625E+0	4.041778E-1	-8.656697E+1	4.070973E-1	-8.841954E+1	-7.690436E-3	3.209597E-2
6.116797E+0	4.040845E-1	-8.988233E+1	4.069725E-1	-9.173138E+1	-7.613304E-3	3.203744E-2
6.117969E+0	4.040474E-1	-9.320181E+1	4.069110E-1	-9.504446E+1	-7.550870E-3	3.192848E-2
6.119141E+0	4.040516E-1	-9.652148E+1	4.069324E-1	-9.835913E+1	-7.589964E-3	3.184053E-2
6.120313E+0	4.041397E-1	-9.984758E+1	4.069982E-1	-1.016802E+2	-7.531265E-3	3.175519E-2
6.121484E+0	4.042732E-1	-1.031747E+2	4.071321E-1	-1.050040E+2	-7.528100E-3	3.169773E-2
6.122656E+0	4.044622E-1	-1.065090E+2	4.073064E-1	-1.083341E+2	-7.486703E-3	3.162622E-2
6.123828E+0	4.046824E-1	-1.098498E+2	4.075288E-1	-1.116689E+2	-7.484983E-3	3.152223E-2
6.125000E+0	4.049486E-1	-1.131975E+2	4.077952E-1	-1.150129E+2	-7.478879E-3	3.145827E-2
6.126172E+0	4.052368E-1	-1.165512E+2	4.080759E-1	-1.183666E+2	-7.455711E-3	3.145900E-2
6.127344E+0	4.055648E-1	-1.199182E+2	4.083844E-1	-1.217254E+2	-7.398240E-3	3.131862E-2
6.128516E+0	4.058736E-1	-1.232897E+2	4.087078E-1	-1.250902E+2	-7.424829E-3	3.120160E-2
6.129688E+0	4.062195E-1	-1.266702E+2	4.090244E-1	-1.284674E+2	-7.346070E-3	3.114685E-2
6.130859E+0	4.065463E-1	-1.300576E+2	4.093494E-1	-1.318530E+2	-7.335255E-3	3.111597E-2
6.132031E+0	4.068555E-1	-1.334579E+2	4.096614E-1	-1.352476E+2	-7.333783E-3	3.101717E-2
6.133203E+0	4.071393E-1	-1.368634E+2	4.099596E-1	-1.386467E+2	-7.360453E-3	3.090535E-2
6.134375E+0	4.073982E-1	-1.402752E+2	4.102122E-1	-1.420553E+2	-7.339144E-3	3.085052E-2
6.135547E+0	4.076282E-1	-1.436958E+2	4.104245E-1	-1.454719E+2	-7.290341E-3	3.078266E-2
6.136719E+0	4.078024E-1	-1.471214E+2	4.105937E-1	-1.488912E+2	-7.271984E-3	3.067397E-2
6.137891E+0	4.079333E-1	-1.505525E+2	4.107225E-1	-1.523206E+2	-7.263833E-3	3.064474E-2
6.139063E+0	4.079832E-1	-1.539872E+2	4.107686E-1	-1.557504E+2	-7.251207E-3	3.056015E-2
6.140234E+0	4.080061E-1	-1.574232E+2	4.107604E-1	-1.591825E+2	-7.173587E-3	3.049489E-2
6.141406E+0	4.079224E-1	-1.608613E+2	4.106801E-1	-1.626159E+2	-7.180675E-3	3.041316E-2
6.142578E+0	4.077984E-1	-1.642977E+2	4.105663E-1	-1.660480E+2	-7.205088E-3	3.033783E-2
6.143750E+0	4.075952E-1	-1.677335E+2	4.103590E-1	-1.694810E+2	-7.197024E-3	3.028951E-2
6.144922E+0	4.073338E-1	-1.711660E+2	4.100970E-1	-1.729054E+2	-7.195590E-3	3.014907E-2
6.146094E+0	4.070223E-1	-1.745934E+2	4.097551E-1	-1.763289E+2	-7.125003E-3	3.008357E-2
6.147266E+0	4.066311E-1	-1.780121E+2	4.093880E-1	-1.797443E+2	-7.188091E-3	3.002443E-2
6.148437E+0	4.061997E-1	1.785732E+2	4.089599E-1	1.768485E+2	-7.199281E-3	2.989401E-2
6.149609E+0	4.057436E-1	1.751696E+2	4.084867E-1	1.734470E+2	-7.164158E-3	2.985865E-2
6.150781E+0	4.052465E-1	1.717749E+2	4.079960E-1	1.700541E+2	-7.186973E-3	2.982674E-2
6.151953E+0	4.047282E-1	1.683900E+2	4.074795E-1	1.666727E+2	-7.198106E-3	2.976571E-2
6.153125E+0	4.041819E-1	1.650163E+2	4.069626E-1	1.633024E+2	-7.277124E-3	2.970438E-2
6.154297E+0	4.036595E-1	1.616538E+2	4.064144E-1	1.599435E+2	-7.221019E-3	2.964362E-2
6.155469E+0	4.031382E-1	1.583026E+2	4.058847E-1	1.565942E+2	-7.208192E-3	2.961105E-2
6.156641E+0	4.026265E-1	1.549612E+2	4.053784E-1	1.532563E+2	-7.228148E-3	2.954976E-2
6.157813E+0	4.021469E-1	1.516320E+2	4.049165E-1	1.499312E+2	-7.277470E-3	2.947719E-2
6.158984E+0	4.017112E-1	1.483140E+2	4.044825E-1	1.466127E+2	-7.289264E-3	2.948551E-2
6.160156E+0	4.013403E-1	1.450057E+2	4.041032E-1	1.433055E+2	-7.274348E-3	2.946688E-2
6.161328E+0	4.010113E-1	1.417065E+2	4.037794E-1	1.400079E+2	-7.291879E-3	2.943861E-2
6.162500E+0	4.007545E-1	1.384159E+2	4.035293E-1	1.367182E+2	-7.312260E-3	2.942240E-2
6.163672E+0	4.005694E-1	1.351329E+2	4.033355E-1	1.334364E+2	-7.293386E-3	2.940215E-2
6.164844E+0	4.004571E-1	1.318562E+2	4.032473E-1	1.301589E+2	-7.355034E-3	2.941420E-2
6.166016E+0	4.004431E-1	1.285831E+2	4.032164E-1	1.268849E+2	-7.314132E-3	2.943102E-2
6.167188E+0	4.005343E-1	1.253126E+2	4.032941E-1	1.236171E+2	-7.277962E-3	2.938527E-2
6.168359E+0	4.007163E-1	1.220442E+2	4.034710E-1	1.203479E+2	-7.262739E-3	2.939959E-2
6.169531E+0	4.009688E-1	1.187757E+2	4.037203E-1	1.170808E+2	-7.249883E-3	2.937569E-2
6.170703E+0	4.013477E-1	1.155071E+2	4.040776E-1	1.138094E+2	-7.191865E-3	2.942597E-2
6.171875E+0	4.018142E-1	1.122348E+2	4.045206E-1	1.105383E+2	-7.125786E-3	2.940711E-2
6.173047E+0	4.023702E-1	1.089608E+2	4.050888E-1	1.072625E+2	-7.147433E-3	2.943769E-2
6.174219E+0	4.030500E-1	1.056788E+2	4.057283E-1	1.039825E+2	-7.036549E-3	2.940629E-2
6.175391E+0	4.037818E-1	1.023920E+2	4.064749E-1	1.006965E+2	-7.060414E-3	2.939171E-2
6.176563E+0	4.046363E-1	9.909521E+1	4.072895E-1	9.740132E+1	-6.948421E-3	2.936709E-2
6.177734E+0	4.055629E-1	9.579120E+1	4.081956E-1	9.409878E+1	-6.883014E-3	2.934352E-2
6.178906E+0	4.065666E-1	9.247714E+1	4.091834E-1	9.078455E+1	-6.828698E-3	2.934808E-2
6.180078E+0	4.076613E-1	8.915003E+1	4.102504E-1	8.745742E+1	-6.744592E-3	2.935091E-2
6.181250E+0	4.088039E-1	8.581034E+1	4.113615E-1	8.411977E+1	-6.649967E-3	2.931831E-2
6.182422E+0	4.100188E-1	8.245482E+1	4.125648E-1	8.076912E+1	-6.601248E-3	2.923524E-2
6.183594E+0	4.113082E-1	7.908875E+1	4.137979E-1	7.740085E+1	-6.447992E-3	2.927793E-2
6.184766E+0	4.126131E-1	7.570313E+1	4.150884E-1	7.401913E+1	-6.392627E-3	2.921187E-2
6.185938E+0	4.139698E-1	7.230332E+1	4.164011E-1	7.062096E+1	-6.267378E-3	2.918708E-2
6.187109E+0	4.153341E-1	6.888594E+1	4.177595E-1	6.720800E+1	-6.232035E-3	2.911139E-2
6.188281E+0	4.167096E-1	6.545135E+1	4.191125E-1	6.377626E+1	-6.158192E-3	2.906408E-2
6.189453E+0	4.180950E-1	6.199791E+1	4.204725E-1	6.032644E+1	-6.077439E-3	2.900359E-2
6.190625E+0	4.194852E-1	5.852853E+1	4.218141E-1	5.686113E+1	-5.942237E-3	2.893686E-2
6.191797E+0	4.208476E-1	5.504065E+1	4.231476E-1	5.337800E+1	-5.854181E-3	2.885694E-2
6.192969E+0	4.221628E-1	5.153448E+1	4.244313E-1	4.987914E+1	-5.759888E-3	2.873272E-2
6.194141E+0	4.234261E-1	4.801271E+1	4.257018E-1	4.636119E+1	-5.758936E-3	2.866640E-2
6.195312E+0	4.246639E-1	4.447090E+1	4.268986E-1	4.282681E+1	-5.644245E-3	2.854066E-2
6.196484E+0	4.257906E-1	4.091613E+1	4.280115E-1	3.927589E+1	-5.596495E-3	2.847515E-2
6.197656E+0	4.268325E-1	3.734260E+1	4.290286E-1	3.570797E+1	-5.523634E-3	2.837979E-2
6.198828E+0	4.277745E-1	3.375409E+1	4.299630E-1	3.212741E+1	-5.490917E-3	2.824262E-2
6.200000E+0	4.286217E-1	3.015474E+1	4.307849E-1	2.853027E+1	-5.421414E-3	2.820620E-2
