6.001172E+0	4.086291E-1	-1.149751E+2	4.230805E-1	-1.119048E+2	-3.554397E-2	-5.173168E-2
6.002344E+0	4.099744E-1	-1.184529E+2	4.246760E-1	-1.154173E+2	-3.597299E-2	-5.112317E-2
6.003516E+0	4.113724E-1	-1.219545E+2	4.261080E-1	-1.189544E+2	-3.590500E-2	-5.052777E-2
6.004688E+0	4.127734E-1	-1.255015E+2	4.274339E-1	-1.225177E+2	-3.560808E-2	-5.026822E-2
6.005859E+0	4.140259E-1	-1.290984E+2	4.286065E-1	-1.261044E+2	-3.533717E-2	-5.045454E-2
6.007031E+0	4.149849E-1	-1.327357E+2	4.296094E-1	-1.297136E+2	-3.538477E-2	-5.092644E-2
6.008203E+0	4.156305E-1	-1.363897E+2	4.304422E-1	-1.333406E+2	-3.577739E-2	-5.136137E-2
6.009375E+0	4.160289E-1	-1.400411E+2	4.311155E-1	-1.369834E+2	-3.636819E-2	-5.147495E-2
6.010547E+0	4.163109E-1	-1.436899E+2	4.315978E-1	-1.406410E+2	-3.678468E-2	-5.130434E-2
6.011719E+0	4.165263E-1	-1.473509E+2	4.319158E-1	-1.442993E+2	-3.699827E-2	-5.133848E-2
6.012891E+0	4.165737E-1	-1.510265E+2	4.320311E-1	-1.479660E+2	-3.715370E-2	-5.148018E-2
6.014063E+0	4.163686E-1	-1.547068E+2	4.319912E-1	-1.516303E+2	-3.755327E-2	-5.172835E-2
6.015234E+0	4.159048E-1	-1.583771E+2	4.317726E-1	-1.552910E+2	-3.814731E-2	-5.185805E-2
6.016406E+0	4.152706E-1	-1.620270E+2	4.313935E-1	-1.589465E+2	-3.876498E-2	-5.173053E-2
6.017578E+0	4.145186E-1	-1.656553E+2	4.308388E-1	-1.625925E+2	-3.925438E-2	-5.140654E-2
6.018750E+0	4.137384E-1	-1.692647E+2	4.301442E-1	-1.662265E+2	-3.949220E-2	-5.098025E-2
6.019922E+0	4.129166E-1	-1.728656E+2	4.293189E-1	-1.698483E+2	-3.953875E-2	-5.062645E-2
6.021094E+0	4.120277E-1	-1.764626E+2	4.283413E-1	-1.734552E+2	-3.941030E-2	-5.046678E-2
6.022266E+0	4.110224E-1	1.799475E+2	4.272294E-1	-1.770451E+2	-3.926011E-2	-5.047467E-2
6.023437E+0	4.098991E-1	1.763719E+2	4.260637E-1	1.793813E+2	-3.926614E-2	-5.050798E-2
6.024609E+0	4.086744E-1	1.728185E+2	4.247712E-1	1.758244E+2	-3.921895E-2	-5.045161E-2
6.025781E+0	4.074208E-1	1.692860E+2	4.234306E-1	1.722883E+2	-3.913041E-2	-5.039572E-2
6.026953E+0	4.061839E-1	1.657713E+2	4.220345E-1	1.687689E+2	-3.887448E-2	-5.033008E-2
6.028125E+0	4.049852E-1	1.622643E+2	4.205893E-1	1.652691E+2	-3.842441E-2	-5.047482E-2
6.029297E+0	4.037665E-1	1.587601E+2	4.191102E-1	1.617884E+2	-3.795549E-2	-5.089511E-2
6.030469E+0	4.024921E-1	1.552638E+2	4.176282E-1	1.583285E+2	-3.762137E-2	-5.152592E-2
6.031641E+0	4.011331E-1	1.517864E+2	4.161560E-1	1.548895E+2	-3.751253E-2	-5.217869E-2
6.032813E+0	3.997896E-1	1.483307E+2	4.147184E-1	1.514695E+2	-3.744362E-2	-5.278396E-2
6.033984E+0	3.984992E-1	1.448938E+2	4.133115E-1	1.480701E+2	-3.731928E-2	-5.342277E-2
6.035156E+0	3.972304E-1	1.414703E+2	4.119541E-1	1.446969E+2	-3.726972E-2	-5.427334E-2
6.036328E+0	3.959326E-1	1.380615E+2	4.106537E-1	1.413481E+2	-3.743375E-2	-5.527536E-2
6.037500E+0	3.945431E-1	1.346922E+2	4.094299E-1	1.380271E+2	-3.799169E-2	-5.605700E-2
6.038672E+0	3.932453E-1	1.313738E+2	4.082900E-1	1.347361E+2	-3.850601E-2	-5.648841E-2
6.039844E+0	3.921565E-1	1.280916E+2	4.072529E-1	1.314688E+2	-3.874113E-2	-5.672544E-2
6.041016E+0	3.912456E-1	1.248246E+2	4.063078E-1	1.282298E+2	-3.877102E-2	-5.719507E-2
6.042188E+0	3.904466E-1	1.215691E+2	4.054669E-1	1.250141E+2	-3.878457E-2	-5.786436E-2
6.043359E+0	3.896877E-1	1.183358E+2	4.047180E-1	1.218142E+2	-3.891155E-2	-5.841902E-2
6.044531E+0	3.890530E-1	1.151154E+2	4.040218E-1	1.186275E+2	-3.885802E-2	-5.898970E-2
6.045703E+0	3.886132E-1	1.118990E+2	4.034754E-1	1.154511E+2	-3.868582E-2	-5.967395E-2
6.046875E+0	3.883801E-1	1.086726E+2	4.030483E-1	1.122820E+2	-3.830455E-2	-6.066315E-2
6.048047E+0	3.882742E-1	1.054164E+2	4.027498E-1	1.091139E+2	-3.794867E-2	-6.217092E-2
6.049219E+0	3.880827E-1	1.021373E+2	4.026084E-1	1.059438E+2	-3.820544E-2	-6.399192E-2
6.050391E+0	3.878224E-1	9.886151E+1	4.025925E-1	1.027744E+2	-3.893300E-2	-6.573620E-2
6.051563E+0	3.876044E-1	9.559032E+1	4.027160E-1	9.959486E+1	-3.987408E-2	-6.721500E-2
6.052734E+0	3.874635E-1	9.232685E+1	4.029630E-1	9.641053E+1	-4.090507E-2	-6.847420E-2
6.053906E+0	3.874823E-1	8.906023E+1	4.033517E-1	9.321422E+1	-4.186750E-2	-6.958734E-2
6.055078E+0	3.876013E-1	8.578113E+1	4.038466E-1	9.001119E+1	-4.284092E-2	-7.079427E-2
6.056250E+0	3.877733E-1	8.249370E+1	4.044773E-1	8.679196E+1	-4.399418E-2	-7.185324E-2
6.057422E+0	3.880723E-1	7.919423E+1	4.052110E-1	8.355875E+1	-4.507302E-2	-7.288282E-2
6.058594E+0	3.884530E-1	7.588087E+1	4.060608E-1	8.031229E+1	-4.622231E-2	-7.391535E-2
6.059766E+0	3.889499E-1	7.255186E+1	4.069959E-1	7.704778E+1	-4.728016E-2	-7.491242E-2
6.060938E+0	3.895586E-1	6.919421E+1	4.080083E-1	7.376769E+1	-4.825906E-2	-7.613190E-2
6.062109E+0	3.900863E-1	6.579948E+1	4.090961E-1	7.046674E+1	-4.962968E-2	-7.758796E-2
6.063281E+0	3.904466E-1	6.239431E+1	4.102322E-1	6.714575E+1	-5.150108E-2	-7.883819E-2
6.064453E+0	3.907382E-1	5.899655E+1	4.114127E-1	6.380610E+1	-5.359662E-2	-7.963057E-2
6.065625E+0	3.910446E-1	5.560768E+1	4.126067E-1	6.044749E+1	-5.563743E-2	-7.996116E-2
6.066797E+0	3.915121E-1	5.222583E+1	4.138114E-1	5.706751E+1	-5.726358E-2	-7.985446E-2
6.067969E+0	3.922291E-1	4.881858E+1	4.149996E-1	5.366622E+1	-5.824952E-2	-7.986962E-2
6.069141E+0	3.930071E-1	4.536605E+1	4.161810E-1	5.024782E+1	-5.910785E-2	-8.036135E-2
6.070312E+0	3.936310E-1	4.187359E+1	4.173061E-1	4.680927E+1	-6.023089E-2	-8.115619E-2
6.071484E+0	3.940673E-1	3.836666E+1	4.183589E-1	4.335473E+1	-6.163130E-2	-8.189975E-2
6.072656E+0	3.944169E-1	3.485451E+1	4.193742E-1	3.988395E+1	-6.313190E-2	-8.245043E-2
6.073828E+0	3.947008E-1	3.133185E+1	4.203061E-1	3.639923E+1	-6.459098E-2	-8.294626E-2
6.075000E+0	3.949184E-1	2.779680E+1	4.211311E-1	3.290027E+1	-6.596113E-2	-8.341777E-2
6.076172E+0	3.950605E-1	2.425181E+1	4.218520E-1	2.939131E+1	-6.727436E-2	-8.389173E-2
6.077344E+0	3.951560E-1	2.068520E+1	4.224671E-1	2.587125E+1	-6.847562E-2	-8.454668E-2
6.078516E+0	3.950679E-1	1.708994E+1	4.229767E-1	2.234422E+1	-6.990655E-2	-8.553365E-2
6.079688E+0	3.946972E-1	1.349395E+1	4.233577E-1	1.881325E+1	-7.171301E-2	-8.642997E-2
6.080859E+0	3.940492E-1	9.911754E+0	4.236250E-1	1.527814E+1	-7.389299E-2	-8.699474E-2
6.082031E+0	3.933339E-1	6.348336E+0	4.237327E-1	1.173918E+1	-7.584621E-2	-8.720925E-2
6.083203E+0	3.925295E-1	2.793387E+0	4.237474E-1	8.203458E+0	-7.779743E-2	-8.733736E-2
6.084375E+0	3.916753E-1	-7.390938E-1	4.236460E-1	4.668786E+0	-7.958069E-2	-8.713296E-2
6.085547E+0	3.908356E-1	-4.268710E+0	4.234134E-1	1.138412E+0	-8.104825E-2	-8.698177E-2
6.086719E+0	3.899365E-1	-7.788605E+0	4.230951E-1	-2.387184E+0	-8.246388E-2	-8.675566E-2
6.087891E+0	3.891464E-1	-1.129025E+1	4.226675E-1	-5.904231E+0	-8.337339E-2	-8.642106E-2
6.089063E+0	3.884844E-1	-1.481081E+1	4.221648E-1	-9.414681E+0	-8.385834E-2	-8.653844E-2
6.090234E+0	3.877610E-1	-1.837110E+1	4.215664E-1	-1.291358E+1	-8.435949E-2	-8.748104E-2
6.091406E+0	3.867745E-1	-2.193971E+1	4.209154E-1	-1.640368E+1	-8.539702E-2	-8.864676E-2
6.092578E+0	3.855983E-1	-2.549220E+1	4.202033E-1	-1.988316E+1	-8.674670E-2	-8.969075E-2
6.093750E+0	3.844133E-1	-2.903368E+1	4.194435E-1	-2.335122E+1	-8.801957E-2	-9.074579E-2
6.094922E+0	3.831483E-1	-3.258602E+1	4.186389E-1	-2.680791E+1	-8.942619E-2	-9.214125E-2
6.096094E+0	3.816724E-1	-3.612638E+1	4.178186E-1	-3.025092E+1	-9.131049E-2	-9.351059E-2
6.097266E+0	3.801734E-1	-3.963387E+1	4.169707E-1	-3.368242E+1	-9.316336E-2	-9.453554E-2
6.098438E+0	3.788266E-1	-4.314584E+1	4.161119E-1	-3.710388E+1	-9.466120E-2	-9.582533E-2
6.099609E+0	3.774012E-1	-4.669430E+1	4.152679E-1	-4.051147E+1	-9.647251E-2	-9.788055E-2
6.100781E+0	3.755853E-1	-5.023766E+1	4.144139E-1	-4.390712E+1	-9.922157E-2	-9.993288E-2
6.101953E+0	3.735752E-1	-5.373475E+1	4.135952E-1	-4.729482E+1	-1.024607E-1	-1.013086E-1
6.103125E+0	3.716455E-1	-5.719210E+1	4.127707E-1	-5.066880E+1	-1.054613E-1	-1.022883E-1
6.104297E+0	3.699004E-1	-6.062741E+1	4.120115E-1	-5.403257E+1	-1.081491E-1	-1.031093E-1
6.105469E+0	3.683212E-1	-6.407750E+1	4.112839E-1	-5.738923E+1	-1.105545E-1	-1.043012E-1
6.106641E+0	3.667633E-1	-6.754992E+1	4.105963E-1	-6.073602E+1	-1.130637E-1	-1.059790E-1
6.107813E+0	3.651089E-1	-7.104981E+1	4.099577E-1	-6.407542E+1	-1.159886E-1	-1.081419E-1
6.108984E+0	3.632600E-1	-7.457438E+1	4.093812E-1	-6.740701E+1	-1.195945E-1	-1.107117E-1
6.110156E+0	3.609966E-1	-7.810322E+1	4.088566E-1	-7.073351E+1	-1.243520E-1	-1.132561E-1
6.111328E+0	3.583488E-1	-8.157825E+1	4.084107E-1	-7.405307E+1	-1.301342E-1	-1.149089E-1
6.112500E+0	3.557846E-1	-8.498531E+1	4.080067E-1	-7.737005E+1	-1.356841E-1	-1.155587E-1
6.113672E+0	3.535186E-1	-8.837067E+1	4.076644E-1	-8.068620E+1	-1.406073E-1	-1.159573E-1
6.114844E+0	3.513101E-1	-9.178724E+1	4.073906E-1	-8.399738E+1	-1.456156E-1	-1.168821E-1
6.116016E+0	3.488282E-1	-9.522005E+1	4.072013E-1	-8.730941E+1	-1.515039E-1	-1.178992E-1
6.117187E+0	3.461521E-1	-9.860706E+1	4.070713E-1	-9.061977E+1	-1.579017E-1	-1.181587E-1
6.118359E+0	3.435351E-1	-1.019537E+2	4.070077E-1	-9.393287E+1	-1.642064E-1	-1.177730E-1
6.119531E+0	3.409849E-1	-1.052549E+2	4.069957E-1	-9.724510E+1	-1.703639E-1	-1.167425E-1
6.120703E+0	3.388659E-1	-1.085378E+2	4.070434E-1	-1.005639E+2	-1.755436E-1	-1.154868E-1
6.121875E+0	3.371334E-1	-1.118985E+2	4.071527E-1	-1.038885E+2	-1.800515E-1	-1.153822E-1
6.123047E+0	3.351651E-1	-1.153784E+2	4.073242E-1	-1.072158E+2	-1.854901E-1	-1.168300E-1
6.124219E+0	3.325306E-1	-1.188975E+2	4.075275E-1	-1.105508E+2	-1.926720E-1	-1.184485E-1
6.125391E+0	3.295650E-1	-1.224053E+2	4.077687E-1	-1.138927E+2	-2.006883E-1	-1.196376E-1
6.126563E+0	3.262511E-1	-1.259772E+2	4.080607E-1	-1.172397E+2	-2.097625E-1	-1.214527E-1
6.127734E+0	3.219149E-1	-1.295959E+2	4.083622E-1	-1.205958E+2	-2.213983E-1	-1.233198E-1
6.128906E+0	3.163912E-1	-1.331255E+2	4.086803E-1	-1.239611E+2	-2.357043E-1	-1.233016E-1
6.130078E+0	3.102437E-1	-1.364793E+2	4.090179E-1	-1.273350E+2	-2.511309E-1	-1.205433E-1
6.131250E+0	3.039618E-1	-1.396724E+2	4.093336E-1	-1.307160E+2	-2.664770E-1	-1.156065E-1
6.132422E+0	2.975023E-1	-1.428218E+2	4.096546E-1	-1.341078E+2	-2.821557E-1	-1.100251E-1
6.133594E+0	2.899124E-1	-1.458952E+2	4.099416E-1	-1.375048E+2	-3.003652E-1	-1.031933E-1
6.134766E+0	2.807778E-1	-1.486431E+2	4.102083E-1	-1.409120E+2	-3.217455E-1	-9.207852E-2
6.135938E+0	2.712359E-1	-1.506966E+2	4.104387E-1	-1.443257E+2	-3.432372E-1	-7.333001E-2
6.137109E+0	2.636063E-1	-1.519601E+2	4.106185E-1	-1.477459E+2	-3.597620E-1	-4.717568E-2
6.138281E+0	2.593905E-1	-1.527972E+2	4.107624E-1	-1.511707E+2	-3.687689E-1	-1.792406E-2
6.139453E+0	2.583830E-1	-1.535351E+2	4.108348E-1	-1.546002E+2	-3.711868E-1	1.169067E-2
6.140625E+0	2.601821E-1	-1.545048E+2	4.108381E-1	-1.580318E+2	-3.679036E-1	3.895966E-2
6.141797E+0	2.629662E-1	-1.558136E+2	4.107852E-1	-1.614656E+2	-3.629572E-1	6.304637E-2
6.142969E+0	2.663964E-1	-1.570847E+2	4.106881E-1	-1.648967E+2	-3.573613E-1	8.816768E-2
6.144141E+0	2.725862E-1	-1.583885E+2	4.104937E-1	-1.683298E+2	-3.459258E-1	1.146401E-1
6.145313E+0	2.812282E-1	-1.602518E+2	4.102568E-1	-1.717589E+2	-3.282853E-1	1.367486E-1
6.146484E+0	2.902947E-1	-1.626759E+2	4.099587E-1	-1.751839E+2	-3.086992E-1	1.533590E-1
6.147656E+0	2.992608E-1	-1.654931E+2	4.095808E-1	-1.786014E+2	-2.883871E-1	1.657062E-1
6.148828E+0	3.076719E-1	-1.686729E+2	4.091791E-1	1.779878E+2	-2.683615E-1	1.734820E-1
6.150000E+0	3.149784E-1	-1.720521E+2	4.087340E-1	1.745844E+2	-2.502463E-1	1.781119E-1
6.151172E+0	3.215260E-1	-1.755236E+2	4.082483E-1	1.711896E+2	-2.335073E-1	1.810048E-1
6.152344E+0	3.274463E-1	-1.791017E+2	4.077328E-1	1.678049E+2	-2.177883E-1	1.819314E-1
6.153516E+0	3.325510E-1	1.772440E+2	4.072042E-1	1.644311E+2	-2.036666E-1	1.811111E-1
6.154688E+0	3.368061E-1	1.735593E+2	4.066602E-1	1.610679E+2	-1.913804E-1	1.791393E-1
6.155859E+0	3.403487E-1	1.698887E+2	4.061570E-1	1.577146E+2	-1.808717E-1	1.767143E-1
6.157031E+0	3.433160E-1	1.662505E+2	4.056260E-1	1.543737E+2	-1.717335E-1	1.741929E-1
6.158203E+0	3.458788E-1	1.626599E+2	4.051259E-1	1.510431E+2	-1.637318E-1	1.719168E-1
6.159375E+0	3.482051E-1	1.591147E+2	4.046956E-1	1.477245E+2	-1.565335E-1	1.699226E-1
6.160547E+0	3.504041E-1	1.556031E+2	4.042930E-1	1.444134E+2	-1.497678E-1	1.681917E-1
6.161719E+0	3.525310E-1	1.521079E+2	4.039456E-1	1.411127E+2	-1.433014E-1	1.664509E-1
6.162891E+0	3.545972E-1	1.486283E+2	4.036749E-1	1.378191E+2	-1.371630E-1	1.647386E-1
6.164062E+0	3.565451E-1	1.451556E+2	4.034545E-1	1.345349E+2	-1.314087E-1	1.628773E-1
6.165234E+0	3.584209E-1	1.416924E+2	4.033202E-1	1.312572E+2	-1.260226E-1	1.609600E-1
6.166406E+0	3.601992E-1	1.382440E+2	4.032878E-1	1.279831E+2	-1.211277E-1	1.590987E-1
6.167578E+0	3.619922E-1	1.348077E+2	4.033307E-1	1.247126E+2	-1.163879E-1	1.573173E-1
6.168750E+0	3.637792E-1	1.313826E+2	4.034723E-1	1.214455E+2	-1.119051E-1	1.555900E-1
6.169922E+0	3.655876E-1	1.279623E+2	4.036864E-1	1.181757E+2	-1.075561E-1	1.539369E-1
6.171094E+0	3.674272E-1	1.245461E+2	4.040122E-1	1.149069E+2	-1.033940E-1	1.522806E-1
6.172266E+0	3.692763E-1	1.211250E+2	4.044442E-1	1.116367E+2	-9.944478E-2	1.505122E-1
6.173438E+0	3.711282E-1	1.176982E+2	4.049494E-1	1.083621E+2	-9.565955E-2	1.486766E-1
6.174609E+0	3.729627E-1	1.142745E+2	4.055698E-1	1.050848E+2	-9.220134E-2	1.468638E-1
6.175781E+0	3.748185E-1	1.108507E+2	4.062662E-1	1.018016E+2	-8.888931E-2	1.451062E-1
6.176953E+0	3.767045E-1	1.074256E+2	4.070711E-1	9.850734E+1	-8.578542E-2	1.434607E-1
6.178125E+0	3.786164E-1	1.040032E+2	4.079456E-1	9.520805E+1	-8.280816E-2	1.419093E-1
6.179297E+0	3.805986E-1	1.005757E+2	4.089112E-1	9.189608E+1	-7.989842E-2	1.404604E-1
6.180469E+0	3.826683E-1	9.713942E+1	4.099384E-1	8.857484E+1	-7.693198E-2	1.390173E-1
6.181641E+0	3.847758E-1	9.369196E+1	4.110550E-1	8.524062E+1	-7.409584E-2	1.375735E-1
6.182813E+0	3.869619E-1	9.022921E+1	4.122266E-1	8.189362E+1	-7.120499E-2	1.360858E-1
6.183984E+0	3.891668E-1	8.675063E+1	4.134437E-1	7.853157E+1	-6.838691E-2	1.345639E-1
6.185156E+0	3.913785E-1	8.325089E+1	4.147193E-1	7.515414E+1	-6.568828E-2	1.329182E-1
6.186328E+0	3.935907E-1	7.973573E+1	4.160322E-1	7.176269E+1	-6.308686E-2	1.312250E-1
6.187500E+0	3.957871E-1	7.620161E+1	4.173691E-1	6.835303E+1	-6.059282E-2	1.294943E-1
6.188672E+0	3.979676E-1	7.264935E+1	4.187173E-1	6.492850E+1	-5.817177E-2	1.276892E-1
6.189844E+0	4.001001E-1	6.907919E+1	4.200933E-1	6.148615E+1	-5.594338E-2	1.258473E-1
6.191016E+0	4.021659E-1	6.549355E+1	4.214541E-1	5.802671E+1	-5.385752E-2	1.240050E-1
6.192188E+0	4.041754E-1	6.188905E+1	4.227860E-1	5.454834E+1	-5.185427E-2	1.221451E-1
6.193359E+0	4.061116E-1	5.826987E+1	4.240778E-1	5.105573E+1	-4.994622E-2	1.202579E-1
6.194531E+0	4.079559E-1	5.463454E+1	4.253636E-1	4.754342E+1	-4.826017E-2	1.183957E-1
6.195703E+0	4.097201E-1	5.098810E+1	4.265813E-1	4.401417E+1	-4.663241E-2	1.166185E-1
6.196875E+0	4.113655E-1	4.732731E+1	4.277132E-1	4.046817E+1	-4.510485E-2	1.148641E-1
6.198047E+0	4.129228E-1	4.365157E+1	4.287829E-1	3.690635E+1	-4.365436E-2	1.131101E-1
6.199219E+0	4.143404E-1	3.996258E+1	4.297487E-1	3.332914E+1	-4.230867E-2	1.113751E-1
6.200391E+0	4.156417E-1	3.626010E+1	4.305783E-1	2.973724E+1	-4.093846E-2	1.096589E-1
6.201563E+0	4.167696E-1	3.255009E+1	4.313172E-1	2.613243E+1	-3.978344E-2	1.080052E-1
6.202734E+0	4.177454E-1	2.882786E+1	4.319146E-1	2.251732E+1	-3.866603E-2	1.063113E-1
6.203906E+0	4.185542E-1	2.510251E+1	4.323553E-1	1.889332E+1	-3.759985E-2	1.047063E-1
6.205078E+0	4.191812E-1	2.136865E+1	4.326443E-1	1.526110E+1	-3.661761E-2	1.030843E-1
6.206250E+0	4.196179E-1	1.763276E+1	4.328023E-1	1.162076E+1	-3.579534E-2	1.015462E-1
6.207422E+0	4.198686E-1	1.389675E+1	4.327327E-1	7.978040E+0	-3.489992E-2	1.000519E-1
6.208594E+0	4.199222E-1	1.016039E+1	4.325038E-1	4.336170E+0	-3.410208E-2	9.852487E-2
6.209766E+0	4.197579E-1	6.426486E+0	4.321021E-1	6.961589E-1	-3.342217E-2	9.699404E-2
6.210937E+0	4.194283E-1	2.703116E+0	4.315284E-1	-2.940020E+0	-3.275056E-2	9.557490E-2
6.212109E+0	4.188741E-1	-1.012778E+0	4.307798E-1	-6.571795E+0	-3.221063E-2	9.419372E-2
6.213281E+0	4.181428E-1	-4.715335E+0	4.298482E-1	-1.019264E+1	-3.167305E-2	9.285218E-2
6.214453E+0	4.172444E-1	-8.403649E+0	4.287680E-1	-1.380287E+1	-3.119359E-2	9.156588E-2
6.215625E+0	4.161588E-1	-1.207497E+1	4.275374E-1	-1.739753E+1	-3.081128E-2	9.029383E-2
6.216797E+0	4.149501E-1	-1.572592E+1	4.261543E-1	-2.097643E+1	-3.037699E-2	8.910454E-2
6.217969E+0	4.135915E-1	-1.935931E+1	4.246478E-1	-2.453665E+1	-3.001001E-2	8.788922E-2
6.219141E+0	4.121118E-1	-2.296625E+1	4.230478E-1	-2.807706E+1	-2.972346E-2	8.677940E-2
6.220313E+0	4.105367E-1	-2.654917E+1	4.213553E-1	-3.159475E+1	-2.945118E-2	8.569008E-2
6.221484E+0	4.088643E-1	-3.010596E+1	4.195732E-1	-3.509087E+1	-2.920916E-2	8.467556E-2
6.222656E+0	4.071437E-1	-3.363395E+1	4.177560E-1	-3.856115E+1	-2.900460E-2	8.370804E-2
6.223828E+0	4.053893E-1	-3.713520E+1	4.159059E-1	-4.200869E+1	-2.880988E-2	8.280772E-2
6.225000E+0	4.036040E-1	-4.060498E+1	4.140336E-1	-4.542875E+1	-2.864295E-2	8.197297E-2
6.226172E+0	4.018426E-1	-4.404771E+1	4.121847E-1	-4.882174E+1	-2.847320E-2	8.113794E-2
6.227344E+0	4.000973E-1	-4.746463E+1	4.103397E-1	-5.219233E+1	-2.827820E-2	8.036305E-2
6.228516E+0	3.983800E-1	-5.085511E+1	4.085492E-1	-5.553553E+1	-2.814267E-2	7.956686E-2
6.229688E+0	3.967375E-1	-5.421598E+1	4.068286E-1	-5.885613E+1	-2.800057E-2	7.889079E-2
6.230859E+0	3.951680E-1	-5.755096E+1	4.051874E-1	-6.215382E+1	-2.787319E-2	7.826431E-2
6.232031E+0	3.936788E-1	-6.086390E+1	4.036319E-1	-6.542818E+1	-2.775197E-2	7.761520E-2
6.233203E+0	3.923090E-1	-6.415310E+1	4.021817E-1	-6.868402E+1	-2.759630E-2	7.705787E-2
6.234375E+0	3.910638E-1	-6.742233E+1	4.008741E-1	-7.192014E+1	-2.747657E-2	7.650185E-2
6.235547E+0	3.899558E-1	-7.067055E+1	3.996757E-1	-7.514070E+1	-2.728741E-2	7.604426E-2
6.236719E+0	3.889759E-1	-7.390533E+1	3.986289E-1	-7.834439E+1	-2.714264E-2	7.552448E-2
6.237891E+0	3.881488E-1	-7.712550E+1	3.977198E-1	-8.153843E+1	-2.695793E-2	7.509240E-2
6.239063E+0	3.874856E-1	-8.033393E+1	3.969768E-1	-8.472128E+1	-2.676898E-2	7.466990E-2
6.240234E+0	3.869619E-1	-8.353190E+1	3.963748E-1	-8.789571E+1	-2.657762E-2	7.428231E-2
6.241406E+0	3.866213E-1	-8.672704E+1	3.959344E-1	-9.106448E+1	-2.631853E-2	7.385136E-2
6.242578E+0	3.864443E-1	-8.991402E+1	3.956667E-1	-9.422916E+1	-2.607715E-2	7.348844E-2
6.243750E+0	3.864184E-1	-9.310164E+1	3.955436E-1	-9.739317E+1	-2.580913E-2	7.310495E-2
6.244922E+0	3.865672E-1	-9.628741E+1	3.956024E-1	-1.005569E+2	-2.555079E-2	7.274740E-2
6.246094E+0	3.868554E-1	-9.947922E+1	3.957982E-1	-1.037279E+2	-2.528036E-2	7.241160E-2
6.247266E+0	3.872975E-1	-1.026738E+2	3.961474E-1	-1.069011E+2	-2.499967E-2	7.206663E-2
6.248438E+0	3.879162E-1	-1.058747E+2	3.966603E-1	-1.100828E+2	-2.468076E-2	7.176160E-2
6.249609E+0	3.886561E-1	-1.090867E+2	3.973078E-1	-1.132742E+2	-2.438725E-2	7.143053E-2
6.250781E+0	3.895605E-1	-1.123100E+2	3.981008E-1	-1.164785E+2	-2.404126E-2	7.113050E-2
6.251953E+0	3.905858E-1	-1.155485E+2	3.990042E-1	-1.196938E+2	-2.365939E-2	7.076090E-2
6.253125E+0	3.917117E-1	-1.188023E+2	4.000380E-1	-1.229258E+2	-2.334852E-2	7.040989E-2
6.254297E+0	3.929623E-1	-1.220713E+2	4.011673E-1	-1.261727E+2	-2.296140E-2	7.005899E-2
6.255469E+0	3.943034E-1	-1.253589E+2	4.024123E-1	-1.294399E+2	-2.263520E-2	6.973262E-2
6.256641E+0	3.957472E-1	-1.286650E+2	4.037123E-1	-1.327229E+2	-2.218713E-2	6.936836E-2
6.257812E+0	3.972501E-1	-1.319919E+2	4.050929E-1	-1.360270E+2	-2.179138E-2	6.900523E-2
6.258984E+0	3.987876E-1	-1.353410E+2	4.065318E-1	-1.393522E+2	-2.145237E-2	6.861894E-2
6.260156E+0	4.004076E-1	-1.387134E+2	4.080030E-1	-1.426973E+2	-2.098744E-2	6.818279E-2
6.261328E+0	4.020157E-1	-1.421057E+2	4.095082E-1	-1.460618E+2	-2.063554E-2	6.772982E-2
6.262500E+0	4.036576E-1	-1.455213E+2	4.110330E-1	-1.494501E+2	-2.025144E-2	6.728734E-2
6.263672E+0	4.052563E-1	-1.489590E+2	4.125216E-1	-1.528601E+2	-1.988815E-2	6.683623E-2
6.264844E+0	4.068678E-1	-1.524172E+2	4.140034E-1	-1.562911E+2	-1.948107E-2	6.639636E-2
6.266016E+0	4.084188E-1	-1.558961E+2	4.154532E-1	-1.597417E+2	-1.914534E-2	6.593241E-2
6.267188E+0	4.099400E-1	-1.593976E+2	4.168500E-1	-1.632126E+2	-1.875589E-2	6.543219E-2
6.268359E+0	4.113639E-1	-1.629194E+2	4.181918E-1	-1.667025E+2	-1.847065E-2	6.490232E-2
6.269531E+0	4.127035E-1	-1.664574E+2	4.194273E-1	-1.702098E+2	-1.814036E-2	6.439579E-2
6.270703E+0	4.139469E-1	-1.700126E+2	4.205845E-1	-1.737316E+2	-1.785445E-2	6.383956E-2
6.271875E+0	4.150580E-1	-1.735839E+2	4.216326E-1	-1.772705E+2	-1.763025E-2	6.329629E-2
6.273047E+0	4.160565E-1	-1.771673E+2	4.225405E-1	1.791773E+2	-1.734851E-2	6.277715E-2
6.274219E+0	4.169041E-1	1.792398E+2	4.233257E-1	1.756163E+2	-1.713819E-2	6.224115E-2
6.275391E+0	4.176055E-1	1.756366E+2	4.239743E-1	1.720470E+2	-1.695409E-2	6.166887E-2
6.276563E+0	4.181657E-1	1.720279E+2	4.244757E-1	1.684686E+2	-1.676564E-2	6.115869E-2
6.277734E+0	4.185294E-1	1.684141E+2	4.248189E-1	1.648882E+2	-1.667001E-2	6.058922E-2
6.278906E+0	4.187348E-1	1.647981E+2	4.250152E-1	1.613047E+2	-1.660760E-2	6.003315E-2
6.280078E+0	4.187884E-1	1.611896E+2	4.250430E-1	1.577209E+2	-1.652026E-2	5.961294E-2
6.281250E+0	4.186997E-1	1.575833E+2	4.249325E-1	1.541436E+2	-1.644282E-2	5.911800E-2
6.282422E+0	4.184481E-1	1.539811E+2	4.246601E-1	1.505669E+2	-1.637711E-2	5.868261E-2
6.283594E+0	4.180475E-1	1.503847E+2	4.242423E-1	1.470021E+2	-1.631880E-2	5.814165E-2
6.284766E+0	4.175215E-1	1.467995E+2	4.237127E-1	1.434428E+2	-1.630236E-2	5.769641E-2
6.285938E+0	4.168512E-1	1.432263E+2	4.230325E-1	1.398972E+2	-1.627477E-2	5.722254E-2
6.287109E+0	4.160613E-1	1.396675E+2	4.222606E-1	1.363649E+2	-1.631763E-2	5.676356E-2
6.288281E+0	4.151531E-1	1.361256E+2	4.213668E-1	1.328473E+2	-1.635886E-2	5.634262E-2
6.289453E+0	4.141361E-1	1.325987E+2	4.203838E-1	1.293458E+2	-1.644915E-2	5.590001E-2
6.290625E+0	4.130500E-1	1.290934E+2	4.193350E-1	1.258650E+2	-1.655126E-2	5.547233E-2
6.291797E+0	4.118848E-1	1.256051E+2	4.182273E-1	1.224015E+2	-1.670424E-2	5.503674E-2
6.292969E+0	4.106601E-1	1.221405E+2	4.170984E-1	1.189576E+2	-1.695473E-2	5.466646E-2
6.294141E+0	4.093911E-1	1.186994E+2	4.159460E-1	1.155364E+2	-1.725841E-2	5.430720E-2
6.295313E+0	4.080853E-1	1.152815E+2	4.148054E-1	1.121316E+2	-1.768694E-2	5.405824E-2
6.296484E+0	4.067898E-1	1.118976E+2	4.136422E-1	1.087483E+2	-1.805122E-2	5.402788E-2
6.297656E+0	4.055296E-1	1.085429E+2	4.125331E-1	1.053859E+2	-1.846868E-2	5.413722E-2
6.298828E+0	4.043629E-1	1.052162E+2	4.114577E-1	1.020429E+2	-1.874998E-2	5.440171E-2
6.300000E+0	4.033579E-1	1.019147E+2	4.104389E-1	9.871616E+1	-1.878320E-2	5.483345E-2
6.301172E+0	4.025252E-1	9.862566E+1	4.095102E-1	9.540845E+1	-1.860613E-2	5.516414E-2
6.302344E+0	4.017984E-1	9.534388E+1	4.086490E-1	9.211584E+1	-1.832409E-2	5.536614E-2
6.303516E+0	4.011478E-1	9.207238E+1	4.078999E-1	8.884010E+1	-1.811784E-2	5.545067E-2
6.304687E+0	4.006239E-1	8.881546E+1	4.072370E-1	8.557581E+1	-1.781110E-2	5.559473E-2
6.305859E+0	4.002552E-1	8.556721E+1	4.067124E-1	8.232467E+1	-1.745211E-2	5.566477E-2
6.307031E+0	4.000017E-1	8.232572E+1	4.063109E-1	7.908154E+1	-1.710570E-2	5.571262E-2
6.308203E+0	3.998863E-1	7.908724E+1	4.060402E-1	7.584811E+1	-1.672927E-2	5.564702E-2
6.309375E+0	3.999046E-1	7.584964E+1	4.058776E-1	7.262005E+1	-1.628108E-2	5.550806E-2
6.310547E+0	4.000252E-1	7.261574E+1	4.058913E-1	6.939526E+1	-1.600882E-2	5.536648E-2
6.311719E+0	4.002851E-1	6.938211E+1	4.060341E-1	6.617175E+1	-1.570603E-2	5.520911E-2
6.312891E+0	4.006733E-1	6.614626E+1	4.063122E-1	6.294994E+1	-1.541231E-2	5.498356E-2
6.314063E+0	4.012110E-1	6.291123E+1	4.067564E-1	5.972380E+1	-1.515914E-2	5.484442E-2
6.315234E+0	4.018622E-1	5.966933E+1	4.073206E-1	5.649377E+1	-1.491568E-2	5.465326E-2
6.316406E+0	4.026634E-1	5.642195E+1	4.080235E-1	5.325529E+1	-1.464361E-2	5.451483E-2
6.317578E+0	4.036122E-1	5.316471E+1	4.088655E-1	5.001162E+1	-1.434290E-2	5.429731E-2
6.318750E+0	4.046713E-1	4.989964E+1	4.098407E-1	4.675391E+1	-1.410100E-2	5.418361E-2
6.319922E+0	4.058623E-1	4.661827E+1	4.109301E-1	4.348434E+1	-1.380960E-2	5.399591E-2
6.321094E+0	4.071601E-1	4.332132E+1	4.121335E-1	4.020172E+1	-1.353145E-2	5.376368E-2
6.322266E+0	4.085728E-1	4.001361E+1	4.134586E-1	3.690449E+1	-1.327146E-2	5.359683E-2
6.323438E+0	4.100576E-1	3.668618E+1	4.148639E-1	3.358998E+1	-1.302808E-2	5.338684E-2
6.324609E+0	4.116482E-1	3.333968E+1	4.163659E-1	3.025531E+1	-1.276286E-2	5.319675E-2
6.325781E+0	4.133136E-1	2.997407E+1	4.179309E-1	2.690361E+1	-1.246772E-2	5.297222E-2
6.326953E+0	4.150417E-1	2.658404E+1	4.195674E-1	2.353079E+1	-1.219081E-2	5.268951E-2
6.328125E+0	4.168222E-1	2.317608E+1	4.212473E-1	2.013682E+1	-1.189654E-2	5.246326E-2
6.329297E+0	4.186169E-1	1.974511E+1	4.229459E-1	1.671977E+1	-1.161480E-2	5.223741E-2
6.330469E+0	4.204256E-1	1.628759E+1	4.247015E-1	1.328055E+1	-1.143105E-2	5.193050E-2
6.331641E+0	4.222552E-1	1.281037E+1	4.264261E-1	9.819178E+0	-1.113017E-2	5.167204E-2
6.332813E+0	4.240708E-1	9.309996E+0	4.281601E-1	6.333135E+0	-1.088739E-2	5.143665E-2
6.333984E+0	4.258297E-1	5.782241E+0	4.298395E-1	2.827991E+0	-1.064519E-2	5.105776E-2
6.335156E+0	4.275577E-1	2.235112E+0	4.314796E-1	-7.000944E-1	-1.038942E-2	5.074117E-2
6.336328E+0	4.291975E-1	-1.336447E+0	4.330472E-1	-4.252665E+0	-1.017328E-2	5.042336E-2
6.337500E+0	4.307570E-1	-4.928484E+0	4.345510E-1	-7.822086E+0	-9.994719E-3	5.004067E-2
6.338672E+0	4.321993E-1	-8.540273E+0	4.359280E-1	-1.141467E+1	-9.800850E-3	4.971772E-2
6.339844E+0	4.335196E-1	-1.217085E+1	4.372045E-1	-1.502468E+1	-9.658067E-3	4.936851E-2
6.341016E+0	4.347127E-1	-1.581819E+1	4.383461E-1	-1.865240E+1	-9.501953E-3	4.903627E-2
6.342188E+0	4.357524E-1	-1.948049E+1	4.393381E-1	-2.229206E+1	-9.355519E-3	4.865112E-2
6.343359E+0	4.366165E-1	-2.315717E+1	4.401724E-1	-2.594858E+1	-9.255390E-3	4.830660E-2
6.344531E+0	4.373162E-1	-2.684262E+1	4.408336E-1	-2.961362E+1	-9.138910E-3	4.795849E-2
6.345703E+0	4.378092E-1	-3.054172E+1	4.413056E-1	-3.329053E+1	-9.064355E-3	4.757742E-2
6.346875E+0	4.381227E-1	-3.424343E+1	4.416216E-1	-3.697396E+1	-9.049218E-3	4.726127E-2
6.348047E+0	4.382396E-1	-3.795106E+1	4.417117E-1	-4.066008E+1	-8.969326E-3	4.689219E-2
6.349219E+0	4.381577E-1	-4.165998E+1	4.416083E-1	-4.435046E+1	-8.907411E-3	4.657370E-2
6.350391E+0	4.378280E-1	-4.537062E+1	4.413087E-1	-4.804008E+1	-8.963822E-3	4.620667E-2
6.351562E+0	4.373303E-1	-4.907435E+1	4.407975E-1	-5.172860E+1	-8.930134E-3	4.594458E-2
6.352734E+0	4.366172E-1	-5.277351E+1	4.400859E-1	-5.540889E+1	-8.931166E-3	4.561743E-2
6.353906E+0	4.357071E-1	-5.646478E+1	4.391715E-1	-5.908198E+1	-8.923355E-3	4.530266E-2
6.355078E+0	4.346134E-1	-6.013988E+1	4.380829E-1	-6.274405E+1	-8.944289E-3	4.507585E-2
6.356250E+0	4.333371E-1	-6.380633E+1	4.368189E-1	-6.639319E+1	-8.981739E-3	4.477413E-2
6.357422E+0	4.318832E-1	-6.745324E+1	4.353759E-1	-7.002677E+1	-9.022752E-3	4.454126E-2
6.358594E+0	4.302857E-1	-7.108250E+1	4.337999E-1	-7.364061E+1	-9.089429E-3	4.427104E-2
6.359766E+0	4.285634E-1	-7.469288E+1	4.320868E-1	-7.723705E+1	-9.132044E-3	4.402758E-2
6.360938E+0	4.267018E-1	-7.827821E+1	4.302450E-1	-8.080944E+1	-9.202975E-3	4.380022E-2
6.362109E+0	4.247436E-1	-8.184187E+1	4.283139E-1	-8.435938E+1	-9.292819E-3	4.355856E-2
6.363281E+0	4.227318E-1	-8.537895E+1	4.263019E-1	-8.788832E+1	-9.325476E-3	4.341611E-2
6.364453E+0	4.206361E-1	-8.889037E+1	4.242100E-1	-9.138717E+1	-9.366182E-3	4.319657E-2
6.365625E+0	4.185061E-1	-9.237563E+1	4.221039E-1	-9.486332E+1	-9.457891E-3	4.303478E-2
6.366797E+0	4.163461E-1	-9.583315E+1	4.199592E-1	-9.831338E+1	-9.532182E-3	4.290235E-2
6.367969E+0	4.141898E-1	-9.926512E+1	4.178177E-1	-1.017353E+2	-9.604117E-3	4.272519E-2
6.369141E+0	4.120533E-1	-1.026694E+2	4.156811E-1	-1.051306E+2	-9.641782E-3	4.256806E-2
6.370313E+0	4.099469E-1	-1.060443E+2	4.136009E-1	-1.085000E+2	-9.744842E-3	4.246839E-2
6.371484E+0	4.079266E-1	-1.093958E+2	4.115576E-1	-1.118436E+2	-9.726983E-3	4.233237E-2
6.372656E+0	4.059419E-1	-1.127212E+2	4.096001E-1	-1.151620E+2	-9.830290E-3	4.220676E-2
6.373828E+0	4.040457E-1	-1.160216E+2	4.077042E-1	-1.184597E+2	-9.870531E-3	4.215830E-2
6.375000E+0	4.022455E-1	-1.192980E+2	4.059232E-1	-1.217338E+2	-9.955432E-3	4.211487E-2
6.376172E+0	4.005589E-1	-1.225544E+2	4.042567E-1	-1.249851E+2	-1.003868E-2	4.202305E-2
6.377344E+0	3.990000E-1	-1.257911E+2	4.027035E-1	-1.282169E+2	-1.008448E-2	4.193630E-2
6.378516E+0	3.975922E-1	-1.290084E+2	4.012723E-1	-1.314320E+2	-1.005738E-2	4.189937E-2
6.379688E+0	3.963032E-1	-1.322135E+2	4.000040E-1	-1.346334E+2	-1.013543E-2	4.183203E-2
6.380859E+0	3.951691E-1	-1.354022E+2	3.988528E-1	-1.378205E+2	-1.011811E-2	4.180507E-2
6.382031E+0	3.942037E-1	-1.385792E+2	3.978718E-1	-1.409954E+2	-1.010015E-2	4.176948E-2
6.383203E+0	3.933560E-1	-1.417500E+2	3.970459E-1	-1.441639E+2	-1.017250E-2	4.172662E-2
6.384375E+0	3.926926E-1	-1.449107E+2	3.963637E-1	-1.473247E+2	-1.014116E-2	4.172967E-2
6.385547E+0	3.921729E-1	-1.480675E+2	3.958331E-1	-1.504814E+2	-1.012598E-2	4.172858E-2
6.386719E+0	3.918154E-1	-1.512222E+2	3.954629E-1	-1.536342E+2	-1.010116E-2	4.169674E-2
6.387891E+0	3.916131E-1	-1.543768E+2	3.952636E-1	-1.567872E+2	-1.011222E-2	4.166859E-2
6.389063E+0	3.915737E-1	-1.575292E+2	3.951759E-1	-1.599429E+2	-9.994558E-3	4.173066E-2
6.390234E+0	3.916671E-1	-1.606888E+2	3.952610E-1	-1.631007E+2	-9.970307E-3	4.170052E-2
6.391406E+0	3.919276E-1	-1.638522E+2	3.954840E-1	-1.662617E+2	-9.868702E-3	4.166326E-2
6.392578E+0	3.922911E-1	-1.670205E+2	3.958281E-1	-1.694320E+2	-9.813379E-3	4.170021E-2
6.393750E+0	3.927912E-1	-1.702000E+2	3.963025E-1	-1.726092E+2	-9.736226E-3	4.166364E-2
6.394922E+0	3.934374E-1	-1.733884E+2	3.969065E-1	-1.757977E+2	-9.616599E-3	4.167040E-2
6.396094E+0	3.941805E-1	-1.765889E+2	3.976257E-1	-1.789979E+2	-9.540533E-3	4.166841E-2
6.397266E+0	3.950279E-1	-1.798011E+2	3.984300E-1	1.777903E+2	-9.414688E-3	4.166677E-2
6.398437E+0	3.959607E-1	1.769787E+2	3.993097E-1	1.745757E+2	-9.258962E-3	4.157632E-2
6.399609E+0	3.969432E-1	1.737463E+2	4.002630E-1	1.713442E+2	-9.165464E-3	4.156465E-2
6.400781E+0	3.980175E-1	1.704992E+2	4.012629E-1	1.680990E+2	-8.958185E-3	4.154042E-2
6.401953E+0	3.991411E-1	1.672374E+2	4.023505E-1	1.648410E+2	-8.844192E-3	4.147935E-2
6.403125E+0	4.003279E-1	1.639583E+2	4.034840E-1	1.615665E+2	-8.686492E-3	4.140622E-2
6.404297E+0	4.015465E-1	1.606653E+2	4.046606E-1	1.582784E+2	-8.556530E-3	4.132672E-2
6.405469E+0	4.028019E-1	1.573561E+2	4.058537E-1	1.549759E+2	-8.375729E-3	4.121809E-2
6.406641E+0	4.040582E-1	1.540309E+2	4.070675E-1	1.516549E+2	-8.245993E-3	4.115066E-2
6.407813E+0	4.053498E-1	1.506933E+2	4.083089E-1	1.483232E+2	-8.096463E-3	4.105455E-2
6.408984E+0	4.066437E-1	1.473399E+2	4.095325E-1	1.449777E+2	-7.897663E-3	4.092575E-2
6.410156E+0	4.079093E-1	1.439743E+2	4.107578E-1	1.416179E+2	-7.774473E-3	4.083022E-2
6.411328E+0	4.091617E-1	1.405935E+2	4.119757E-1	1.382478E+2	-7.662709E-3	4.064919E-2
6.412500E+0	4.104096E-1	1.372037E+2	4.131737E-1	1.348642E+2	-7.517856E-3	4.054755E-2
6.413672E+0	4.116139E-1	1.338000E+2	4.143398E-1	1.314696E+2	-7.400497E-3	4.039443E-2
6.414844E+0	4.127957E-1	1.303873E+2	4.154711E-1	1.280657E+2	-7.254957E-3	4.024763E-2
6.416016E+0	4.139252E-1	1.269655E+2	4.165968E-1	1.246527E+2	-7.222287E-3	4.009622E-2
6.417188E+0	4.150335E-1	1.235334E+2	4.176406E-1	1.212310E+2	-7.044696E-3	3.992286E-2
6.418359E+0	4.160966E-1	1.200951E+2	4.186729E-1	1.178001E+2	-6.950662E-3	3.979818E-2
6.419531E+0	4.171096E-1	1.166489E+2	4.196650E-1	1.143641E+2	-6.879295E-3	3.962396E-2
6.420703E+0	4.180706E-1	1.131968E+2	4.205948E-1	1.109205E+2	-6.785855E-3	3.948011E-2
6.421875E+0	4.189877E-1	1.097409E+2	4.214882E-1	1.074739E+2	-6.710564E-3	3.932162E-2
6.423047E+0	4.198671E-1	1.062790E+2	4.223318E-1	1.040206E+2	-6.608130E-3	3.917634E-2
6.424219E+0	4.206830E-1	1.028146E+2	4.231466E-1	1.005646E+2	-6.588571E-3	3.903124E-2
6.425391E+0	4.214619E-1	9.934446E+1	4.238812E-1	9.710438E+1	-6.467315E-3	3.886372E-2
6.426563E+0	4.221776E-1	9.587451E+1	4.246054E-1	9.364279E+1	-6.471931E-3	3.871836E-2
6.427734E+0	4.228853E-1	9.240311E+1	4.252794E-1	9.017856E+1	-6.378857E-3	3.859745E-2
6.428906E+0	4.235170E-1	8.892561E+1	4.258874E-1	8.671082E+1	-6.308659E-3	3.843066E-2
6.430078E+0	4.241408E-1	8.544871E+1	4.264769E-1	8.324373E+1	-6.214039E-3	3.826391E-2
6.431250E+0	4.246849E-1	8.197235E+1	4.270085E-1	7.977356E+1	-6.173844E-3	3.815793E-2
6.432422E+0	4.252174E-1	7.849544E+1	4.275246E-1	7.630395E+1	-6.124094E-3	3.803303E-2
6.433594E+0	4.256962E-1	7.501691E+1	4.279947E-1	7.283557E+1	-6.091137E-3	3.785796E-2
6.434766E+0	4.261382E-1	7.153933E+1	4.284084E-1	6.936617E+1	-6.014549E-3	3.771876E-2
6.435938E+0	4.265623E-1	6.806345E+1	4.288124E-1	6.589741E+1	-5.958040E-3	3.759720E-2
6.437109E+0	4.269363E-1	6.458717E+1	4.291711E-1	6.242935E+1	-5.912649E-3	3.745610E-2
6.438281E+0	4.272984E-1	6.111351E+1	4.295180E-1	5.896343E+1	-5.868032E-3	3.732329E-2
6.439453E+0	4.276468E-1	5.763890E+1	4.298570E-1	5.549794E+1	-5.836178E-3	3.716602E-2
6.440625E+0	4.279704E-1	5.416646E+1	4.301660E-1	5.203111E+1	-5.794936E-3	3.707008E-2
6.441797E+0	4.282632E-1	5.069643E+1	4.304604E-1	4.856717E+1	-5.791228E-3	3.696440E-2
6.442969E+0	4.285706E-1	4.722468E+1	4.307495E-1	4.510652E+1	-5.738207E-3	3.677349E-2
6.444141E+0	4.288593E-1	4.375177E+1	4.309933E-1	4.164187E+1	-5.625949E-3	3.663409E-2
6.445312E+0	4.291237E-1	4.028231E+1	4.312739E-1	3.818066E+1	-5.655003E-3	3.648965E-2
6.446484E+0	4.293878E-1	3.681205E+1	4.315145E-1	3.471736E+1	-5.593377E-3	3.637095E-2
6.447656E+0	4.296534E-1	3.333986E+1	4.317604E-1	3.125529E+1	-5.538566E-3	3.619708E-2
6.448828E+0	4.299001E-1	2.986873E+1	4.320090E-1	2.779060E+1	-5.536093E-3	3.608524E-2
6.450000E+0	4.301645E-1	2.639552E+1	4.322554E-1	2.432463E+1	-5.487145E-3	3.596118E-2
6.451172E+0	4.303767E-1	2.292285E+1	4.324889E-1	2.086270E+1	-5.527030E-3	3.577309E-2
6.452344E+0	4.306358E-1	1.944878E+1	4.327384E-1	1.739389E+1	-5.498766E-3	3.568269E-2
6.453516E+0	4.308807E-1	1.596951E+1	4.329706E-1	1.392508E+1	-5.460350E-3	3.550227E-2
6.454688E+0	4.311232E-1	1.249091E+1	4.331934E-1	1.045130E+1	-5.409439E-3	3.542031E-2
6.455859E+0	4.313381E-1	9.008897E+0	4.334381E-1	6.976517E+0	-5.470990E-3	3.529246E-2
6.457031E+0	4.315352E-1	5.520443E+0	4.336505E-1	3.496654E+0	-5.498598E-3	3.514218E-2
6.458203E+0	4.317433E-1	2.028674E+0	4.338387E-1	1.238016E-2	-5.446053E-3	3.501377E-2
6.459375E+0	4.319243E-1	-1.466570E+0	4.340254E-1	-3.475558E+0	-5.452645E-3	3.488656E-2
6.460547E+0	4.320787E-1	-4.967663E+0	4.341820E-1	-6.970709E+0	-5.452352E-3	3.478331E-2
6.461719E+0	4.321682E-1	-8.471218E+0	4.342965E-1	-1.046917E+1	-5.505516E-3	3.469292E-2
6.462891E+0	4.322326E-1	-1.198215E+1	4.343570E-1	-1.397167E+1	-5.490766E-3	3.454690E-2
6.464063E+0	4.322638E-1	-1.549723E+1	4.343984E-1	-1.747856E+1	-5.508838E-3	3.440395E-2
6.465234E+0	4.322574E-1	-1.901322E+1	4.343669E-1	-2.098896E+1	-5.448092E-3	3.430890E-2
6.466406E+0	4.321634E-1	-2.253417E+1	4.342890E-1	-2.450376E+1	-5.482336E-3	3.420084E-2
6.467578E+0	4.320100E-1	-2.605823E+1	4.341632E-1	-2.802373E+1	-5.544847E-3	3.412762E-2
6.468750E+0	4.317891E-1	-2.958123E+1	4.339365E-1	-3.154138E+1	-5.530896E-3	3.403513E-2
6.469922E+0	4.314957E-1	-3.310966E+1	4.336637E-1	-3.506432E+1	-5.578225E-3	3.393812E-2
6.471094E+0	4.311211E-1	-3.663721E+1	4.332976E-1	-3.858536E+1	-5.598203E-3	3.382432E-2
6.472266E+0	4.306842E-1	-4.016386E+1	4.328607E-1	-4.210752E+1	-5.600622E-3	3.374622E-2
6.473438E+0	4.301616E-1	-4.368936E+1	4.323600E-1	-4.562765E+1	-5.653907E-3	3.365111E-2
6.474609E+0	4.295672E-1	-4.721246E+1	4.317608E-1	-4.914458E+1	-5.646230E-3	3.354417E-2
6.475781E+0	4.288708E-1	-5.073280E+1	4.310859E-1	-5.265966E+1	-5.700950E-3	3.345094E-2
6.476953E+0	4.281149E-1	-5.424889E+1	4.303351E-1	-5.617178E+1	-5.719440E-3	3.338135E-2
6.478125E+0	4.272661E-1	-5.775918E+1	4.294952E-1	-5.967661E+1	-5.747057E-3	3.328557E-2
6.479297E+0	4.263409E-1	-6.126042E+1	4.285885E-1	-6.317478E+1	-5.799389E-3	3.323048E-2
6.480469E+0	4.253711E-1	-6.475689E+1	4.276222E-1	-6.666772E+1	-5.817368E-3	3.316856E-2
6.481641E+0	4.243337E-1	-6.824470E+1	4.266077E-1	-7.015255E+1	-5.881805E-3	3.311465E-2
6.482813E+0	4.232457E-1	-7.172366E+1	4.255233E-1	-7.362987E+1	-5.902890E-3	3.308546E-2
6.483984E+0	4.221157E-1	-7.519558E+1	4.244183E-1	-7.709462E+1	-5.971557E-3	3.295865E-2
6.485156E+0	4.209697E-1	-7.865333E+1	4.232670E-1	-8.055260E+1	-5.973923E-3	3.296256E-2
6.486328E+0	4.198008E-1	-8.210301E+1	4.221003E-1	-8.400262E+1	-5.994322E-3	3.296779E-2
6.487500E+0	4.186249E-1	-8.554060E+1	4.209420E-1	-8.743859E+1	-6.050160E-3	3.293780E-2
6.488672E+0	4.174421E-1	-8.896779E+1	4.197818E-1	-9.086287E+1	-6.117502E-3	3.288504E-2
6.489844E+0	4.162962E-1	-9.237949E+1	4.186271E-1	-9.427596E+1	-6.112656E-3	3.290934E-2
6.491016E+0	4.151627E-1	-9.577596E+1	4.175055E-1	-9.767211E+1	-6.155909E-3	3.290235E-2
6.492187E+0	4.140661E-1	-9.915475E+1	4.164083E-1	-1.010501E+2	-6.168787E-3	3.288803E-2
6.493359E+0	4.130220E-1	-1.025131E+2	4.153607E-1	-1.044091E+2	-6.174917E-3	3.289912E-2
6.494531E+0	4.119928E-1	-1.058498E+2	4.143548E-1	-1.077441E+2	-6.243804E-3	3.286732E-2
6.495703E+0	4.110484E-1	-1.091658E+2	4.133994E-1	-1.110616E+2	-6.231238E-3	3.289378E-2
6.496875E+0	4.101795E-1	-1.124576E+2	4.125202E-1	-1.143547E+2	-6.219144E-3	3.291675E-2
6.498047E+0	4.093702E-1	-1.157280E+2	4.116905E-1	-1.176283E+2	-6.182888E-3	3.297352E-2
6.499219E+0	4.086389E-1	-1.189809E+2	4.109502E-1	-1.208806E+2	-6.170802E-3	3.296350E-2
6.500391E+0	4.080007E-1	-1.222132E+2	4.102939E-1	-1.241164E+2	-6.137718E-3	3.302538E-2
6.501563E+0	4.074677E-1	-1.254319E+2	4.097303E-1	-1.273340E+2	-6.070126E-3	3.300852E-2
6.502734E+0	4.070184E-1	-1.286351E+2	4.092564E-1	-1.305383E+2	-6.017075E-3	3.302939E-2
6.503906E+0	4.066556E-1	-1.318282E+2	4.088739E-1	-1.337330E+2	-5.974956E-3	3.305857E-2
6.505078E+0	4.064091E-1	-1.350109E+2	4.085985E-1	-1.369182E+2	-5.909364E-3	3.310418E-2
6.506250E+0	4.062616E-1	-1.381881E+2	4.084219E-1	-1.400920E+2	-5.838507E-3	3.304748E-2
6.507422E+0	4.062031E-1	-1.413580E+2	4.083307E-1	-1.432664E+2	-5.762248E-3	3.312819E-2
6.508594E+0	4.062471E-1	-1.445294E+2	4.083436E-1	-1.464399E+2	-5.687180E-3	3.316717E-2
6.509766E+0	4.064130E-1	-1.477073E+2	4.084641E-1	-1.496135E+2	-5.572093E-3	3.309630E-2
6.510938E+0	4.066570E-1	-1.508904E+2	4.086814E-1	-1.527949E+2	-5.503147E-3	3.306905E-2
6.512109E+0	4.070069E-1	-1.540841E+2	4.089698E-1	-1.559903E+2	-5.350343E-3	3.310368E-2
6.513281E+0	4.074511E-1	-1.572940E+2	4.093839E-1	-1.591953E+2	-5.269178E-3	3.302121E-2
6.514453E+0	4.079671E-1	-1.605159E+2	4.098510E-1	-1.624177E+2	-5.144843E-3	3.303403E-2
6.515625E+0	4.085848E-1	-1.637585E+2	4.104368E-1	-1.656553E+2	-5.057727E-3	3.295001E-2
6.516797E+0	4.093153E-1	-1.670143E+2	4.111223E-1	-1.689098E+2	-4.940064E-3	3.293130E-2
6.517969E+0	4.101021E-1	-1.702888E+2	4.118748E-1	-1.721775E+2	-4.844904E-3	3.281621E-2
6.519141E+0	4.109802E-1	-1.735755E+2	4.127026E-1	-1.754623E+2	-4.713375E-3	3.278751E-2
6.520313E+0	4.119240E-1	-1.768761E+2	4.136116E-1	-1.787582E+2	-4.617430E-3	3.270893E-2
6.521484E+0	4.129467E-1	1.798088E+2	4.145903E-1	1.779312E+2	-4.499166E-3	3.263455E-2
6.522656E+0	4.140213E-1	1.764797E+2	4.156473E-1	1.746077E+2	-4.443583E-3	3.253896E-2
6.523828E+0	4.151709E-1	1.731359E+2	4.167456E-1	1.712717E+2	-4.305827E-3	3.240777E-2
6.525000E+0	4.163435E-1	1.697811E+2	4.178915E-1	1.679211E+2	-4.229240E-3	3.233719E-2
6.526172E+0	4.175661E-1	1.664114E+2	4.190831E-1	1.645581E+2	-4.141006E-3	3.222348E-2
6.527344E+0	4.188243E-1	1.630288E+2	4.202916E-1	1.611803E+2	-4.009717E-3	3.214420E-2
6.528516E+0	4.200837E-1	1.596308E+2	4.215547E-1	1.577918E+2	-4.002719E-3	3.197911E-2
6.529688E+0	4.213717E-1	1.562194E+2	4.228057E-1	1.543884E+2	-3.900478E-3	3.184317E-2
6.530859E+0	4.226680E-1	1.527938E+2	4.240828E-1	1.509698E+2	-3.841135E-3	3.172324E-2
6.532031E+0	4.239474E-1	1.493551E+2	4.253528E-1	1.475366E+2	-3.806051E-3	3.162863E-2
6.533203E+0	4.252343E-1	1.459005E+2	4.265857E-1	1.440898E+2	-3.665686E-3	3.149732E-2
6.534375E+0	4.264666E-1	1.424315E+2	4.278295E-1	1.406293E+2	-3.678686E-3	3.134895E-2
6.535547E+0	4.276700E-1	1.389494E+2	4.290188E-1	1.371538E+2	-3.633405E-3	3.123549E-2
6.536719E+0	4.288054E-1	1.354529E+2	4.301524E-1	1.336651E+2	-3.616698E-3	3.110024E-2
6.537891E+0	4.298913E-1	1.319447E+2	4.312477E-1	1.301639E+2	-3.626743E-3	3.097808E-2
6.539062E+0	4.309074E-1	1.284245E+2	4.322571E-1	1.266498E+2	-3.600617E-3	3.087271E-2
6.540234E+0	4.318219E-1	1.248923E+2	4.331881E-1	1.231258E+2	-3.627572E-3	3.072914E-2
6.541406E+0	4.326449E-1	1.213496E+2	4.340202E-1	1.195913E+2	-3.638098E-3	3.058608E-2
6.542578E+0	4.333726E-1	1.178015E+2	4.347556E-1	1.160500E+2	-3.646820E-3	3.046745E-2
6.543750E+0	4.339836E-1	1.142476E+2	4.353758E-1	1.125003E+2	-3.661182E-3	3.039391E-2
6.544922E+0	4.344768E-1	1.106845E+2	4.358833E-1	1.089458E+2	-3.685701E-3	3.024348E-2
6.546094E+0	4.348853E-1	1.071206E+2	4.362649E-1	1.053879E+2	-3.618087E-3	3.014109E-2
6.547266E+0	4.351342E-1	1.035541E+2	4.365565E-1	1.018279E+2	-3.710329E-3	3.002517E-2
6.548438E+0	4.352694E-1	9.999111E+1	4.367137E-1	9.826730E+1	-3.758259E-3	2.998214E-2
6.549609E+0	4.352969E-1	9.642726E+1	4.367330E-1	9.470650E+1	-3.737751E-3	2.992967E-2
6.550781E+0	4.351781E-1	9.286725E+1	4.366452E-1	9.115092E+1	-3.807065E-3	2.985050E-2
6.551953E+0	4.349658E-1	8.931247E+1	4.364536E-1	8.760143E+1	-3.853194E-3	2.975706E-2
6.553125E+0	4.346545E-1	8.576698E+1	4.361275E-1	8.405778E+1	-3.820866E-3	2.972600E-2
6.554297E+0	4.342108E-1	8.222546E+1	4.357396E-1	8.052122E+1	-3.949303E-3	2.963587E-2
6.555469E+0	4.336910E-1	7.869777E+1	4.352373E-1	7.699622E+1	-3.992151E-3	2.958779E-2
6.556641E+0	4.331159E-1	7.517991E+1	4.346346E-1	7.347997E+1	-3.932770E-3	2.956154E-2
6.557813E+0	4.324487E-1	7.167502E+1	4.339931E-1	6.997945E+1	-3.994873E-3	2.948367E-2
6.558984E+0	4.317172E-1	6.818163E+1	4.332734E-1	6.648724E+1	-4.027397E-3	2.946217E-2
6.560156E+0	4.309417E-1	6.470358E+1	4.325108E-1	6.301304E+1	-4.061563E-3	2.939418E-2
6.561328E+0	4.301442E-1	6.124073E+1	4.317309E-1	5.954988E+1	-4.109021E-3	2.939817E-2
6.562500E+0	4.293104E-1	5.779070E+1	4.309342E-1	5.609967E+1	-4.201959E-3	2.939856E-2
6.563672E+0	4.285064E-1	5.435464E+1	4.301070E-1	5.266883E+1	-4.152612E-3	2.930921E-2
6.564844E+0	4.276800E-1	5.093388E+1	4.292903E-1	4.924783E+1	-4.182397E-3	2.931251E-2
6.566016E+0	4.268769E-1	4.753090E+1	4.284957E-1	4.584301E+1	-4.210120E-3	2.934370E-2
6.567188E+0	4.261110E-1	4.413864E+1	4.277253E-1	4.245025E+1	-4.206662E-3	2.935250E-2
6.568359E+0	4.253871E-1	4.075802E+1	4.270084E-1	3.907084E+1	-4.228762E-3	2.933080E-2
6.569531E+0	4.247091E-1	3.739149E+1	4.263206E-1	3.570380E+1	-4.212169E-3	2.934016E-2
6.570703E+0	4.240973E-1	3.403566E+1	4.257036E-1	3.234903E+1	-4.204892E-3	2.932194E-2
6.571875E+0	4.235516E-1	3.069064E+1	4.251550E-1	2.900165E+1	-4.204150E-3	2.936301E-2
6.573047E+0	4.230576E-1	2.735406E+1	4.246581E-1	2.566586E+1	-4.201330E-3	2.934935E-2
6.574219E+0	4.226877E-1	2.402549E+1	4.242437E-1	2.233556E+1	-4.101049E-3	2.938240E-2
6.575391E+0	4.223833E-1	2.070469E+1	4.239246E-1	1.901520E+1	-4.068922E-3	2.937570E-2
6.576563E+0	4.221341E-1	1.738975E+1	4.236791E-1	1.570018E+1	-4.079799E-3	2.937677E-2
6.577734E+0	4.220118E-1	1.407719E+1	4.235290E-1	1.238776E+1	-4.015408E-3	2.937623E-2
6.578906E+0	4.219824E-1	1.076815E+1	4.234749E-1	9.080420E+0	-3.956693E-3	2.934838E-2
6.580078E+0	4.220478E-1	7.458665E+0	4.235358E-1	5.771700E+0	-3.945174E-3	2.933541E-2
6.581250E+0	4.222040E-1	4.149844E+0	4.236611E-1	2.464697E+0	-3.870301E-3	2.930598E-2
6.582422E+0	4.224660E-1	8.396438E-1	4.238954E-1	-8.470845E-1	-3.803892E-3	2.933545E-2
6.583594E+0	4.228111E-1	-2.475527E+0	4.242205E-1	-4.157333E+0	-3.751668E-3	2.925133E-2
6.584766E+0	4.232442E-1	-5.793190E+0	4.246210E-1	-7.474633E+0	-3.671609E-3	2.924736E-2
6.585937E+0	4.237492E-1	-9.118955E+0	4.251260E-1	-1.079789E+1	-3.666479E-3	2.920386E-2
6.587109E+0	4.243592E-1	-1.245074E+1	4.257057E-1	-1.412763E+1	-3.589884E-3	2.917052E-2
6.588281E+0	4.250356E-1	-1.579267E+1	4.263525E-1	-1.746488E+1	-3.513312E-3	2.909129E-2
6.589453E+0	4.257852E-1	-1.913993E+1	4.270709E-1	-2.081189E+1	-3.434967E-3	2.908923E-2
6.590625E+0	4.266000E-1	-2.250003E+1	4.278490E-1	-2.416543E+1	-3.340428E-3	2.897778E-2
6.591797E+0	4.274631E-1	-2.586922E+1	4.287066E-1	-2.753234E+1	-3.320615E-3	2.893866E-2
6.592969E+0	4.283783E-1	-2.925151E+1	4.296052E-1	-3.091031E+1	-3.273747E-3	2.886481E-2
6.594141E+0	4.293382E-1	-3.264420E+1	4.305454E-1	-3.429897E+1	-3.219749E-3	2.879620E-2
6.595313E+0	4.303305E-1	-3.605227E+1	4.315200E-1	-3.770106E+1	-3.169418E-3	2.869353E-2
6.596484E+0	4.313417E-1	-3.947190E+1	4.325041E-1	-4.111842E+1	-3.099380E-3	2.865602E-2
6.597656E+0	4.323590E-1	-4.290520E+1	4.335198E-1	-4.454617E+1	-3.086625E-3	2.855974E-2
6.598828E+0	4.333869E-1	-4.635393E+1	4.345392E-1	-4.798984E+1	-3.058275E-3	2.847243E-2
6.600000E+0	4.344138E-1	-4.981544E+1	4.355593E-1	-5.144397E+1	-3.032802E-3	2.834464E-2
