6.201172E+0	4.255840E-1	2.680408E+1	4.308698E-1	2.854624E+1	-1.272431E-2	-3.002878E-2
6.202344E+0	4.261947E-1	2.317622E+1	4.315581E-1	2.493753E+1	-1.289458E-2	-3.035383E-2
6.203516E+0	4.266204E-1	1.954153E+1	4.320936E-1	2.131825E+1	-1.314137E-2	-3.061192E-2
6.204688E+0	4.268779E-1	1.589997E+1	4.324905E-1	1.769146E+1	-1.345984E-2	-3.085660E-2
6.205859E+0	4.269997E-1	1.225880E+1	4.327368E-1	1.405486E+1	-1.374248E-2	-3.092650E-2
6.207031E+0	4.269561E-1	8.613584E+0	4.328107E-1	1.041549E+1	-1.401473E-2	-3.101867E-2
6.208203E+0	4.267667E-1	4.972194E+0	4.326977E-1	6.773245E+0	-1.419427E-2	-3.099829E-2
6.209375E+0	4.264271E-1	1.330147E+0	4.324211E-1	3.129594E+0	-1.434779E-2	-3.096585E-2
6.210547E+0	4.259230E-1	-2.309932E+0	4.319637E-1	-5.082830E-1	-1.447171E-2	-3.099987E-2
6.211719E+0	4.252628E-1	-5.945883E+0	4.313184E-1	-4.142869E+0	-1.452789E-2	-3.102160E-2
6.212891E+0	4.244296E-1	-9.577696E+0	4.304984E-1	-7.771183E+0	-1.458716E-2	-3.107997E-2
6.214063E+0	4.234623E-1	-1.319830E+1	4.295163E-1	-1.138882E+1	-1.458655E-2	-3.113107E-2
6.215234E+0	4.222957E-1	-1.680995E+1	4.283888E-1	-1.499307E+1	-1.471888E-2	-3.125427E-2
6.216406E+0	4.210078E-1	-2.040174E+1	4.271078E-1	-1.858467E+1	-1.477777E-2	-3.125567E-2
6.217578E+0	4.195763E-1	-2.397509E+1	4.256903E-1	-2.215639E+1	-1.485906E-2	-3.128115E-2
6.218750E+0	4.180216E-1	-2.752810E+1	4.241435E-1	-2.571304E+1	-1.492805E-2	-3.121631E-2
6.219922E+0	4.164013E-1	-3.106235E+1	4.225043E-1	-2.924502E+1	-1.494054E-2	-3.125498E-2
6.221094E+0	4.146694E-1	-3.457012E+1	4.207815E-1	-3.275583E+1	-1.501961E-2	-3.120016E-2
6.222266E+0	4.129110E-1	-3.805080E+1	4.189989E-1	-3.624381E+1	-1.501969E-2	-3.107454E-2
6.223438E+0	4.111367E-1	-4.150798E+1	4.171594E-1	-3.970546E+1	-1.492509E-2	-3.100060E-2
6.224609E+0	4.093612E-1	-4.494041E+1	4.153054E-1	-4.314231E+1	-1.479819E-2	-3.092851E-2
6.225781E+0	4.075964E-1	-4.835063E+1	4.134279E-1	-4.655416E+1	-1.458981E-2	-3.090699E-2
6.226953E+0	4.058637E-1	-5.173699E+1	4.115727E-1	-4.994175E+1	-1.435521E-2	-3.089317E-2
6.228125E+0	4.041670E-1	-5.510477E+1	4.097554E-1	-5.330061E+1	-1.412734E-2	-3.105395E-2
6.229297E+0	4.025145E-1	-5.844775E+1	4.079825E-1	-5.663710E+1	-1.389514E-2	-3.117307E-2
6.230469E+0	4.009537E-1	-6.176690E+1	4.062856E-1	-5.994997E+1	-1.361969E-2	-3.129000E-2
6.231641E+0	3.994513E-1	-6.507059E+1	4.046698E-1	-6.323938E+1	-1.339981E-2	-3.154312E-2
6.232813E+0	3.980222E-1	-6.834943E+1	4.031579E-1	-6.650685E+1	-1.324915E-2	-3.174395E-2
6.233984E+0	3.967099E-1	-7.160728E+1	4.017439E-1	-6.975754E+1	-1.304493E-2	-3.187398E-2
6.235156E+0	3.955171E-1	-7.484586E+1	4.004879E-1	-7.298650E+1	-1.293184E-2	-3.204354E-2
6.236328E+0	3.944906E-1	-7.806975E+1	3.993392E-1	-7.619984E+1	-1.266760E-2	-3.223411E-2
6.237500E+0	3.936301E-1	-8.128204E+1	3.983250E-1	-7.940089E+1	-1.231918E-2	-3.243945E-2
6.238672E+0	3.928983E-1	-8.448824E+1	3.974736E-1	-8.259178E+1	-1.205239E-2	-3.271249E-2
6.239844E+0	3.923388E-1	-8.768510E+1	3.967785E-1	-8.577157E+1	-1.174077E-2	-3.301756E-2
6.241016E+0	3.919218E-1	-9.087642E+1	3.962289E-1	-8.894476E+1	-1.143231E-2	-3.334103E-2
6.242187E+0	3.916958E-1	-9.406691E+1	3.958443E-1	-9.211140E+1	-1.105640E-2	-3.376584E-2
6.243359E+0	3.916326E-1	-9.725922E+1	3.956251E-1	-9.527592E+1	-1.068462E-2	-3.425895E-2
6.244531E+0	3.916945E-1	-1.004563E+2	3.955618E-1	-9.843944E+1	-1.039016E-2	-3.484950E-2
6.245703E+0	3.919191E-1	-1.036583E+2	3.956710E-1	-1.016042E+2	-1.011885E-2	-3.550325E-2
6.246875E+0	3.922683E-1	-1.068662E+2	3.959253E-1	-1.047748E+2	-9.896556E-3	-3.615663E-2
6.248047E+0	3.927468E-1	-1.100878E+2	3.963402E-1	-1.079535E+2	-9.753886E-3	-3.690430E-2
6.249219E+0	3.933384E-1	-1.133151E+2	3.968837E-1	-1.111383E+2	-9.648019E-3	-3.764389E-2
6.250391E+0	3.940218E-1	-1.165599E+2	3.975771E-1	-1.143327E+2	-9.691081E-3	-3.851466E-2
6.251563E+0	3.947959E-1	-1.198125E+2	3.984141E-1	-1.175384E+2	-9.861919E-3	-3.931976E-2
6.252734E+0	3.956573E-1	-1.230713E+2	3.993553E-1	-1.207604E+2	-1.006565E-2	-3.994850E-2
6.253906E+0	3.966230E-1	-1.263396E+2	4.004270E-1	-1.239962E+2	-1.032820E-2	-4.050021E-2
6.255078E+0	3.976989E-1	-1.296219E+2	4.015964E-1	-1.272499E+2	-1.055353E-2	-4.098572E-2
6.256250E+0	3.988944E-1	-1.329249E+2	4.028601E-1	-1.305237E+2	-1.071327E-2	-4.148416E-2
6.257422E+0	4.001850E-1	-1.362496E+2	4.041850E-1	-1.338131E+2	-1.079156E-2	-4.209141E-2
6.258594E+0	4.015097E-1	-1.395955E+2	4.055954E-1	-1.371256E+2	-1.099298E-2	-4.266043E-2
6.259766E+0	4.028743E-1	-1.429643E+2	4.070377E-1	-1.404545E+2	-1.117798E-2	-4.334236E-2
6.260938E+0	4.042638E-1	-1.463500E+2	4.085260E-1	-1.438069E+2	-1.140772E-2	-4.390797E-2
6.262109E+0	4.056779E-1	-1.497600E+2	4.100391E-1	-1.471807E+2	-1.163839E-2	-4.452343E-2
6.263281E+0	4.070536E-1	-1.531924E+2	4.115459E-1	-1.505762E+2	-1.194659E-2	-4.514719E-2
6.264453E+0	4.084265E-1	-1.566429E+2	4.130620E-1	-1.539937E+2	-1.227904E-2	-4.570209E-2
6.265625E+0	4.097664E-1	-1.601114E+2	4.145285E-1	-1.574299E+2	-1.257038E-2	-4.624647E-2
6.266797E+0	4.110725E-1	-1.636035E+2	4.159656E-1	-1.608891E+2	-1.287203E-2	-4.680042E-2
6.267969E+0	4.122963E-1	-1.671124E+2	4.173214E-1	-1.643651E+2	-1.317683E-2	-4.735391E-2
6.269141E+0	4.134740E-1	-1.706430E+2	4.186454E-1	-1.678616E+2	-1.351620E-2	-4.792610E-2
6.270313E+0	4.145373E-1	-1.741922E+2	4.198529E-1	-1.713747E+2	-1.385415E-2	-4.853250E-2
6.271484E+0	4.154793E-1	-1.777584E+2	4.209736E-1	-1.749037E+2	-1.427617E-2	-4.915330E-2
6.272656E+0	4.162817E-1	1.786646E+2	4.219698E-1	-1.784455E+2	-1.473447E-2	-4.973727E-2
6.273828E+0	4.169137E-1	1.750793E+2	4.228458E-1	1.779996E+2	-1.530940E-2	-5.023205E-2
6.275000E+0	4.174306E-1	1.714887E+2	4.235790E-1	1.744341E+2	-1.581723E-2	-5.063843E-2
6.276172E+0	4.178248E-1	1.678893E+2	4.241845E-1	1.708610E+2	-1.631734E-2	-5.106543E-2
6.277344E+0	4.180618E-1	1.642849E+2	4.246303E-1	1.672837E+2	-1.681694E-2	-5.150579E-2
6.278516E+0	4.181498E-1	1.606798E+2	4.249215E-1	1.637016E+2	-1.730465E-2	-5.187581E-2
6.279688E+0	4.180781E-1	1.570761E+2	4.250574E-1	1.601191E+2	-1.780654E-2	-5.221376E-2
6.280859E+0	4.179053E-1	1.534708E+2	4.250473E-1	1.565359E+2	-1.820937E-2	-5.257212E-2
6.282031E+0	4.175511E-1	1.498640E+2	4.248781E-1	1.529591E+2	-1.867850E-2	-5.306230E-2
6.283203E+0	4.170376E-1	1.462620E+2	4.245616E-1	1.493857E+2	-1.918126E-2	-5.352615E-2
6.284375E+0	4.163506E-1	1.426665E+2	4.241044E-1	1.458220E+2	-1.977122E-2	-5.403963E-2
6.285547E+0	4.154850E-1	1.390882E+2	4.235175E-1	1.422689E+2	-2.047743E-2	-5.443284E-2
6.286719E+0	4.144689E-1	1.355297E+2	4.228027E-1	1.387247E+2	-2.123458E-2	-5.463580E-2
6.287891E+0	4.133353E-1	1.319942E+2	4.219798E-1	1.351979E+2	-2.201640E-2	-5.474112E-2
6.289062E+0	4.121679E-1	1.284815E+2	4.210696E-1	1.316856E+2	-2.267087E-2	-5.471134E-2
6.290234E+0	4.109740E-1	1.249878E+2	4.200664E-1	1.281918E+2	-2.317445E-2	-5.468144E-2
6.291406E+0	4.097477E-1	1.215100E+2	4.190006E-1	1.247165E+2	-2.361426E-2	-5.469955E-2
6.292578E+0	4.085205E-1	1.180496E+2	4.178928E-1	1.212577E+2	-2.395951E-2	-5.470755E-2
6.293750E+0	4.072624E-1	1.146043E+2	4.167408E-1	1.178224E+2	-2.428517E-2	-5.486013E-2
6.294922E+0	4.059942E-1	1.111727E+2	4.155990E-1	1.144056E+2	-2.466541E-2	-5.509149E-2
6.296094E+0	4.046879E-1	1.077641E+2	4.144216E-1	1.110078E+2	-2.505191E-2	-5.525402E-2
6.297266E+0	4.034007E-1	1.043780E+2	4.132864E-1	1.076330E+2	-2.549442E-2	-5.542175E-2
6.298438E+0	4.021379E-1	1.010155E+2	4.121894E-1	1.042758E+2	-2.596470E-2	-5.548540E-2
6.299609E+0	4.009497E-1	9.767368E+1	4.111217E-1	1.009390E+2	-2.632542E-2	-5.555044E-2
6.300781E+0	3.998417E-1	9.435454E+1	4.101326E-1	9.761988E+1	-2.667445E-2	-5.553087E-2
6.301953E+0	3.988468E-1	9.104998E+1	4.092266E-1	9.431580E+1	-2.694726E-2	-5.552348E-2
6.303125E+0	3.979709E-1	8.775777E+1	4.084036E-1	9.102991E+1	-2.713374E-2	-5.562050E-2
6.304297E+0	3.972215E-1	8.447589E+1	4.076873E-1	8.775844E+1	-2.726972E-2	-5.579004E-2
6.305469E+0	3.965783E-1	8.120206E+1	4.070762E-1	8.449793E+1	-2.739992E-2	-5.600943E-2
6.306641E+0	3.960616E-1	7.793537E+1	4.065808E-1	8.124815E+1	-2.750016E-2	-5.629163E-2
6.307813E+0	3.956282E-1	7.467036E+1	4.062204E-1	7.800954E+1	-2.772852E-2	-5.672792E-2
6.308984E+0	3.952857E-1	7.141851E+1	4.059913E-1	7.477909E+1	-2.804330E-2	-5.707382E-2
6.310156E+0	3.950605E-1	6.816924E+1	4.058862E-1	7.155235E+1	-2.836801E-2	-5.743815E-2
6.311328E+0	3.949724E-1	6.493037E+1	4.059319E-1	6.832893E+1	-2.870957E-2	-5.768079E-2
6.312500E+0	3.950581E-1	6.169135E+1	4.061230E-1	6.510501E+1	-2.897119E-2	-5.792207E-2
6.313672E+0	3.952795E-1	5.845095E+1	4.064512E-1	6.188057E+1	-2.922769E-2	-5.817815E-2
6.314844E+0	3.956533E-1	5.520267E+1	4.069245E-1	5.865542E+1	-2.946342E-2	-5.855724E-2
6.316016E+0	3.961654E-1	5.195135E+1	4.075589E-1	5.542218E+1	-2.973844E-2	-5.884793E-2
6.317188E+0	3.968401E-1	4.868556E+1	4.082994E-1	5.218242E+1	-2.987553E-2	-5.928199E-2
6.318359E+0	3.976135E-1	4.541084E+1	4.091886E-1	4.893466E+1	-3.012512E-2	-5.972482E-2
6.319531E+0	3.985426E-1	4.212109E+1	4.101998E-1	4.567410E+1	-3.028583E-2	-6.021085E-2
6.320703E+0	3.995867E-1	3.881656E+1	4.113387E-1	4.239994E+1	-3.046937E-2	-6.071535E-2
6.321875E+0	4.007389E-1	3.548627E+1	4.125748E-1	3.911217E+1	-3.063222E-2	-6.142739E-2
6.323047E+0	4.019477E-1	3.213427E+1	4.139272E-1	3.580849E+1	-3.093704E-2	-6.222865E-2
6.324219E+0	4.031982E-1	2.876179E+1	4.153575E-1	3.248834E+1	-3.132679E-2	-6.309205E-2
6.325391E+0	4.044813E-1	2.537169E+1	4.168853E-1	2.914779E+1	-3.186037E-2	-6.389815E-2
6.326563E+0	4.058007E-1	2.196181E+1	4.184873E-1	2.578889E+1	-3.247774E-2	-6.472207E-2
6.327734E+0	4.071016E-1	1.852309E+1	4.201461E-1	2.240912E+1	-3.327532E-2	-6.566788E-2
6.328906E+0	4.083679E-1	1.506417E+1	4.218391E-1	1.900639E+1	-3.422500E-2	-6.655494E-2
6.330078E+0	4.095471E-1	1.159871E+1	4.235417E-1	1.558377E+1	-3.537975E-2	-6.720007E-2
6.331250E+0	4.107060E-1	8.124148E+0	4.252898E-1	1.213580E+1	-3.665758E-2	-6.756034E-2
6.332422E+0	4.118588E-1	4.640612E+0	4.270183E-1	8.669004E+0	-3.788375E-2	-6.775683E-2
6.333594E+0	4.130498E-1	1.140993E+0	4.287308E-1	5.176633E+0	-3.896424E-2	-6.780291E-2
6.334766E+0	4.142323E-1	-2.377945E+0	4.304026E-1	1.661440E+0	-3.996098E-2	-6.779566E-2
6.335937E+0	4.153935E-1	-5.918623E+0	4.320375E-1	-1.873892E+0	-4.091919E-2	-6.781792E-2
6.337109E+0	4.165106E-1	-9.482351E+0	4.335728E-1	-5.432413E+0	-4.175142E-2	-6.784660E-2
6.338281E+0	4.175309E-1	-1.305967E+1	4.350297E-1	-9.011412E+0	-4.261907E-2	-6.775695E-2
6.339453E+0	4.184594E-1	-1.665488E+1	4.363803E-1	-1.260854E+1	-4.345749E-2	-6.766543E-2
6.340625E+0	4.192844E-1	-2.026509E+1	4.376191E-1	-1.622398E+1	-4.427857E-2	-6.751968E-2
6.341797E+0	4.199980E-1	-2.388623E+1	4.387082E-1	-1.985716E+1	-4.501446E-2	-6.726601E-2
6.342969E+0	4.206230E-1	-2.751799E+1	4.396490E-1	-2.350179E+1	-4.562487E-2	-6.700758E-2
6.344141E+0	4.211406E-1	-3.116411E+1	4.404320E-1	-2.716001E+1	-4.613511E-2	-6.676932E-2
6.345313E+0	4.215228E-1	-3.482262E+1	4.410245E-1	-3.083160E+1	-4.653688E-2	-6.652247E-2
6.346484E+0	4.217549E-1	-3.849575E+1	4.414596E-1	-3.450930E+1	-4.694683E-2	-6.641748E-2
6.347656E+0	4.218377E-1	-4.217807E+1	4.416868E-1	-3.819422E+1	-4.724705E-2	-6.635312E-2
6.348828E+0	4.217182E-1	-4.586202E+1	4.417264E-1	-4.188313E+1	-4.759660E-2	-6.624592E-2
6.350000E+0	4.214275E-1	-4.955145E+1	4.415331E-1	-4.557533E+1	-4.783324E-2	-6.618321E-2
6.351172E+0	4.209888E-1	-5.324228E+1	4.411696E-1	-4.926148E+1	-4.804613E-2	-6.624654E-2
6.352344E+0	4.203495E-1	-5.693412E+1	4.405943E-1	-5.294853E+1	-4.825616E-2	-6.631188E-2
6.353516E+0	4.195148E-1	-6.062902E+1	4.398183E-1	-5.662669E+1	-4.848959E-2	-6.657497E-2
6.354688E+0	4.184524E-1	-6.431437E+1	4.388423E-1	-6.029532E+1	-4.880787E-2	-6.683164E-2
6.355859E+0	4.171373E-1	-6.798434E+1	4.376908E-1	-6.395440E+1	-4.931538E-2	-6.697757E-2
6.357031E+0	4.156419E-1	-7.162386E+1	4.363755E-1	-6.759627E+1	-4.986552E-2	-6.689965E-2
6.358203E+0	4.140536E-1	-7.523678E+1	4.348911E-1	-7.122470E+1	-5.024755E-2	-6.661438E-2
6.359375E+0	4.124299E-1	-7.882978E+1	4.332652E-1	-7.483276E+1	-5.040438E-2	-6.635256E-2
6.360547E+0	4.108006E-1	-8.240484E+1	4.314946E-1	-7.842046E+1	-5.025994E-2	-6.615211E-2
6.361719E+0	4.091577E-1	-8.597003E+1	4.296151E-1	-8.198721E+1	-4.991805E-2	-6.614994E-2
6.362891E+0	4.075083E-1	-8.952129E+1	4.276525E-1	-8.552978E+1	-4.941550E-2	-6.632980E-2
6.364063E+0	4.058514E-1	-9.306608E+1	4.256256E-1	-8.904816E+1	-4.880277E-2	-6.681315E-2
6.365234E+0	4.041445E-1	-9.660788E+1	4.235319E-1	-9.254306E+1	-4.817589E-2	-6.764020E-2
6.366406E+0	4.023314E-1	-1.001445E+2	4.213992E-1	-9.600745E+1	-4.773654E-2	-6.887806E-2
6.367578E+0	4.004002E-1	-1.036656E+2	4.192623E-1	-9.944686E+1	-4.757641E-2	-7.025482E-2
6.368750E+0	3.983507E-1	-1.071612E+2	4.171326E-1	-1.028607E+2	-4.771496E-2	-7.161103E-2
6.369922E+0	3.962119E-1	-1.106283E+2	4.150154E-1	-1.062495E+2	-4.809464E-2	-7.289084E-2
6.371094E+0	3.940623E-1	-1.140585E+2	4.129530E-1	-1.096100E+2	-4.862014E-2	-7.401484E-2
6.372266E+0	3.919898E-1	-1.174577E+2	4.109313E-1	-1.129452E+2	-4.905100E-2	-7.505006E-2
6.373438E+0	3.900184E-1	-1.208363E+2	4.089768E-1	-1.162563E+2	-4.940085E-2	-7.614943E-2
6.374609E+0	3.881211E-1	-1.241948E+2	4.071112E-1	-1.195430E+2	-4.978636E-2	-7.731707E-2
6.375781E+0	3.863709E-1	-1.275383E+2	4.053715E-1	-1.228101E+2	-5.011562E-2	-7.856541E-2
6.376953E+0	3.847293E-1	-1.308786E+2	4.037346E-1	-1.260553E+2	-5.044830E-2	-8.012497E-2
6.378125E+0	3.831259E-1	-1.342131E+2	4.022274E-1	-1.292808E+2	-5.101647E-2	-8.189553E-2
6.379297E+0	3.815582E-1	-1.375385E+2	4.008551E-1	-1.324926E+2	-5.182822E-2	-8.371974E-2
6.380469E+0	3.800434E-1	-1.408527E+2	3.996234E-1	-1.356885E+2	-5.285641E-2	-8.560015E-2
6.381641E+0	3.785123E-1	-1.441525E+2	3.985431E-1	-1.388726E+2	-5.428977E-2	-8.739628E-2
6.382812E+0	3.770077E-1	-1.474226E+2	3.975993E-1	-1.420454E+2	-5.596259E-2	-8.885880E-2
6.383984E+0	3.756526E-1	-1.506644E+2	3.968242E-1	-1.452116E+2	-5.763634E-2	-8.995585E-2
6.385156E+0	3.745007E-1	-1.538921E+2	3.961910E-1	-1.483684E+2	-5.913639E-2	-9.098767E-2
6.386328E+0	3.735439E-1	-1.571161E+2	3.957249E-1	-1.515243E+2	-6.054348E-2	-9.197877E-2
6.387500E+0	3.728074E-1	-1.603487E+2	3.953963E-1	-1.546777E+2	-6.174445E-2	-9.317075E-2
6.388672E+0	3.722239E-1	-1.635966E+2	3.952299E-1	-1.578308E+2	-6.297382E-2	-9.461460E-2
6.389844E+0	3.716831E-1	-1.668574E+2	3.952131E-1	-1.609860E+2	-6.447116E-2	-9.620556E-2
6.391016E+0	3.712019E-1	-1.701208E+2	3.953260E-1	-1.641460E+2	-6.612404E-2	-9.773906E-2
6.392188E+0	3.707809E-1	-1.733874E+2	3.955959E-1	-1.673090E+2	-6.799756E-2	-9.924697E-2
6.393359E+0	3.704519E-1	-1.766638E+2	3.959859E-1	-1.704813E+2	-6.992316E-2	-1.007513E-1
6.394531E+0	3.702030E-1	-1.799513E+2	3.965058E-1	-1.736634E+2	-7.195330E-2	-1.022589E-1
6.395703E+0	3.699810E-1	1.767459E+2	3.971432E-1	-1.768557E+2	-7.419691E-2	-1.038193E-1
6.396875E+0	3.697624E-1	1.734359E+2	3.978945E-1	1.799420E+2	-7.668727E-2	-1.052978E-1
6.398047E+0	3.695715E-1	1.701145E+2	3.987227E-1	1.767285E+2	-7.928023E-2	-1.067589E-1
6.399219E+0	3.693027E-1	1.667887E+2	3.996300E-1	1.735055E+2	-8.223118E-2	-1.080859E-1
6.400391E+0	3.689865E-1	1.634668E+2	4.006000E-1	1.702715E+2	-8.540369E-2	-1.091351E-1
6.401563E+0	3.686400E-1	1.601529E+2	4.016469E-1	1.670234E+2	-8.876971E-2	-1.097950E-1
6.402734E+0	3.683178E-1	1.568461E+2	4.027448E-1	1.637609E+2	-9.213289E-2	-1.101019E-1
6.403906E+0	3.680263E-1	1.535458E+2	4.038854E-1	1.604798E+2	-9.545007E-2	-1.100072E-1
6.405078E+0	3.678223E-1	1.502520E+2	4.050724E-1	1.571859E+2	-9.860045E-2	-1.096225E-1
6.406250E+0	3.677982E-1	1.469591E+2	4.062857E-1	1.538771E+2	-1.013209E-1	-1.090386E-1
6.407422E+0	3.679440E-1	1.436428E+2	4.075013E-1	1.505554E+2	-1.036363E-1	-1.086719E-1
6.408594E+0	3.681521E-1	1.403057E+2	4.087321E-1	1.472182E+2	-1.058299E-1	-1.084044E-1
6.409766E+0	3.684266E-1	1.369394E+2	4.099720E-1	1.438678E+2	-1.078995E-1	-1.084047E-1
6.410938E+0	3.686831E-1	1.335343E+2	4.111957E-1	1.405057E+2	-1.100165E-1	-1.088253E-1
6.412109E+0	3.687789E-1	1.301151E+2	4.124047E-1	1.371297E+2	-1.124771E-1	-1.092037E-1
6.413281E+0	3.687586E-1	1.267062E+2	4.136057E-1	1.337413E+2	-1.151420E-1	-1.091972E-1
6.414453E+0	3.688021E-1	1.232920E+2	4.147488E-1	1.303439E+2	-1.175086E-1	-1.091678E-1
6.415625E+0	3.688685E-1	1.198487E+2	4.158796E-1	1.269370E+2	-1.198191E-1	-1.094498E-1
6.416797E+0	3.688299E-1	1.163816E+2	4.169738E-1	1.235200E+2	-1.223164E-1	-1.099187E-1
6.417969E+0	3.687023E-1	1.129038E+2	4.180100E-1	1.200962E+2	-1.248987E-1	-1.104331E-1
6.419141E+0	3.684808E-1	1.094120E+2	4.190251E-1	1.166628E+2	-1.276558E-1	-1.109886E-1
6.420313E+0	3.680743E-1	1.059023E+2	4.200025E-1	1.132247E+2	-1.307848E-1	-1.116944E-1
6.421484E+0	3.674240E-1	1.024021E+2	4.209254E-1	1.097810E+2	-1.343331E-1	-1.121063E-1
6.422656E+0	3.666646E-1	9.892390E+1	4.217930E-1	1.063319E+2	-1.379560E-1	-1.120824E-1
6.423828E+0	3.658841E-1	9.546384E+1	4.226368E-1	1.028759E+2	-1.415163E-1	-1.116813E-1
6.425000E+0	3.651387E-1	9.199753E+1	4.234063E-1	9.942184E+1	-1.448461E-1	-1.114341E-1
6.426172E+0	3.644189E-1	8.852700E+1	4.241537E-1	9.596061E+1	-1.480538E-1	-1.111567E-1
6.427344E+0	3.637301E-1	8.503820E+1	4.248524E-1	9.249823E+1	-1.511137E-1	-1.111556E-1
6.428516E+0	3.629625E-1	8.151931E+1	4.255091E-1	8.903150E+1	-1.543137E-1	-1.115198E-1
6.429687E+0	3.620231E-1	7.797169E+1	4.261173E-1	8.556377E+1	-1.578621E-1	-1.122467E-1
6.430859E+0	3.607600E-1	7.441735E+1	4.266810E-1	8.209599E+1	-1.620787E-1	-1.129733E-1
6.432031E+0	3.591917E-1	7.088507E+1	4.272074E-1	7.862534E+1	-1.668706E-1	-1.132398E-1
6.433203E+0	3.574501E-1	6.738087E+1	4.277060E-1	7.515536E+1	-1.719441E-1	-1.130540E-1
6.434375E+0	3.556238E-1	6.389995E+1	4.281575E-1	7.168581E+1	-1.770659E-1	-1.125211E-1
6.435547E+0	3.537451E-1	6.042707E+1	4.285708E-1	6.821768E+1	-1.822120E-1	-1.118865E-1
6.436719E+0	3.517054E-1	5.695794E+1	4.289601E-1	6.474902E+1	-1.876662E-1	-1.111471E-1
6.437891E+0	3.495086E-1	5.352425E+1	4.293290E-1	6.128175E+1	-1.933692E-1	-1.098852E-1
6.439063E+0	3.472762E-1	5.013347E+1	4.296519E-1	5.781721E+1	-1.989839E-1	-1.080702E-1
6.440234E+0	3.450433E-1	4.677037E+1	4.299828E-1	5.435050E+1	-2.045540E-1	-1.058544E-1
6.441406E+0	3.429482E-1	4.344706E+1	4.302810E-1	5.088567E+1	-2.096746E-1	-1.031870E-1
6.442578E+0	3.412322E-1	4.011609E+1	4.305688E-1	4.742373E+1	-2.139223E-1	-1.008054E-1
6.443750E+0	3.397201E-1	3.670378E+1	4.308544E-1	4.395955E+1	-2.178339E-1	-9.958414E-2
6.444922E+0	3.379999E-1	3.320475E+1	4.311216E-1	4.049854E+1	-2.223427E-1	-9.953453E-2
6.446094E+0	3.357988E-1	2.966511E+1	4.313800E-1	3.703506E+1	-2.280017E-1	-9.985338E-2
6.447266E+0	3.330820E-1	2.611602E+1	4.316368E-1	3.357011E+1	-2.348494E-1	-1.001103E-1
6.448438E+0	3.298011E-1	2.257885E+1	4.318796E-1	3.010928E+1	-2.429448E-1	-1.000773E-1
6.449609E+0	3.259540E-1	1.906205E+1	4.321205E-1	2.664515E+1	-2.522841E-1	-9.954214E-2
6.450781E+0	3.214544E-1	1.557562E+1	4.323502E-1	2.318185E+1	-2.630373E-1	-9.841338E-2
6.451953E+0	3.177896E-1	1.219116E+1	4.325984E-1	1.971553E+1	-2.717190E-1	-9.619516E-2
6.453125E+0	3.121613E-1	8.960902E+0	4.328396E-1	1.624650E+1	-2.846287E-1	-9.145841E-2
6.454297E+0	3.062831E-1	5.867404E+0	4.330797E-1	1.277623E+1	-2.979142E-1	-8.507146E-2
6.455469E+0	3.001535E-1	2.829870E+0	4.332888E-1	9.301800E+0	-3.116815E-1	-7.808241E-2
6.456641E+0	2.933137E-1	-6.546457E-2	4.335236E-1	5.825990E+0	-3.269929E-1	-6.944707E-2
6.457813E+0	2.855470E-1	-2.569397E+0	4.337409E-1	2.345874E+0	-3.440856E-1	-5.640781E-2
6.458984E+0	2.775065E-1	-4.481710E+0	4.339316E-1	-1.140025E+0	-3.615707E-1	-3.727765E-2
6.460156E+0	2.704494E-1	-5.846642E+0	4.341058E-1	-4.629932E+0	-3.771370E-1	-1.322885E-2
6.461328E+0	2.653823E-1	-6.809227E+0	4.342456E-1	-8.126873E+0	-3.890275E-1	1.405317E-2
6.462500E+0	2.631491E-1	-7.587332E+0	4.343544E-1	-1.162605E+1	-3.956649E-1	4.266963E-2
6.463672E+0	2.640049E-1	-8.524804E+0	4.344201E-1	-1.513144E+1	-3.963176E-1	6.991929E-2
6.464844E+0	2.670022E-1	-9.716186E+0	4.344147E-1	-1.864058E+1	-3.928156E-1	9.534742E-2
6.466016E+0	2.715652E-1	-1.100945E+1	4.343913E-1	-2.215170E+1	-3.866214E-1	1.208099E-1
6.467188E+0	2.782238E-1	-1.255882E+1	4.342865E-1	-2.566920E+1	-3.760528E-1	1.453162E-1
6.468359E+0	2.866527E-1	-1.458747E+1	4.341113E-1	-2.918790E+1	-3.610028E-1	1.664514E-1
6.469531E+0	2.960458E-1	-1.704356E+1	4.338763E-1	-3.270780E+1	-3.430137E-1	1.842282E-1
6.470703E+0	3.062187E-1	-1.992355E+1	4.335859E-1	-3.622854E+1	-3.221577E-1	1.982790E-1
6.471875E+0	3.162853E-1	-2.320039E+1	4.332089E-1	-3.975162E+1	-3.001525E-1	2.079851E-1
6.473047E+0	3.255356E-1	-2.672713E+1	4.327442E-1	-4.327266E+1	-2.788895E-1	2.142261E-1
6.474219E+0	3.339490E-1	-3.042218E+1	4.321936E-1	-4.679327E+1	-2.586436E-1	2.177866E-1
6.475391E+0	3.414440E-1	-3.425742E+1	4.315681E-1	-5.030801E+1	-2.396708E-1	2.187476E-1
6.476562E+0	3.478533E-1	-3.817216E+1	4.308674E-1	-5.382325E+1	-2.226014E-1	2.178010E-1
6.477734E+0	3.531713E-1	-4.210993E+1	4.300925E-1	-5.733352E+1	-2.076635E-1	2.156234E-1
6.478906E+0	3.575436E-1	-4.603189E+1	4.292337E-1	-6.083537E+1	-1.946672E-1	2.128304E-1
6.480078E+0	3.610971E-1	-4.991943E+1	4.283011E-1	-6.433308E+1	-1.834456E-1	2.098629E-1
6.481250E+0	3.640535E-1	-5.376465E+1	4.273162E-1	-6.782293E+1	-1.735633E-1	2.069469E-1
6.482422E+0	3.665461E-1	-5.757474E+1	4.262643E-1	-7.130312E+1	-1.646626E-1	2.040717E-1
6.483594E+0	3.687235E-1	-6.135898E+1	4.251819E-1	-7.477648E+1	-1.564570E-1	2.012326E-1
6.484766E+0	3.706054E-1	-6.511809E+1	4.240599E-1	-7.823979E+1	-1.488728E-1	1.984033E-1
6.485938E+0	3.722154E-1	-6.885814E+1	4.229179E-1	-8.169412E+1	-1.418813E-1	1.955265E-1
6.487109E+0	3.736095E-1	-7.257500E+1	4.217544E-1	-8.513937E+1	-1.353679E-1	1.927037E-1
6.488281E+0	3.748064E-1	-7.626732E+1	4.205855E-1	-8.857382E+1	-1.293236E-1	1.899416E-1
6.489453E+0	3.757966E-1	-7.993307E+1	4.194182E-1	-9.199422E+1	-1.237840E-1	1.872231E-1
6.490625E+0	3.766745E-1	-8.357227E+1	4.182725E-1	-9.540060E+1	-1.185740E-1	1.845944E-1
6.491797E+0	3.774084E-1	-8.718589E+1	4.171573E-1	-9.879156E+1	-1.137817E-1	1.820059E-1
6.492969E+0	3.780948E-1	-9.076984E+1	4.160849E-1	-1.021640E+2	-1.092129E-1	1.795197E-1
6.494141E+0	3.786764E-1	-9.432684E+1	4.150308E-1	-1.055157E+2	-1.049366E-1	1.770465E-1
6.495313E+0	3.792195E-1	-9.785229E+1	4.140420E-1	-1.088470E+2	-1.009152E-1	1.746782E-1
6.496484E+0	3.796987E-1	-1.013435E+2	4.131111E-1	-1.121543E+2	-9.719256E-2	1.723961E-1
6.497656E+0	3.801397E-1	-1.048015E+2	4.122482E-1	-1.154408E+2	-9.373844E-2	1.702457E-1
6.498828E+0	3.806026E-1	-1.082266E+2	4.114696E-1	-1.187088E+2	-9.045309E-2	1.682823E-1
6.500000E+0	3.810781E-1	-1.116238E+2	4.107470E-1	-1.219541E+2	-8.727038E-2	1.663698E-1
6.501172E+0	3.816342E-1	-1.149933E+2	4.101256E-1	-1.251830E+2	-8.414679E-2	1.646180E-1
6.502344E+0	3.822532E-1	-1.183405E+2	4.095938E-1	-1.283994E+2	-8.109576E-2	1.630018E-1
6.503516E+0	3.829461E-1	-1.216742E+2	4.091475E-1	-1.315999E+2	-7.804837E-2	1.613325E-1
6.504688E+0	3.837205E-1	-1.249958E+2	4.088132E-1	-1.347896E+2	-7.505854E-2	1.596621E-1
6.505859E+0	3.845783E-1	-1.283088E+2	4.085548E-1	-1.379698E+2	-7.203591E-2	1.579698E-1
6.507031E+0	3.855222E-1	-1.316183E+2	4.084033E-1	-1.411470E+2	-6.904994E-2	1.562670E-1
6.508203E+0	3.865249E-1	-1.349279E+2	4.083589E-1	-1.443165E+2	-6.614682E-2	1.544075E-1
6.509375E+0	3.875622E-1	-1.382373E+2	4.084069E-1	-1.474887E+2	-6.338272E-2	1.525613E-1
6.510547E+0	3.886456E-1	-1.415540E+2	4.085438E-1	-1.506665E+2	-6.071121E-2	1.506599E-1
6.511719E+0	3.897663E-1	-1.448777E+2	4.087818E-1	-1.538549E+2	-5.819715E-2	1.487828E-1
6.512891E+0	3.909516E-1	-1.482114E+2	4.091235E-1	-1.570499E+2	-5.576387E-2	1.468252E-1
6.514063E+0	3.921601E-1	-1.515558E+2	4.095365E-1	-1.602612E+2	-5.346100E-2	1.449321E-1
6.515234E+0	3.934284E-1	-1.549146E+2	4.100650E-1	-1.634867E+2	-5.128835E-2	1.430066E-1
6.516406E+0	3.947556E-1	-1.582864E+2	4.106894E-1	-1.667302E+2	-4.921677E-2	1.411422E-1
6.517578E+0	3.961273E-1	-1.616728E+2	4.113700E-1	-1.699878E+2	-4.717603E-2	1.392568E-1
6.518750E+0	3.975734E-1	-1.650740E+2	4.121664E-1	-1.732634E+2	-4.524196E-2	1.374024E-1
6.519922E+0	3.990268E-1	-1.684866E+2	4.130146E-1	-1.765513E+2	-4.342235E-2	1.355399E-1
6.521094E+0	4.005617E-1	-1.719105E+2	4.139475E-1	-1.798513E+2	-4.161554E-2	1.336825E-1
6.522266E+0	4.021207E-1	-1.753493E+2	4.149493E-1	1.768323E+2	-3.992447E-2	1.318281E-1
6.523437E+0	4.037015E-1	-1.787982E+2	4.160107E-1	1.735069E+2	-3.832710E-2	1.299361E-1
6.524609E+0	4.053285E-1	1.777405E+2	4.171351E-1	1.701653E+2	-3.678431E-2	1.280961E-1
6.525781E+0	4.069631E-1	1.742690E+2	4.182932E-1	1.668105E+2	-3.531818E-2	1.262920E-1
6.526953E+0	4.086055E-1	1.707835E+2	4.194996E-1	1.634422E+2	-3.395380E-2	1.244612E-1
6.528125E+0	4.102524E-1	1.673059E+2	4.207227E-1	1.600611E+2	-3.267138E-2	1.229705E-1
6.529297E+0	4.118892E-1	1.637956E+2	4.219904E-1	1.566666E+2	-3.148274E-2	1.211330E-1
6.530469E+0	4.135129E-1	1.602727E+2	4.232416E-1	1.532590E+2	-3.029717E-2	1.192999E-1
6.531641E+0	4.151047E-1	1.567367E+2	4.245108E-1	1.498366E+2	-2.923989E-2	1.174766E-1
6.532813E+0	4.166661E-1	1.531890E+2	4.257992E-1	1.463978E+2	-2.831514E-2	1.157150E-1
6.533984E+0	4.181621E-1	1.496291E+2	4.270338E-1	1.429458E+2	-2.742938E-2	1.139634E-1
6.535156E+0	4.196260E-1	1.460601E+2	4.282524E-1	1.394820E+2	-2.659403E-2	1.122499E-1
6.536328E+0	4.210136E-1	1.424776E+2	4.294308E-1	1.360022E+2	-2.585542E-2	1.105661E-1
6.537500E+0	4.223136E-1	1.388851E+2	4.305469E-1	1.325083E+2	-2.519160E-2	1.089426E-1
6.538672E+0	4.235429E-1	1.352851E+2	4.316064E-1	1.290039E+2	-2.457347E-2	1.073641E-1
6.539844E+0	4.246792E-1	1.316745E+2	4.325898E-1	1.254869E+2	-2.400576E-2	1.058132E-1
6.541016E+0	4.257045E-1	1.280574E+2	4.334830E-1	1.219571E+2	-2.350519E-2	1.043624E-1
6.542188E+0	4.266235E-1	1.244319E+2	4.342945E-1	1.184210E+2	-2.306403E-2	1.028680E-1
6.543359E+0	4.274139E-1	1.208028E+2	4.349821E-1	1.148762E+2	-2.265089E-2	1.014578E-1
6.544531E+0	4.280925E-1	1.171688E+2	4.355814E-1	1.113254E+2	-2.229967E-2	1.000595E-1
6.545703E+0	4.286106E-1	1.135360E+2	4.360452E-1	1.077685E+2	-2.202589E-2	9.877856E-2
6.546875E+0	4.290207E-1	1.098998E+2	4.364001E-1	1.042090E+2	-2.175487E-2	9.748321E-2
6.548047E+0	4.293142E-1	1.062684E+2	4.366152E-1	1.006475E+2	-2.144968E-2	9.630809E-2
6.549219E+0	4.294831E-1	1.026406E+2	4.367582E-1	9.708875E+1	-2.126985E-2	9.513499E-2
6.550391E+0	4.295070E-1	9.901764E+1	4.367366E-1	9.353104E+1	-2.105926E-2	9.403021E-2
6.551563E+0	4.294068E-1	9.539967E+1	4.366103E-1	8.997703E+1	-2.090016E-2	9.294254E-2
6.552734E+0	4.291989E-1	9.179315E+1	4.363635E-1	8.642952E+1	-2.072549E-2	9.194156E-2
6.553906E+0	4.288820E-1	8.819463E+1	4.360307E-1	8.288739E+1	-2.061164E-2	9.097993E-2
6.555078E+0	4.284627E-1	8.460918E+1	4.355998E-1	7.935589E+1	-2.051604E-2	9.005865E-2
6.556250E+0	4.279781E-1	8.103710E+1	4.350773E-1	7.583453E+1	-2.036955E-2	8.919766E-2
6.557422E+0	4.273883E-1	7.747736E+1	4.344758E-1	7.232253E+1	-2.029124E-2	8.838177E-2
6.558594E+0	4.267425E-1	7.393188E+1	4.337843E-1	6.882276E+1	-2.014201E-2	8.760721E-2
6.559766E+0	4.260346E-1	7.040097E+1	4.330600E-1	6.533842E+1	-2.006045E-2	8.681170E-2
6.560938E+0	4.253018E-1	6.688493E+1	4.322849E-1	6.186427E+1	-1.992874E-2	8.610124E-2
6.562109E+0	4.245389E-1	6.338804E+1	4.314922E-1	5.840688E+1	-1.983038E-2	8.542897E-2
6.563281E+0	4.237692E-1	5.990635E+1	4.306706E-1	5.496519E+1	-1.968155E-2	8.475240E-2
6.564453E+0	4.229739E-1	5.644029E+1	4.298546E-1	5.153533E+1	-1.961052E-2	8.413452E-2
6.565625E+0	4.222177E-1	5.299222E+1	4.290332E-1	4.812069E+1	-1.944072E-2	8.357279E-2
6.566797E+0	4.214732E-1	4.955865E+1	4.282632E-1	4.471982E+1	-1.936231E-2	8.301576E-2
6.567969E+0	4.208075E-1	4.613802E+1	4.275123E-1	4.133088E+1	-1.914570E-2	8.248773E-2
6.569141E+0	4.201633E-1	4.273277E+1	4.268044E-1	3.795683E+1	-1.897812E-2	8.196386E-2
6.570312E+0	4.195546E-1	3.933684E+1	4.261372E-1	3.459315E+1	-1.881961E-2	8.142100E-2
6.571484E+0	4.190453E-1	3.595922E+1	4.255360E-1	3.124119E+1	-1.858976E-2	8.099754E-2
6.572656E+0	4.186008E-1	3.258499E+1	4.250111E-1	2.789666E+1	-1.837814E-2	8.050272E-2
6.573828E+0	4.182312E-1	2.922739E+1	4.245451E-1	2.456546E+1	-1.813134E-2	8.006752E-2
6.575000E+0	4.179412E-1	2.587338E+1	4.241670E-1	2.123811E+1	-1.790038E-2	7.962636E-2
6.576172E+0	4.177498E-1	2.252596E+1	4.238598E-1	1.791888E+1	-1.759961E-2	7.916424E-2
6.577344E+0	4.176390E-1	1.918225E+1	4.236579E-1	1.460558E+1	-1.735023E-2	7.865943E-2
6.578516E+0	4.176196E-1	1.584588E+1	4.235329E-1	1.129373E+1	-1.707229E-2	7.825834E-2
6.579688E+0	4.177130E-1	1.250926E+1	4.235012E-1	7.986229E+0	-1.673921E-2	7.778200E-2
6.580859E+0	4.179004E-1	9.171146E+0	4.235954E-1	4.678693E+0	-1.647547E-2	7.727471E-2
6.582031E+0	4.181731E-1	5.835681E+0	4.237556E-1	1.369982E+0	-1.616975E-2	7.683651E-2
6.583203E+0	4.185424E-1	2.496693E+0	4.240196E-1	-1.940366E+0	-1.587569E-2	7.636457E-2
6.584375E+0	4.190300E-1	-8.446923E-1	4.243748E-1	-5.255318E+0	-1.551872E-2	7.593536E-2
6.585547E+0	4.195858E-1	-4.196282E+0	4.248180E-1	-8.574481E+0	-1.519852E-2	7.539942E-2
6.586719E+0	4.202156E-1	-7.552072E+0	4.253402E-1	-1.190065E+1	-1.489235E-2	7.491061E-2
6.587891E+0	4.209308E-1	-1.091504E+1	4.259391E-1	-1.522956E+1	-1.455883E-2	7.434684E-2
6.589063E+0	4.217093E-1	-1.428765E+1	4.266338E-1	-1.857034E+1	-1.430272E-2	7.381548E-2
6.590234E+0	4.225610E-1	-1.766971E+1	4.273578E-1	-2.192097E+1	-1.394488E-2	7.329836E-2
6.591406E+0	4.234428E-1	-2.106357E+1	4.281751E-1	-2.527878E+1	-1.372736E-2	7.269057E-2
6.592578E+0	4.244058E-1	-2.446405E+1	4.290169E-1	-2.864789E+1	-1.338432E-2	7.217276E-2
6.593750E+0	4.253875E-1	-2.788000E+1	4.299468E-1	-3.203173E+1	-1.320068E-2	7.163023E-2
6.594922E+0	4.264146E-1	-3.130830E+1	4.308902E-1	-3.542240E+1	-1.293695E-2	7.099772E-2
6.596094E+0	4.274582E-1	-3.475113E+1	4.318652E-1	-3.883121E+1	-1.271313E-2	7.042460E-2
6.597266E+0	4.285035E-1	-3.820524E+1	4.328725E-1	-4.225034E+1	-1.255906E-2	6.982970E-2
6.598438E+0	4.295488E-1	-4.167364E+1	4.338839E-1	-4.568464E+1	-1.241627E-2	6.924911E-2
6.599609E+0	4.305873E-1	-4.515144E+1	4.349216E-1	-4.913123E+1	-1.235308E-2	6.871293E-2
6.600781E+0	4.316215E-1	-4.864572E+1	4.359204E-1	-5.259326E+1	-1.221076E-2	6.816417E-2
6.601953E+0	4.326455E-1	-5.215398E+1	4.368979E-1	-5.606749E+1	-1.204226E-2	6.758624E-2
6.603125E+0	4.336099E-1	-5.567583E+1	4.378403E-1	-5.955837E+1	-1.193484E-2	6.705703E-2
6.604297E+0	4.345145E-1	-5.921206E+1	4.387343E-1	-6.306027E+1	-1.185109E-2	6.646794E-2
6.605469E+0	4.353764E-1	-6.276085E+1	4.395767E-1	-6.657455E+1	-1.174858E-2	6.587693E-2
6.606641E+0	4.361359E-1	-6.632092E+1	4.403588E-1	-7.010101E+1	-1.174438E-2	6.529494E-2
6.607813E+0	4.368022E-1	-6.989229E+1	4.410621E-1	-7.364117E+1	-1.177741E-2	6.475213E-2
6.608984E+0	4.373746E-1	-7.347053E+1	4.416776E-1	-7.718765E+1	-1.182561E-2	6.419888E-2
6.610156E+0	4.378380E-1	-7.705922E+1	4.421959E-1	-8.074604E+1	-1.190430E-2	6.366904E-2
6.611328E+0	4.381834E-1	-8.065337E+1	4.425693E-1	-8.431020E+1	-1.192595E-2	6.314833E-2
6.612500E+0	4.383787E-1	-8.425371E+1	4.428902E-1	-8.788024E+1	-1.216855E-2	6.260831E-2
6.613672E+0	4.384283E-1	-8.785451E+1	4.430678E-1	-9.145714E+1	-1.242677E-2	6.217835E-2
6.614844E+0	4.383376E-1	-9.145143E+1	4.431264E-1	-9.503492E+1	-1.274094E-2	6.182747E-2
6.616016E+0	4.380797E-1	-9.504673E+1	4.430602E-1	-9.861485E+1	-1.315783E-2	6.153560E-2
6.617187E+0	4.377051E-1	-9.863000E+1	4.428501E-1	-1.021915E+2	-1.352679E-2	6.139818E-2
6.618359E+0	4.372262E-1	-1.022048E+2	4.425341E-1	-1.057709E+2	-1.390740E-2	6.145396E-2
6.619531E+0	4.366852E-1	-1.057651E+2	4.420968E-1	-1.093421E+2	-1.416506E-2	6.162618E-2
6.620703E+0	4.360988E-1	-1.093188E+2	4.415270E-1	-1.129096E+2	-1.423322E-2	6.186028E-2
6.621875E+0	4.354830E-1	-1.128654E+2	4.408320E-1	-1.164676E+2	-1.408558E-2	6.206648E-2
6.623047E+0	4.347920E-1	-1.164124E+2	4.400716E-1	-1.200186E+2	-1.395346E-2	6.214391E-2
6.624219E+0	4.340369E-1	-1.199510E+2	4.391811E-1	-1.235567E+2	-1.366950E-2	6.215317E-2
6.625391E+0	4.331938E-1	-1.234797E+2	4.382098E-1	-1.270858E+2	-1.340387E-2	6.217682E-2
6.626563E+0	4.322707E-1	-1.269987E+2	4.371599E-1	-1.305984E+2	-1.313489E-2	6.208310E-2
6.627734E+0	4.313278E-1	-1.305064E+2	4.360481E-1	-1.341013E+2	-1.277157E-2	6.202293E-2
6.628906E+0	4.303086E-1	-1.340052E+2	4.348972E-1	-1.375862E+2	-1.248290E-2	6.180055E-2
6.630078E+0	4.292450E-1	-1.374887E+2	4.336657E-1	-1.410560E+2	-1.211164E-2	6.158665E-2
6.631250E+0	4.281439E-1	-1.409593E+2	4.324391E-1	-1.445118E+2	-1.183497E-2	6.134765E-2
6.632422E+0	4.270053E-1	-1.444150E+2	4.312069E-1	-1.479517E+2	-1.162977E-2	6.108679E-2
6.633594E+0	4.258701E-1	-1.478555E+2	4.299544E-1	-1.513755E+2	-1.136803E-2	6.081372E-2
6.634766E+0	4.247075E-1	-1.512787E+2	4.287297E-1	-1.547851E+2	-1.123613E-2	6.058625E-2
6.635938E+0	4.235542E-1	-1.546862E+2	4.275106E-1	-1.581781E+2	-1.109391E-2	6.034376E-2
6.637109E+0	4.224507E-1	-1.580765E+2	4.263373E-1	-1.615536E+2	-1.094036E-2	6.009670E-2
6.638281E+0	4.213842E-1	-1.614526E+2	4.251914E-1	-1.649180E+2	-1.076623E-2	5.990453E-2
6.639453E+0	4.203592E-1	-1.648150E+2	4.241009E-1	-1.682678E+2	-1.062190E-2	5.969490E-2
6.640625E+0	4.194034E-1	-1.681610E+2	4.230818E-1	-1.716057E+2	-1.048534E-2	5.956275E-2
6.641797E+0	4.185035E-1	-1.714976E+2	4.221048E-1	-1.749274E+2	-1.030764E-2	5.931514E-2
6.642969E+0	4.176894E-1	-1.748197E+2	4.212158E-1	-1.782390E+2	-1.013726E-2	5.914330E-2
6.644141E+0	4.169537E-1	-1.781296E+2	4.204032E-1	1.784613E+2	-9.960302E-3	5.897700E-2
6.645313E+0	4.162661E-1	1.784277E+2	4.196355E-1	1.750288E+2	-9.774259E-3	5.881117E-2
6.646484E+0	4.157328E-1	1.751016E+2	4.190072E-1	1.717149E+2	-9.547447E-3	5.861300E-2
6.647656E+0	4.152761E-1	1.718135E+2	4.184674E-1	1.684383E+2	-9.347529E-3	5.842530E-2
6.648828E+0	4.149053E-1	1.685394E+2	4.180087E-1	1.651768E+2	-9.133138E-3	5.821929E-2
6.650000E+0	4.146380E-1	1.652732E+2	4.176423E-1	1.619198E+2	-8.893426E-3	5.807368E-2
6.651172E+0	4.144508E-1	1.620082E+2	4.173977E-1	1.586677E+2	-8.747299E-3	5.785830E-2
6.652344E+0	4.143830E-1	1.587400E+2	4.172108E-1	1.554135E+2	-8.451363E-3	5.763248E-2
6.653516E+0	4.143550E-1	1.554715E+2	4.170990E-1	1.521592E+2	-8.238348E-3	5.739823E-2
6.654688E+0	4.144613E-1	1.521972E+2	4.171063E-1	1.488991E+2	-7.987081E-3	5.716610E-2
6.655859E+0	4.146258E-1	1.489167E+2	4.171916E-1	1.456315E+2	-7.783412E-3	5.695370E-2
6.657031E+0	4.148974E-1	1.456221E+2	4.173581E-1	1.423513E+2	-7.515268E-3	5.671884E-2
6.658203E+0	4.152535E-1	1.423179E+2	4.175893E-1	1.390666E+2	-7.194147E-3	5.639820E-2
6.659375E+0	4.156633E-1	1.390145E+2	4.179251E-1	1.357758E+2	-7.000498E-3	5.619013E-2
6.660547E+0	4.161345E-1	1.357009E+2	4.183411E-1	1.324808E+2	-6.845195E-3	5.587548E-2
6.661719E+0	4.167009E-1	1.323814E+2	4.188182E-1	1.291814E+2	-6.606769E-3	5.553930E-2
6.662891E+0	4.173194E-1	1.290552E+2	4.193769E-1	1.258730E+2	-6.440465E-3	5.523897E-2
6.664062E+0	4.179935E-1	1.257205E+2	4.199695E-1	1.225564E+2	-6.222386E-3	5.493620E-2
6.665234E+0	4.187191E-1	1.223761E+2	4.206335E-1	1.192339E+2	-6.047819E-3	5.456478E-2
6.666406E+0	4.194999E-1	1.190227E+2	4.213524E-1	1.158998E+2	-5.875052E-3	5.423839E-2
6.667578E+0	4.202956E-1	1.156602E+2	4.221009E-1	1.125565E+2	-5.737490E-3	5.391173E-2
6.668750E+0	4.211489E-1	1.122862E+2	4.228992E-1	1.092041E+2	-5.579308E-3	5.354432E-2
6.669922E+0	4.220182E-1	1.089010E+2	4.237342E-1	1.058384E+2	-5.472167E-3	5.321064E-2
6.671094E+0	4.229079E-1	1.055059E+2	4.245706E-1	1.024632E+2	-5.320417E-3	5.287230E-2
6.672266E+0	4.238064E-1	1.021010E+2	4.254349E-1	9.907502E+1	-5.216809E-3	5.258670E-2
6.673438E+0	4.246878E-1	9.868153E+1	4.263041E-1	9.567925E+1	-5.158770E-3	5.217712E-2
6.674609E+0	4.255765E-1	9.525188E+1	4.271671E-1	9.226968E+1	-5.072813E-3	5.183199E-2
6.675781E+0	4.264468E-1	9.181392E+1	4.280261E-1	8.884902E+1	-5.023380E-3	5.153333E-2
6.676953E+0	4.273093E-1	8.836300E+1	4.288853E-1	8.541678E+1	-4.991566E-3	5.120971E-2
6.678125E+0	4.281237E-1	8.490261E+1	4.297051E-1	8.197559E+1	-4.980010E-3	5.087599E-2
6.679297E+0	4.289029E-1	8.143225E+1	4.304886E-1	7.852140E+1	-4.968978E-3	5.059501E-2
6.680469E+0	4.296549E-1	7.795197E+1	4.312315E-1	7.505952E+1	-4.925368E-3	5.027685E-2
6.681641E+0	4.303435E-1	7.446404E+1	4.319336E-1	7.159132E+1	-4.933394E-3	4.993292E-2
6.682813E+0	4.309812E-1	7.096794E+1	4.325792E-1	6.810933E+1	-4.933880E-3	4.968723E-2
6.683984E+0	4.315648E-1	6.746716E+1	4.331652E-1	6.462199E+1	-4.922794E-3	4.945379E-2
6.685156E+0	4.320523E-1	6.395602E+1	4.336781E-1	6.112812E+1	-4.962067E-3	4.915118E-2
6.686328E+0	4.324767E-1	6.044282E+1	4.341240E-1	5.762819E+1	-4.996329E-3	4.891847E-2
6.687500E+0	4.328315E-1	5.692498E+1	4.344864E-1	5.412353E+1	-4.999412E-3	4.868889E-2
6.688672E+0	4.331093E-1	5.340413E+1	4.347640E-1	5.061559E+1	-4.985578E-3	4.846483E-2
6.689844E+0	4.332882E-1	4.988092E+1	4.349792E-1	4.710698E+1	-5.054734E-3	4.820734E-2
6.691016E+0	4.334150E-1	4.635894E+1	4.350986E-1	4.359645E+1	-5.027067E-3	4.800938E-2
6.692188E+0	4.334310E-1	4.283883E+1	4.351484E-1	4.008720E+1	-5.095128E-3	4.781708E-2
6.693359E+0	4.333747E-1	3.932096E+1	4.351168E-1	3.658023E+1	-5.143037E-3	4.762508E-2
6.694531E+0	4.332567E-1	3.580418E+1	4.350093E-1	3.307588E+1	-5.157827E-3	4.740805E-2
6.695703E+0	4.330648E-1	3.229411E+1	4.348235E-1	2.957390E+1	-5.166875E-3	4.726683E-2
6.696875E+0	4.328098E-1	2.878816E+1	4.345717E-1	2.607843E+1	-5.167942E-3	4.708441E-2
6.698047E+0	4.325011E-1	2.528883E+1	4.342761E-1	2.258806E+1	-5.193480E-3	4.692728E-2
6.699219E+0	4.321385E-1	2.179717E+1	4.339146E-1	1.910422E+1	-5.193018E-3	4.679123E-2
6.700391E+0	4.317193E-1	1.831049E+1	4.335264E-1	1.562728E+1	-5.260167E-3	4.661860E-2
6.701563E+0	4.312824E-1	1.483230E+1	4.330862E-1	1.215729E+1	-5.250126E-3	4.647639E-2
6.702734E+0	4.308194E-1	1.136124E+1	4.326277E-1	8.694098E+0	-5.258553E-3	4.633910E-2
6.703906E+0	4.303315E-1	7.900943E+0	4.321502E-1	5.242342E+0	-5.280310E-3	4.618948E-2
6.705078E+0	4.298410E-1	4.445960E+0	4.316493E-1	1.796852E+0	-5.253481E-3	4.602556E-2
6.706250E+0	4.293325E-1	1.000462E+0	4.311523E-1	-1.642246E+0	-5.279814E-3	4.591299E-2
6.707422E+0	4.288450E-1	-2.436641E+0	4.306397E-1	-5.071934E+0	-5.220676E-3	4.578671E-2
6.708594E+0	4.283434E-1	-5.864643E+0	4.301656E-1	-8.493871E+0	-5.284285E-3	4.567826E-2
6.709766E+0	4.278862E-1	-9.286139E+0	4.296809E-1	-1.190992E+1	-5.220786E-3	4.558641E-2
6.710937E+0	4.274393E-1	-1.270371E+1	4.292338E-1	-1.532041E+1	-5.219041E-3	4.546329E-2
6.712109E+0	4.270283E-1	-1.611174E+1	4.288022E-1	-1.872208E+1	-5.170213E-3	4.535486E-2
6.713281E+0	4.266519E-1	-1.951849E+1	4.284149E-1	-2.212140E+1	-5.142659E-3	4.522684E-2
6.714453E+0	4.263080E-1	-2.291658E+1	4.280667E-1	-2.551599E+1	-5.133208E-3	4.516637E-2
6.715625E+0	4.259942E-1	-2.631499E+1	4.277425E-1	-2.890684E+1	-5.106079E-3	4.503606E-2
6.716797E+0	4.257317E-1	-2.970882E+1	4.274729E-1	-3.229439E+1	-5.087131E-3	4.492765E-2
6.717969E+0	4.255039E-1	-3.309980E+1	4.272238E-1	-3.568107E+1	-5.036329E-3	4.485512E-2
6.719141E+0	4.253112E-1	-3.649333E+1	4.270073E-1	-3.906651E+1	-4.976364E-3	4.471704E-2
6.720313E+0	4.251585E-1	-3.988369E+1	4.268450E-1	-4.245266E+1	-4.952121E-3	4.464487E-2
6.721484E+0	4.250386E-1	-4.327505E+1	4.266998E-1	-4.583604E+1	-4.888023E-3	4.450887E-2
6.722656E+0	4.249631E-1	-4.666488E+1	4.266144E-1	-4.922189E+1	-4.862529E-3	4.444075E-2
6.723828E+0	4.249201E-1	-5.005944E+1	4.265381E-1	-5.260767E+1	-4.778429E-3	4.429169E-2
6.725000E+0	4.249106E-1	-5.345493E+1	4.265017E-1	-5.599760E+1	-4.711450E-3	4.419790E-2
6.726172E+0	4.249186E-1	-5.685218E+1	4.264902E-1	-5.938726E+1	-4.660027E-3	4.406807E-2
6.727344E+0	4.249542E-1	-6.025113E+1	4.265026E-1	-6.278203E+1	-4.602365E-3	4.399786E-2
6.728516E+0	4.250097E-1	-6.365376E+1	4.265465E-1	-6.617747E+1	-4.569310E-3	4.387416E-2
6.729688E+0	4.250769E-1	-6.706107E+1	4.265793E-1	-6.957520E+1	-4.481147E-3	4.371127E-2
6.730859E+0	4.251581E-1	-7.047016E+1	4.266441E-1	-7.297861E+1	-4.437882E-3	4.361429E-2
6.732031E+0	4.252475E-1	-7.388241E+1	4.267179E-1	-7.638327E+1	-4.394988E-3	4.348403E-2
6.733203E+0	4.253486E-1	-7.729848E+1	4.267904E-1	-7.979199E+1	-4.321884E-3	4.335925E-2
6.734375E+0	4.254334E-1	-8.071936E+1	4.268629E-1	-8.320298E+1	-4.285054E-3	4.318865E-2
6.735547E+0	4.255267E-1	-8.414310E+1	4.269407E-1	-8.661832E+1	-4.241852E-3	4.304427E-2
6.736719E+0	4.256040E-1	-8.756743E+1	4.269885E-1	-9.003708E+1	-4.168277E-3	4.295046E-2
6.737891E+0	4.256761E-1	-9.099499E+1	4.270492E-1	-9.345776E+1	-4.135997E-3	4.283205E-2
6.739063E+0	4.257612E-1	-9.442493E+1	4.271042E-1	-9.687901E+1	-4.058688E-3	4.268404E-2
6.740234E+0	4.257901E-1	-9.785868E+1	4.271222E-1	-1.003053E+2	-4.027510E-3	4.255546E-2
6.741406E+0	4.258418E-1	-1.012925E+2	4.271645E-1	-1.037309E+2	-3.999121E-3	4.241352E-2
6.742578E+0	4.258676E-1	-1.047272E+2	4.271846E-1	-1.071601E+2	-3.981578E-3	4.231849E-2
6.743750E+0	4.258723E-1	-1.081659E+2	4.271700E-1	-1.105901E+2	-3.930128E-3	4.216915E-2
6.744922E+0	4.258545E-1	-1.115996E+2	4.271544E-1	-1.140212E+2	-3.933472E-3	4.212373E-2
6.746094E+0	4.258351E-1	-1.150406E+2	4.271159E-1	-1.174514E+2	-3.881145E-3	4.193785E-2
6.747266E+0	4.257996E-1	-1.184769E+2	4.270607E-1	-1.208835E+2	-3.832372E-3	4.186675E-2
6.748438E+0	4.257437E-1	-1.219150E+2	4.269929E-1	-1.243145E+2	-3.799815E-3	4.174445E-2
6.749609E+0	4.256730E-1	-1.253511E+2	4.268948E-1	-1.277444E+2	-3.731847E-3	4.163930E-2
6.750781E+0	4.255782E-1	-1.287866E+2	4.267916E-1	-1.311774E+2	-3.711058E-3	4.159662E-2
6.751953E+0	4.254812E-1	-1.322228E+2	4.266643E-1	-1.346062E+2	-3.635587E-3	4.147087E-2
6.753125E+0	4.253615E-1	-1.356452E+2	4.265223E-1	-1.380235E+2	-3.580583E-3	4.138431E-2
6.754297E+0	4.252435E-1	-1.390668E+2	4.264026E-1	-1.414408E+2	-3.574260E-3	4.130966E-2
6.755469E+0	4.251119E-1	-1.424884E+2	4.262709E-1	-1.448543E+2	-3.569035E-3	4.116877E-2
6.756641E+0	4.249860E-1	-1.459045E+2	4.261160E-1	-1.482662E+2	-3.499008E-3	4.109849E-2
6.757812E+0	4.248414E-1	-1.493198E+2	4.259360E-1	-1.516758E+2	-3.413004E-3	4.100273E-2
6.758984E+0	4.246975E-1	-1.527321E+2	4.257624E-1	-1.550836E+2	-3.341135E-3	4.092727E-2
6.760156E+0	4.245380E-1	-1.561409E+2	4.255933E-1	-1.584871E+2	-3.315808E-3	4.083596E-2
6.761328E+0	4.244077E-1	-1.595457E+2	4.254139E-1	-1.618854E+2	-3.196906E-3	4.072756E-2
6.762500E+0	4.242581E-1	-1.629456E+2	4.252413E-1	-1.652808E+2	-3.140628E-3	4.065144E-2
6.763672E+0	4.241195E-1	-1.663449E+2	4.250832E-1	-1.686756E+2	-3.092462E-3	4.057498E-2
6.764844E+0	4.239940E-1	-1.697422E+2	4.249324E-1	-1.720629E+2	-3.026709E-3	4.040336E-2
6.766016E+0	4.238806E-1	-1.731335E+2	4.247831E-1	-1.754465E+2	-2.937619E-3	4.027276E-2
6.767188E+0	4.237878E-1	-1.765206E+2	4.246680E-1	-1.788270E+2	-2.881093E-3	4.015999E-2
6.768359E+0	4.237295E-1	-1.799076E+2	4.245481E-1	1.777942E+2	-2.730962E-3	4.002308E-2
6.769531E+0	4.236736E-1	1.767124E+2	4.244694E-1	1.744192E+2	-2.674159E-3	3.993819E-2
6.770703E+0	4.236666E-1	1.733316E+2	4.244315E-1	1.710481E+2	-2.594833E-3	3.977224E-2
6.771875E+0	4.236816E-1	1.699560E+2	4.244419E-1	1.676801E+2	-2.578693E-3	3.964037E-2
6.773047E+0	4.237496E-1	1.665830E+2	4.244604E-1	1.643151E+2	-2.456563E-3	3.950572E-2
6.774219E+0	4.238660E-1	1.632087E+2	4.245531E-1	1.609497E+2	-2.394293E-3	3.935298E-2
6.775391E+0	4.240086E-1	1.598361E+2	4.246710E-1	1.575886E+2	-2.327848E-3	3.915505E-2
6.776563E+0	4.242098E-1	1.564640E+2	4.248585E-1	1.542241E+2	-2.289753E-3	3.902400E-2
6.777734E+0	4.244560E-1	1.530902E+2	4.251038E-1	1.508594E+2	-2.280572E-3	3.886565E-2
6.778906E+0	4.247594E-1	1.497158E+2	4.253647E-1	1.474956E+2	-2.172626E-3	3.868498E-2
6.780078E+0	4.251102E-1	1.463386E+2	4.257094E-1	1.441245E+2	-2.153043E-3	3.857934E-2
6.781250E+0	4.255171E-1	1.429548E+2	4.261104E-1	1.407525E+2	-2.129959E-3	3.837442E-2
6.782422E+0	4.259727E-1	1.395685E+2	4.265719E-1	1.373748E+2	-2.136526E-3	3.822417E-2
6.783594E+0	4.264571E-1	1.361749E+2	4.270536E-1	1.339897E+2	-2.122965E-3	3.807643E-2
6.784766E+0	4.270020E-1	1.327770E+2	4.275979E-1	1.306001E+2	-2.114281E-3	3.793200E-2
6.785938E+0	4.275847E-1	1.293683E+2	4.281639E-1	1.272016E+2	-2.066727E-3	3.775589E-2
6.787109E+0	4.281741E-1	1.259515E+2	4.287730E-1	1.237951E+2	-2.103948E-3	3.757484E-2
6.788281E+0	4.288136E-1	1.225271E+2	4.294220E-1	1.203796E+2	-2.118122E-3	3.741908E-2
6.789453E+0	4.294657E-1	1.190922E+2	4.300699E-1	1.169531E+2	-2.100754E-3	3.727323E-2
6.790625E+0	4.301082E-1	1.156488E+2	4.307265E-1	1.135192E+2	-2.125161E-3	3.710663E-2
6.791797E+0	4.307670E-1	1.121934E+2	4.313897E-1	1.100699E+2	-2.129203E-3	3.700010E-2
6.792969E+0	4.314073E-1	1.087286E+2	4.320441E-1	1.066117E+2	-2.155376E-3	3.688403E-2
6.794141E+0	4.320344E-1	1.052504E+2	4.326873E-1	1.031424E+2	-2.184653E-3	3.672774E-2
6.795313E+0	4.326241E-1	1.017638E+2	4.332928E-1	9.966138E+1	-2.215414E-3	3.662930E-2
6.796484E+0	4.331605E-1	9.826591E+1	4.338665E-1	9.617135E+1	-2.294273E-3	3.648935E-2
6.797656E+0	4.336719E-1	9.475732E+1	4.343956E-1	9.266937E+1	-2.328809E-3	3.637284E-2
6.798828E+0	4.341132E-1	9.124219E+1	4.348446E-1	8.915850E+1	-2.342084E-3	3.629808E-2
6.800000E+0	4.344600E-1	8.771577E+1	4.351993E-1	8.563900E+1	-2.354478E-3	3.617698E-2
