6.601172E+0	4.251121E-1	-5.511825E+1	4.356802E-1	-5.141431E+1	-2.629471E-2	-6.303393E-2
6.602344E+0	4.256616E-1	-5.861116E+1	4.366843E-1	-5.488826E+1	-2.729879E-2	-6.329217E-2
6.603516E+0	4.261695E-1	-6.211488E+1	4.376438E-1	-5.837108E+1	-2.829641E-2	-6.358322E-2
6.604688E+0	4.266223E-1	-6.562567E+1	4.385622E-1	-6.186879E+1	-2.931553E-2	-6.373908E-2
6.605859E+0	4.269977E-1	-6.914723E+1	4.394253E-1	-6.538042E+1	-3.038070E-2	-6.383791E-2
6.607031E+0	4.272918E-1	-7.267427E+1	4.402281E-1	-6.890491E+1	-3.148511E-2	-6.380849E-2
6.608203E+0	4.275514E-1	-7.620267E+1	4.409471E-1	-7.243851E+1	-3.247112E-2	-6.365534E-2
6.609375E+0	4.277807E-1	-7.973627E+1	4.415892E-1	-7.598328E+1	-3.334745E-2	-6.340842E-2
6.610547E+0	4.279454E-1	-8.327202E+1	4.421390E-1	-7.953885E+1	-3.415591E-2	-6.301985E-2
6.611719E+0	4.280526E-1	-8.681872E+1	4.425629E-1	-8.310004E+1	-3.482342E-2	-6.273117E-2
6.612891E+0	4.281203E-1	-9.036897E+1	4.429126E-1	-8.666806E+1	-3.541354E-2	-6.239239E-2
6.614063E+0	4.280864E-1	-9.392408E+1	4.431365E-1	-9.024370E+1	-3.595497E-2	-6.201050E-2
6.615234E+0	4.279842E-1	-9.748637E+1	4.432194E-1	-9.382173E+1	-3.634841E-2	-6.171937E-2
6.616406E+0	4.277852E-1	-1.010529E+2	4.432065E-1	-9.740032E+1	-3.675548E-2	-6.148972E-2
6.617578E+0	4.274296E-1	-1.046234E+2	4.430445E-1	-1.009797E+2	-3.719475E-2	-6.131185E-2
6.618750E+0	4.269685E-1	-1.081878E+2	4.427712E-1	-1.045575E+2	-3.762544E-2	-6.105844E-2
6.619922E+0	4.264055E-1	-1.117481E+2	4.423672E-1	-1.081317E+2	-3.800190E-2	-6.080024E-2
6.621094E+0	4.257309E-1	-1.152983E+2	4.418369E-1	-1.116994E+2	-3.835254E-2	-6.048319E-2
6.622266E+0	4.250128E-1	-1.188367E+2	4.411978E-1	-1.152624E+2	-3.855808E-2	-6.005585E-2
6.623438E+0	4.242625E-1	-1.223655E+2	4.404426E-1	-1.188158E+2	-3.858405E-2	-5.963984E-2
6.624609E+0	4.235089E-1	-1.258902E+2	4.395811E-1	-1.223594E+2	-3.839130E-2	-5.933338E-2
6.625781E+0	4.227229E-1	-1.294176E+2	4.386295E-1	-1.258908E+2	-3.808951E-2	-5.928459E-2
6.626953E+0	4.218002E-1	-1.329462E+2	4.376186E-1	-1.294091E+2	-3.798263E-2	-5.946478E-2
6.628125E+0	4.207208E-1	-1.364590E+2	4.365246E-1	-1.329151E+2	-3.804673E-2	-5.957542E-2
6.629297E+0	4.196573E-1	-1.399450E+2	4.353681E-1	-1.364055E+2	-3.792494E-2	-5.950880E-2
6.630469E+0	4.186733E-1	-1.434208E+2	4.341831E-1	-1.398821E+2	-3.756035E-2	-5.951786E-2
6.631641E+0	4.176995E-1	-1.468971E+2	4.329588E-1	-1.433442E+2	-3.709848E-2	-5.978598E-2
6.632812E+0	4.166964E-1	-1.503741E+2	4.317174E-1	-1.467865E+2	-3.668511E-2	-6.039733E-2
6.633984E+0	4.156562E-1	-1.538399E+2	4.304706E-1	-1.502181E+2	-3.634293E-2	-6.099628E-2
6.635156E+0	4.145925E-1	-1.573045E+2	4.292218E-1	-1.536290E+2	-3.607008E-2	-6.192066E-2
6.636328E+0	4.134827E-1	-1.607647E+2	4.279985E-1	-1.570269E+2	-3.597057E-2	-6.297968E-2
6.637500E+0	4.122778E-1	-1.642163E+2	4.268099E-1	-1.604095E+2	-3.617946E-2	-6.413178E-2
6.638672E+0	4.109564E-1	-1.676531E+2	4.256580E-1	-1.637780E+2	-3.674582E-2	-6.524753E-2
6.639844E+0	4.096025E-1	-1.710627E+2	4.245625E-1	-1.671306E+2	-3.750731E-2	-6.615793E-2
6.641016E+0	4.082799E-1	-1.744389E+2	4.234973E-1	-1.704720E+2	-3.824243E-2	-6.669434E-2
6.642188E+0	4.071374E-1	-1.777930E+2	4.224979E-1	-1.738001E+2	-3.869546E-2	-6.710126E-2
6.643359E+0	4.061738E-1	1.788626E+2	4.215924E-1	-1.771156E+2	-3.894479E-2	-6.757099E-2
6.644531E+0	4.053265E-1	1.755157E+2	4.207466E-1	1.795800E+2	-3.907207E-2	-6.827838E-2
6.645703E+0	4.044914E-1	1.721582E+2	4.200079E-1	1.762868E+2	-3.944251E-2	-6.933557E-2
6.646875E+0	4.035685E-1	1.686358E+2	4.193000E-1	1.728322E+2	-4.009882E-2	-7.043010E-2
6.648047E+0	4.026513E-1	1.652943E+2	4.187392E-1	1.695487E+2	-4.106950E-2	-7.133489E-2
6.649219E+0	4.018691E-1	1.619893E+2	4.182581E-1	1.662833E+2	-4.188097E-2	-7.194043E-2
6.650391E+0	4.012240E-1	1.586924E+2	4.178648E-1	1.630270E+2	-4.256983E-2	-7.257101E-2
6.651563E+0	4.006476E-1	1.553881E+2	4.175736E-1	1.597723E+2	-4.334169E-2	-7.334548E-2
6.652734E+0	4.001194E-1	1.520853E+2	4.173698E-1	1.565200E+2	-4.420137E-2	-7.412701E-2
6.653906E+0	3.996194E-1	1.487830E+2	4.172324E-1	1.532634E+2	-4.514077E-2	-7.482039E-2
6.655078E+0	3.992022E-1	1.454855E+2	4.172039E-1	1.500050E+2	-4.612371E-2	-7.539835E-2
6.656250E+0	3.988816E-1	1.421873E+2	4.172604E-1	1.467422E+2	-4.706555E-2	-7.591638E-2
6.657422E+0	3.986569E-1	1.388782E+2	4.174133E-1	1.434706E+2	-4.800107E-2	-7.646892E-2
6.658594E+0	3.985115E-1	1.355579E+2	4.176252E-1	1.401839E+2	-4.887612E-2	-7.696003E-2
6.659766E+0	3.984792E-1	1.322330E+2	4.179243E-1	1.368933E+2	-4.968006E-2	-7.746764E-2
6.660938E+0	3.985274E-1	1.289015E+2	4.183152E-1	1.336011E+2	-5.050657E-2	-7.805590E-2
6.662109E+0	3.986329E-1	1.255546E+2	4.187522E-1	1.303023E+2	-5.131216E-2	-7.879154E-2
6.663281E+0	3.987580E-1	1.221945E+2	4.192929E-1	1.269962E+2	-5.231281E-2	-7.960783E-2
6.664453E+0	3.988433E-1	1.188216E+2	4.198652E-1	1.236826E+2	-5.348492E-2	-8.049600E-2
6.665625E+0	3.988853E-1	1.154435E+2	4.205189E-1	1.203622E+2	-5.493819E-2	-8.133110E-2
6.666797E+0	3.988728E-1	1.120632E+2	4.212150E-1	1.170322E+2	-5.660121E-2	-8.202239E-2
6.667969E+0	3.987861E-1	1.086914E+2	4.219537E-1	1.136933E+2	-5.850465E-2	-8.240163E-2
6.669141E+0	3.987480E-1	1.053431E+2	4.227420E-1	1.103433E+2	-6.034763E-2	-8.221224E-2
6.670313E+0	3.989327E-1	1.020014E+2	4.235639E-1	1.069815E+2	-6.170783E-2	-8.176156E-2
6.671484E+0	3.992559E-1	9.864520E+1	4.243955E-1	1.036092E+2	-6.276481E-2	-8.140410E-2
6.672656E+0	3.996716E-1	9.527761E+1	4.252544E-1	1.002243E+2	-6.365938E-2	-8.104139E-2
6.673828E+0	4.001724E-1	9.188668E+1	4.261210E-1	9.683179E+1	-6.439051E-2	-8.095211E-2
6.675000E+0	4.006716E-1	8.847646E+1	4.269871E-1	9.342654E+1	-6.513054E-2	-8.096978E-2
6.676172E+0	4.011587E-1	8.505027E+1	4.278550E-1	9.000956E+1	-6.590571E-2	-8.105393E-2
6.677344E+0	4.016323E-1	8.161613E+1	4.287191E-1	8.658116E+1	-6.669598E-2	-8.107956E-2
6.678516E+0	4.021509E-1	7.816625E+1	4.295317E-1	8.314307E+1	-6.727550E-2	-8.122260E-2
6.679687E+0	4.026559E-1	7.469184E+1	4.303411E-1	7.969376E+1	-6.789638E-2	-8.157997E-2
6.680859E+0	4.030487E-1	7.118980E+1	4.311058E-1	7.623563E+1	-6.870483E-2	-8.222845E-2
6.682031E+0	4.032271E-1	6.767227E+1	4.318073E-1	7.276592E+1	-6.987510E-2	-8.290753E-2
6.683203E+0	4.032110E-1	6.416512E+1	4.324766E-1	6.929022E+1	-7.139722E-2	-8.328565E-2
6.684375E+0	4.031315E-1	6.067717E+1	4.330912E-1	6.580536E+1	-7.290232E-2	-8.320106E-2
6.685547E+0	4.031553E-1	5.720434E+1	4.336308E-1	6.231253E+1	-7.397236E-2	-8.277919E-2
6.686719E+0	4.032931E-1	5.371999E+1	4.340764E-1	5.881375E+1	-7.458597E-2	-8.248941E-2
6.687891E+0	4.034877E-1	5.021129E+1	4.344802E-1	5.531229E+1	-7.501034E-2	-8.256940E-2
6.689063E+0	4.036078E-1	4.667870E+1	4.347965E-1	5.180636E+1	-7.544662E-2	-8.296410E-2
6.690234E+0	4.035864E-1	4.311774E+1	4.350403E-1	4.829522E+1	-7.608618E-2	-8.371661E-2
6.691406E+0	4.032645E-1	3.954784E+1	4.351840E-1	4.478585E+1	-7.721679E-2	-8.459713E-2
6.692578E+0	4.027707E-1	3.599936E+1	4.352458E-1	4.127606E+1	-7.853486E-2	-8.510380E-2
6.693750E+0	4.022496E-1	3.245874E+1	4.352368E-1	3.776711E+1	-7.975514E-2	-8.550413E-2
6.694922E+0	4.016351E-1	2.891586E+1	4.351571E-1	3.426247E+1	-8.104986E-2	-8.600248E-2
6.696094E+0	4.008408E-1	2.538589E+1	4.349897E-1	3.075952E+1	-8.255489E-2	-8.629809E-2
6.697266E+0	4.000305E-1	2.188487E+1	4.347580E-1	2.726221E+1	-8.392713E-2	-8.622886E-2
6.698438E+0	3.992912E-1	1.839300E+1	4.344777E-1	2.376954E+1	-8.502903E-2	-8.611225E-2
6.699609E+0	3.985741E-1	1.490249E+1	4.341430E-1	2.028373E+1	-8.597519E-2	-8.609884E-2
6.700781E+0	3.978808E-1	1.141770E+1	4.337643E-1	1.680405E+1	-8.677616E-2	-8.610557E-2
6.701953E+0	3.972692E-1	7.931507E+0	4.333277E-1	1.333243E+1	-8.728313E-2	-8.629198E-2
6.703125E+0	3.966921E-1	4.429016E+0	4.328826E-1	9.867443E+0	-8.772854E-2	-8.685239E-2
6.704297E+0	3.960188E-1	9.063567E-1	4.324150E-1	6.411334E+0	-8.839354E-2	-8.785765E-2
6.705469E+0	3.951689E-1	-2.621480E+0	4.319147E-1	2.962758E+0	-8.941856E-2	-8.903039E-2
6.706641E+0	3.941713E-1	-6.143274E+0	4.314058E-1	-4.789730E-1	-9.077100E-2	-9.018100E-2
6.707813E+0	3.930992E-1	-9.646513E+0	4.309220E-1	-3.910125E+0	-9.233997E-2	-9.117874E-2
6.708984E+0	3.920591E-1	-1.314509E+1	4.304320E-1	-7.336451E+0	-9.382653E-2	-9.218379E-2
6.710156E+0	3.909186E-1	-1.664504E+1	4.299484E-1	-1.075366E+1	-9.558014E-2	-9.332518E-2
6.711328E+0	3.897007E-1	-2.012871E+1	4.294828E-1	-1.416555E+1	-9.753781E-2	-9.426596E-2
6.712500E+0	3.884683E-1	-2.360353E+1	4.290382E-1	-1.756927E+1	-9.957696E-2	-9.518266E-2
6.713672E+0	3.872054E-1	-2.707738E+1	4.286482E-1	-2.097083E+1	-1.018082E-1	-9.609287E-2
6.714844E+0	3.858441E-1	-3.053487E+1	4.282805E-1	-2.436544E+1	-1.043032E-1	-9.682030E-2
6.716016E+0	3.844391E-1	-3.397718E+1	4.279507E-1	-2.775917E+1	-1.069592E-1	-9.729931E-2
6.717188E+0	3.830190E-1	-3.739088E+1	4.276768E-1	-3.114708E+1	-1.097320E-1	-9.740271E-2
6.718359E+0	3.816867E-1	-4.077863E+1	4.273969E-1	-3.453263E+1	-1.122514E-1	-9.716156E-2
6.719531E+0	3.805284E-1	-4.414392E+1	4.271806E-1	-3.791804E+1	-1.144634E-1	-9.660479E-2
6.720703E+0	3.796267E-1	-4.751463E+1	4.270090E-1	-4.130180E+1	-1.161848E-1	-9.621331E-2
6.721875E+0	3.788898E-1	-5.091396E+1	4.268519E-1	-4.468934E+1	-1.175955E-1	-9.624347E-2
6.723047E+0	3.780665E-1	-5.433573E+1	4.267607E-1	-4.807168E+1	-1.193910E-1	-9.666090E-2
6.724219E+0	3.771962E-1	-5.776100E+1	4.266730E-1	-5.145965E+1	-1.213006E-1	-9.703028E-2
6.725391E+0	3.763573E-1	-6.119333E+1	4.266229E-1	-5.484793E+1	-1.232266E-1	-9.749995E-2
6.726562E+0	3.754656E-1	-6.463847E+1	4.266065E-1	-5.823684E+1	-1.253662E-1	-9.813110E-2
6.727734E+0	3.743443E-1	-6.808144E+1	4.266081E-1	-6.162905E+1	-1.280685E-1	-9.861018E-2
6.728906E+0	3.732857E-1	-7.148463E+1	4.266467E-1	-6.502443E+1	-1.306263E-1	-9.844093E-2
6.730078E+0	3.725415E-1	-7.489030E+1	4.266932E-1	-6.842128E+1	-1.324692E-1	-9.836751E-2
6.731250E+0	3.718700E-1	-7.834791E+1	4.267332E-1	-7.182423E+1	-1.342081E-1	-9.900701E-2
6.732422E+0	3.709993E-1	-8.183839E+1	4.268023E-1	-7.522755E+1	-1.365264E-1	-1.000729E-1
6.733594E+0	3.698772E-1	-8.533878E+1	4.268816E-1	-7.863786E+1	-1.394558E-1	-1.011047E-1
6.734766E+0	3.685706E-1	-8.882721E+1	4.269512E-1	-8.204789E+1	-1.427741E-1	-1.019042E-1
6.735938E+0	3.671975E-1	-9.229714E+1	4.270296E-1	-8.546190E+1	-1.462240E-1	-1.023393E-1
6.737109E+0	3.657878E-1	-9.575898E+1	4.270933E-1	-8.887954E+1	-1.497074E-1	-1.025871E-1
6.738281E+0	3.643288E-1	-9.921295E+1	4.271436E-1	-9.229877E+1	-1.532608E-1	-1.026793E-1
6.739453E+0	3.628554E-1	-1.026660E+2	4.271874E-1	-9.572166E+1	-1.568255E-1	-1.026975E-1
6.740625E+0	3.613432E-1	-1.061152E+2	4.272448E-1	-9.914628E+1	-1.604962E-1	-1.026159E-1
6.741797E+0	3.597943E-1	-1.095540E+2	4.272845E-1	-1.025701E+2	-1.641991E-1	-1.023851E-1
6.742969E+0	3.583158E-1	-1.129847E+2	4.272785E-1	-1.060001E+2	-1.676232E-1	-1.019759E-1
6.744141E+0	3.569389E-1	-1.164292E+2	4.272812E-1	-1.094281E+2	-1.708563E-1	-1.018222E-1
6.745313E+0	3.554961E-1	-1.199072E+2	4.272768E-1	-1.128597E+2	-1.742818E-1	-1.020804E-1
6.746484E+0	3.538143E-1	-1.234204E+2	4.272440E-1	-1.162882E+2	-1.782761E-1	-1.028201E-1
6.747656E+0	3.517370E-1	-1.269330E+2	4.272017E-1	-1.197218E+2	-1.831614E-1	-1.033529E-1
6.748828E+0	3.493757E-1	-1.304066E+2	4.271385E-1	-1.231524E+2	-1.886023E-1	-1.032833E-1
6.750000E+0	3.469379E-1	-1.338467E+2	4.270392E-1	-1.265832E+2	-1.940932E-1	-1.027173E-1
6.751172E+0	3.444293E-1	-1.372526E+2	4.269410E-1	-1.300142E+2	-1.996918E-1	-1.016474E-1
6.752344E+0	3.419965E-1	-1.406368E+2	4.268317E-1	-1.334454E+2	-2.050586E-1	-1.003032E-1
6.753516E+0	3.394514E-1	-1.440256E+2	4.266844E-1	-1.368668E+2	-2.106455E-1	-9.914205E-2
6.754688E+0	3.367228E-1	-1.473725E+2	4.265679E-1	-1.402831E+2	-2.166582E-1	-9.742322E-2
6.755859E+0	3.339974E-1	-1.506658E+2	4.264299E-1	-1.436986E+2	-2.225426E-1	-9.500802E-2
6.757031E+0	3.313996E-1	-1.539236E+2	4.262736E-1	-1.471123E+2	-2.280530E-1	-9.220352E-2
6.758203E+0	3.289814E-1	-1.571528E+2	4.261238E-1	-1.505229E+2	-2.331304E-1	-8.913542E-2
6.759375E+0	3.269375E-1	-1.603905E+2	4.259361E-1	-1.539306E+2	-2.372994E-1	-8.635807E-2
6.760547E+0	3.250352E-1	-1.637052E+2	4.257607E-1	-1.573350E+2	-2.412913E-1	-8.470327E-2
6.761719E+0	3.228071E-1	-1.671032E+2	4.255874E-1	-1.607346E+2	-2.461830E-1	-8.413583E-2
6.762891E+0	3.200247E-1	-1.705426E+2	4.254110E-1	-1.641317E+2	-2.524324E-1	-8.399715E-2
6.764063E+0	3.166026E-1	-1.739802E+2	4.252376E-1	-1.675235E+2	-2.601914E-1	-8.372424E-2
6.765234E+0	3.125465E-1	-1.773597E+2	4.250729E-1	-1.709131E+2	-2.693718E-1	-8.255485E-2
6.766406E+0	3.082090E-1	1.793564E+2	4.249205E-1	-1.743001E+2	-2.791076E-1	-8.014129E-2
6.767578E+0	3.036879E-1	1.761111E+2	4.247826E-1	-1.776824E+2	-2.892649E-1	-7.729212E-2
6.768750E+0	2.985340E-1	1.729036E+2	4.246878E-1	1.789390E+2	-3.009470E-1	-7.391013E-2
6.769922E+0	2.926836E-1	1.698454E+2	4.245988E-1	1.755639E+2	-3.141124E-1	-6.868436E-2
6.771094E+0	2.866964E-1	1.670134E+2	4.245447E-1	1.721924E+2	-3.274537E-1	-6.095798E-2
6.772266E+0	2.810769E-1	1.643429E+2	4.245326E-1	1.688217E+2	-3.399363E-1	-5.170241E-2
6.773437E+0	2.754841E-1	1.617033E+2	4.245468E-1	1.654565E+2	-3.525019E-1	-4.247559E-2
6.774609E+0	2.689097E-1	1.591617E+2	4.246199E-1	1.620906E+2	-3.675322E-1	-3.235928E-2
6.775781E+0	2.612924E-1	1.570178E+2	4.247176E-1	1.587290E+2	-3.850599E-1	-1.837131E-2
6.776953E+0	2.538823E-1	1.555353E+2	4.248917E-1	1.553642E+2	-4.024803E-1	1.784354E-3
6.778125E+0	2.483922E-1	1.547514E+2	4.251046E-1	1.520010E+2	-4.163647E-1	2.803810E-2
6.779297E+0	2.459785E-1	1.544393E+2	4.253589E-1	1.486356E+2	-4.246796E-1	5.847645E-2
6.780469E+0	2.473266E-1	1.543135E+2	4.257143E-1	1.452665E+2	-4.262589E-1	9.135417E-2
6.781641E+0	2.524498E-1	1.538846E+2	4.260791E-1	1.418969E+2	-4.204259E-1	1.230623E-1
6.782813E+0	2.593855E-1	1.528632E+2	4.265027E-1	1.385213E+2	-4.107852E-1	1.506479E-1
6.783984E+0	2.668465E-1	1.515787E+2	4.269945E-1	1.351389E+2	-4.006078E-1	1.768632E-1
6.785156E+0	2.765167E-1	1.501877E+2	4.275050E-1	1.317506E+2	-3.863850E-1	2.045639E-1
6.786328E+0	2.885775E-1	1.482568E+2	4.280941E-1	1.283551E+2	-3.661602E-1	2.294681E-1
6.787500E+0	3.014054E-1	1.457329E+2	4.286724E-1	1.249506E+2	-3.426342E-1	2.494775E-1
6.788672E+0	3.145136E-1	1.427385E+2	4.293045E-1	1.215396E+2	-3.169634E-1	2.649174E-1
6.789844E+0	3.271319E-1	1.392695E+2	4.299429E-1	1.181160E+2	-2.903970E-1	2.745745E-1
6.791016E+0	3.384200E-1	1.354931E+2	4.305964E-1	1.146818E+2	-2.653445E-1	2.792352E-1
6.792188E+0	3.485240E-1	1.315604E+2	4.312795E-1	1.112390E+2	-2.421814E-1	2.806474E-1
6.793359E+0	3.575833E-1	1.275024E+2	4.319549E-1	1.077850E+2	-2.207114E-1	2.792927E-1
6.794531E+0	3.654217E-1	1.233607E+2	4.325961E-1	1.043203E+2	-2.014976E-1	2.755764E-1
6.795703E+0	3.719138E-1	1.191942E+2	4.332117E-1	1.008421E+2	-1.851603E-1	2.703047E-1
6.796875E+0	3.773663E-1	1.150717E+2	4.337888E-1	9.735494E+1	-1.713277E-1	2.647302E-1
6.798047E+0	3.821611E-1	1.110055E+2	4.343415E-1	9.385532E+1	-1.592598E-1	2.594517E-1
6.799219E+0	3.865013E-1	1.069716E+2	4.348103E-1	9.034856E+1	-1.482527E-1	2.542899E-1
6.800391E+0	3.904783E-1	1.029580E+2	4.352041E-1	8.683270E+1	-1.380698E-1	2.491957E-1
6.801563E+0	3.940573E-1	9.894847E+1	4.355359E-1	8.330850E+1	-1.287349E-1	2.439169E-1
6.802734E+0	3.971692E-1	9.494424E+1	4.357684E-1	7.977757E+1	-1.203232E-1	2.384535E-1
6.803906E+0	3.998196E-1	9.095647E+1	4.359114E-1	7.624004E+1	-1.128851E-1	2.330022E-1
6.805078E+0	4.020895E-1	8.699448E+1	4.359778E-1	7.269879E+1	-1.062882E-1	2.277327E-1
6.806250E+0	4.040343E-1	8.306142E+1	4.359278E-1	6.915475E+1	-1.003293E-1	2.227571E-1
6.807422E+0	4.057017E-1	7.915160E+1	4.357566E-1	6.561038E+1	-9.485274E-2	2.179955E-1
6.808594E+0	4.071342E-1	7.525903E+1	4.355097E-1	6.206784E+1	-8.982152E-2	2.133328E-1
6.809766E+0	4.082594E-1	7.138461E+1	4.351364E-1	5.852410E+1	-8.530257E-2	2.088303E-1
6.810938E+0	4.091154E-1	6.753252E+1	4.346688E-1	5.498493E+1	-8.126821E-2	2.044787E-1
6.812109E+0	4.097171E-1	6.370509E+1	4.340874E-1	5.145060E+1	-7.764777E-2	2.003380E-1
6.813281E+0	4.100983E-1	5.990954E+1	4.334045E-1	4.792405E+1	-7.440221E-2	1.964969E-1
6.814453E+0	4.103321E-1	5.614370E+1	4.326566E-1	4.440553E+1	-7.143210E-2	1.929424E-1
6.815625E+0	4.104218E-1	5.240658E+1	4.317994E-1	4.089357E+1	-6.863263E-2	1.897091E-1
6.816797E+0	4.104177E-1	4.869598E+1	4.308759E-1	3.739400E+1	-6.595186E-2	1.866748E-1
6.817969E+0	4.103554E-1	4.501244E+1	4.298608E-1	3.390405E+1	-6.326148E-2	1.839232E-1
6.819141E+0	4.102223E-1	4.134886E+1	4.288058E-1	3.042557E+1	-6.067083E-2	1.812823E-1
6.820312E+0	4.100359E-1	3.770264E+1	4.277264E-1	2.696165E+1	-5.815504E-2	1.786614E-1
6.821484E+0	4.097882E-1	3.407751E+1	4.265622E-1	2.351091E+1	-5.561444E-2	1.761672E-1
6.822656E+0	4.094812E-1	3.047004E+1	4.253821E-1	2.007290E+1	-5.318603E-2	1.737240E-1
6.823828E+0	4.091206E-1	2.687996E+1	4.242064E-1	1.665117E+1	-5.089069E-2	1.712641E-1
6.825000E+0	4.087078E-1	2.330812E+1	4.230062E-1	1.324159E+1	-4.867605E-2	1.688833E-1
6.826172E+0	4.082783E-1	1.975706E+1	4.217972E-1	9.849518E+0	-4.648604E-2	1.665442E-1
6.827344E+0	4.078032E-1	1.622139E+1	4.205957E-1	6.466457E+0	-4.443396E-2	1.642810E-1
6.828516E+0	4.073285E-1	1.270721E+1	4.194210E-1	3.103689E+0	-4.244158E-2	1.620194E-1
6.829688E+0	4.068312E-1	9.211312E+0	4.182712E-1	-2.464354E-1	-4.057185E-2	1.598260E-1
6.830859E+0	4.063593E-1	5.734623E+0	4.171619E-1	-3.583875E+0	-3.875024E-2	1.577294E-1
6.832031E+0	4.059222E-1	2.275649E+0	4.160926E-1	-6.907650E+0	-3.694652E-2	1.556926E-1
6.833203E+0	4.055062E-1	-1.166146E+0	4.150845E-1	-1.021893E+1	-3.524430E-2	1.537135E-1
6.834375E+0	4.051575E-1	-4.594879E+0	4.141216E-1	-1.351602E+1	-3.348149E-2	1.517182E-1
6.835547E+0	4.048793E-1	-8.010821E+0	4.132458E-1	-1.680467E+1	-3.176303E-2	1.497846E-1
6.836719E+0	4.046384E-1	-1.141698E+1	4.124285E-1	-2.007928E+1	-3.007971E-2	1.477656E-1
6.837891E+0	4.044729E-1	-1.480693E+1	4.117115E-1	-2.334618E+1	-2.847245E-2	1.458762E-1
6.839063E+0	4.043606E-1	-1.818847E+1	4.110785E-1	-2.660077E+1	-2.692536E-2	1.439046E-1
6.840234E+0	4.043435E-1	-2.156020E+1	4.105307E-1	-2.985036E+1	-2.536317E-2	1.420132E-1
6.841406E+0	4.044210E-1	-2.492768E+1	4.100959E-1	-3.309121E+1	-2.383094E-2	1.400339E-1
6.842578E+0	4.045802E-1	-2.828934E+1	4.097947E-1	-3.632711E+1	-2.242355E-2	1.380466E-1
6.843750E+0	4.048271E-1	-3.164395E+1	4.095736E-1	-3.955707E+1	-2.100057E-2	1.360759E-1
6.844922E+0	4.051627E-1	-3.499611E+1	4.095090E-1	-4.278727E+1	-1.974670E-2	1.341239E-1
6.846094E+0	4.056196E-1	-3.834739E+1	4.095634E-1	-4.601499E+1	-1.848437E-2	1.321410E-1
6.847266E+0	4.061450E-1	-4.169677E+1	4.097101E-1	-4.924179E+1	-1.728419E-2	1.301626E-1
6.848438E+0	4.068091E-1	-4.504792E+1	4.100213E-1	-5.247235E+1	-1.615239E-2	1.282061E-1
6.849609E+0	4.075727E-1	-4.840355E+1	4.104629E-1	-5.570494E+1	-1.509286E-2	1.261938E-1
6.850781E+0	4.084368E-1	-5.176170E+1	4.110326E-1	-5.894031E+1	-1.410439E-2	1.241737E-1
6.851953E+0	4.093835E-1	-5.512458E+1	4.117295E-1	-6.218432E+1	-1.323617E-2	1.222039E-1
6.853125E+0	4.104688E-1	-5.849255E+1	4.125865E-1	-6.543419E+1	-1.242535E-2	1.202380E-1
6.854297E+0	4.116394E-1	-6.186922E+1	4.135757E-1	-6.869546E+1	-1.173748E-2	1.183022E-1
6.855469E+0	4.129118E-1	-6.525426E+1	4.146902E-1	-7.196689E+1	-1.111420E-2	1.163884E-1
6.856641E+0	4.143047E-1	-6.864678E+1	4.159304E-1	-7.524778E+1	-1.051192E-2	1.145052E-1
6.857813E+0	4.157721E-1	-7.204928E+1	4.172918E-1	-7.854292E+1	-1.003404E-2	1.126811E-1
6.858984E+0	4.173330E-1	-7.546581E+1	4.187717E-1	-8.185363E+1	-9.622601E-3	1.108754E-1
6.860156E+0	4.189745E-1	-7.889477E+1	4.203475E-1	-8.517787E+1	-9.253446E-3	1.090837E-1
6.861328E+0	4.206858E-1	-8.233436E+1	4.219989E-1	-8.851983E+1	-8.915184E-3	1.074120E-1
6.862500E+0	4.224623E-1	-8.579018E+1	4.237478E-1	-9.187749E+1	-8.655083E-3	1.057221E-1
6.863672E+0	4.242698E-1	-8.926235E+1	4.255588E-1	-9.525275E+1	-8.473023E-3	1.040457E-1
6.864844E+0	4.261044E-1	-9.274637E+1	4.274164E-1	-9.864911E+1	-8.355431E-3	1.025244E-1
6.866016E+0	4.279361E-1	-9.624808E+1	4.292872E-1	-1.020634E+2	-8.277461E-3	1.010034E-1
6.867187E+0	4.297945E-1	-9.976804E+1	4.312045E-1	-1.054980E+2	-8.250073E-3	9.951358E-2
6.868359E+0	4.316345E-1	-1.033057E+2	4.330997E-1	-1.089566E+2	-8.226297E-3	9.813387E-2
6.869531E+0	4.334200E-1	-1.068639E+2	4.349526E-1	-1.124380E+2	-8.235531E-3	9.679075E-2
6.870703E+0	4.351416E-1	-1.104451E+2	4.367549E-1	-1.159425E+2	-8.276297E-3	9.544671E-2
6.871875E+0	4.367613E-1	-1.140446E+2	4.384898E-1	-1.194685E+2	-8.401667E-3	9.415098E-2
6.873047E+0	4.382851E-1	-1.176595E+2	4.401270E-1	-1.230210E+2	-8.541643E-3	9.304829E-2
6.874219E+0	4.396990E-1	-1.212948E+2	4.416662E-1	-1.265932E+2	-8.707734E-3	9.193148E-2
6.875391E+0	4.409499E-1	-1.249458E+2	4.430639E-1	-1.301855E+2	-8.930023E-3	9.088687E-2
6.876563E+0	4.420685E-1	-1.286144E+2	4.443039E-1	-1.337982E+2	-9.100679E-3	8.989642E-2
6.877734E+0	4.430156E-1	-1.322987E+2	4.453596E-1	-1.374281E+2	-9.246765E-3	8.893483E-2
6.878906E+0	4.437520E-1	-1.359926E+2	4.462357E-1	-1.410735E+2	-9.473379E-3	8.806933E-2
6.880078E+0	4.443036E-1	-1.396977E+2	4.469265E-1	-1.447301E+2	-9.700874E-3	8.720426E-2
6.881250E+0	4.446450E-1	-1.434077E+2	4.473762E-1	-1.483930E+2	-9.864808E-3	8.636963E-2
6.882422E+0	4.447858E-1	-1.471160E+2	4.476492E-1	-1.520643E+2	-1.009975E-2	8.570506E-2
6.883594E+0	4.447098E-1	-1.508256E+2	4.476827E-1	-1.557369E+2	-1.028783E-2	8.504489E-2
6.884766E+0	4.444279E-1	-1.545323E+2	4.475144E-1	-1.594089E+2	-1.049192E-2	8.442369E-2
6.885938E+0	4.439714E-1	-1.582320E+2	4.471482E-1	-1.630758E+2	-1.065061E-2	8.383968E-2
6.887109E+0	4.433299E-1	-1.619241E+2	4.465574E-1	-1.667380E+2	-1.072949E-2	8.331306E-2
6.888281E+0	4.424909E-1	-1.656044E+2	4.457979E-1	-1.703882E+2	-1.087584E-2	8.277744E-2
6.889453E+0	4.414682E-1	-1.692706E+2	4.448468E-1	-1.740256E+2	-1.101056E-2	8.226559E-2
6.890625E+0	4.402986E-1	-1.729191E+2	4.437277E-1	-1.776493E+2	-1.110756E-2	8.182654E-2
6.891797E+0	4.389796E-1	-1.765489E+2	4.424571E-1	1.787436E+2	-1.120635E-2	8.142394E-2
6.892969E+0	4.375423E-1	1.798401E+2	4.410565E-1	1.751535E+2	-1.128452E-2	8.105442E-2
6.894141E+0	4.360313E-1	1.762507E+2	4.395410E-1	1.715817E+2	-1.127685E-2	8.074930E-2
6.895313E+0	4.344195E-1	1.726816E+2	4.379198E-1	1.680327E+2	-1.125665E-2	8.040178E-2
6.896484E+0	4.327442E-1	1.691328E+2	4.362220E-1	1.645020E+2	-1.121090E-2	8.009108E-2
6.897656E+0	4.310150E-1	1.656047E+2	4.344620E-1	1.609899E+2	-1.115010E-2	7.981806E-2
6.898828E+0	4.292637E-1	1.620983E+2	4.326633E-1	1.575013E+2	-1.104903E-2	7.951699E-2
6.900000E+0	4.274977E-1	1.586072E+2	4.308211E-1	1.540283E+2	-1.088114E-2	7.921601E-2
6.901172E+0	4.257280E-1	1.551355E+2	4.289846E-1	1.505705E+2	-1.073965E-2	7.898581E-2
6.902344E+0	4.239654E-1	1.516761E+2	4.271409E-1	1.471301E+2	-1.055691E-2	7.867021E-2
6.903516E+0	4.222397E-1	1.482333E+2	4.253216E-1	1.437015E+2	-1.034976E-2	7.843986E-2
6.904688E+0	4.205599E-1	1.448014E+2	4.235383E-1	1.402881E+2	-1.011129E-2	7.813714E-2
6.905859E+0	4.189142E-1	1.413818E+2	4.217889E-1	1.368872E+2	-9.869811E-3	7.783104E-2
6.907031E+0	4.173469E-1	1.379766E+2	4.201108E-1	1.334989E+2	-9.611103E-3	7.755745E-2
6.908203E+0	4.158542E-1	1.345812E+2	4.184697E-1	1.301246E+2	-9.254778E-3	7.721827E-2
6.909375E+0	4.144254E-1	1.311970E+2	4.169065E-1	1.267632E+2	-8.926084E-3	7.684713E-2
6.910547E+0	4.130588E-1	1.278276E+2	4.154412E-1	1.234184E+2	-8.677234E-3	7.643825E-2
6.911719E+0	4.117517E-1	1.244751E+2	4.140405E-1	1.200905E+2	-8.438446E-3	7.602842E-2
6.912891E+0	4.105619E-1	1.211410E+2	4.127370E-1	1.167781E+2	-8.152451E-3	7.567250E-2
6.914062E+0	4.095045E-1	1.178226E+2	4.115440E-1	1.134812E+2	-7.810812E-3	7.532409E-2
6.915234E+0	4.085633E-1	1.145156E+2	4.104574E-1	1.101975E+2	-7.440111E-3	7.494629E-2
6.916406E+0	4.077208E-1	1.112190E+2	4.094693E-1	1.069295E+2	-7.059343E-3	7.447659E-2
6.917578E+0	4.069899E-1	1.079341E+2	4.086265E-1	1.036737E+2	-6.757340E-3	7.399197E-2
6.918750E+0	4.063930E-1	1.046594E+2	4.078947E-1	1.004266E+2	-6.399158E-3	7.353738E-2
6.919922E+0	4.058906E-1	1.013899E+2	4.072780E-1	9.719118E+1	-6.081263E-3	7.296651E-2
6.921094E+0	4.055148E-1	9.812415E+1	4.068070E-1	9.396218E+1	-5.805199E-3	7.234568E-2
6.922266E+0	4.052440E-1	9.486405E+1	4.064758E-1	9.073751E+1	-5.615025E-3	7.174139E-2
6.923438E+0	4.050864E-1	9.160960E+1	4.062580E-1	8.751743E+1	-5.425985E-3	7.115534E-2
6.924609E+0	4.050526E-1	8.835656E+1	4.061875E-1	8.430020E+1	-5.292080E-3	7.054007E-2
6.925781E+0	4.051504E-1	8.510285E+1	4.062368E-1	8.108092E+1	-5.130438E-3	6.995072E-2
6.926953E+0	4.053631E-1	8.184306E+1	4.064408E-1	7.786163E+1	-5.058549E-3	6.924905E-2
6.928125E+0	4.056313E-1	7.858072E+1	4.067712E-1	7.463515E+1	-5.165803E-3	6.861595E-2
6.929297E+0	4.060068E-1	7.531912E+1	4.072177E-1	7.140395E+1	-5.300418E-3	6.807641E-2
6.930469E+0	4.064967E-1	7.205235E+1	4.077989E-1	6.816614E+1	-5.485278E-3	6.755874E-2
6.931641E+0	4.070949E-1	6.878740E+1	4.085048E-1	6.491978E+1	-5.720949E-3	6.721865E-2
6.932813E+0	4.078127E-1	6.551354E+1	4.093169E-1	6.166014E+1	-5.927328E-3	6.695686E-2
6.933984E+0	4.086598E-1	6.223782E+1	4.102523E-1	5.838854E+1	-6.128904E-3	6.687149E-2
6.935156E+0	4.096554E-1	5.895291E+1	4.112600E-1	5.510231E+1	-6.150310E-3	6.689305E-2
6.936328E+0	4.108289E-1	5.565588E+1	4.123808E-1	5.180097E+1	-6.017259E-3	6.697712E-2
6.937500E+0	4.121654E-1	5.233562E+1	4.135572E-1	4.848104E+1	-5.619939E-3	6.699814E-2
6.938672E+0	4.136147E-1	4.898249E+1	4.148261E-1	4.514236E+1	-5.158898E-3	6.677717E-2
6.939844E+0	4.150665E-1	4.560278E+1	4.161330E-1	4.178496E+1	-4.776387E-3	6.641358E-2
6.941016E+0	4.165201E-1	4.220337E+1	4.174606E-1	3.840754E+1	-4.441676E-3	6.605213E-2
6.942188E+0	4.179874E-1	3.878247E+1	4.188165E-1	3.500737E+1	-4.145155E-3	6.570992E-2
6.943359E+0	4.194835E-1	3.533639E+1	4.201761E-1	3.158949E+1	-3.782373E-3	6.524142E-2
6.944531E+0	4.209596E-1	3.186395E+1	4.215340E-1	2.814797E+1	-3.462196E-3	6.472231E-2
6.945703E+0	4.223537E-1	2.837159E+1	4.228408E-1	2.468999E+1	-3.213302E-3	6.413786E-2
6.946875E+0	4.236709E-1	2.485838E+1	4.241145E-1	2.120957E+1	-3.070948E-3	6.357415E-2
6.948047E+0	4.248957E-1	2.132557E+1	4.253283E-1	1.771141E+1	-3.003894E-3	6.297305E-2
6.949219E+0	4.260238E-1	1.777754E+1	4.264728E-1	1.419669E+1	-3.003107E-3	6.239119E-2
6.950391E+0	4.270501E-1	1.421879E+1	4.274986E-1	1.066080E+1	-2.974605E-3	6.199363E-2
6.951563E+0	4.279462E-1	1.064341E+1	4.284357E-1	7.116744E+0	-3.034087E-3	6.144279E-2
6.952734E+0	4.287184E-1	7.059349E+0	4.292228E-1	3.555226E+0	-3.042547E-3	6.104854E-2
6.953906E+0	4.293494E-1	3.465654E+0	4.299075E-1	-1.467267E-2	-3.140091E-3	6.062700E-2
6.955078E+0	4.298356E-1	-1.345861E-1	4.304442E-1	-3.592537E+0	-3.231981E-3	6.023072E-2
6.956250E+0	4.302084E-1	-3.736695E+0	4.308435E-1	-7.178397E+0	-3.275028E-3	5.994442E-2
6.957422E+0	4.304021E-1	-7.345552E+0	4.311004E-1	-1.076554E+1	-3.397846E-3	5.955798E-2
6.958594E+0	4.304668E-1	-1.095086E+1	4.311790E-1	-1.435361E+1	-3.411858E-3	5.925625E-2
6.959766E+0	4.303873E-1	-1.455455E+1	4.311537E-1	-1.794375E+1	-3.523458E-3	5.901312E-2
6.960937E+0	4.301957E-1	-1.815439E+1	4.309785E-1	-2.152915E+1	-3.547325E-3	5.875970E-2
6.962109E+0	4.298931E-1	-2.174861E+1	4.307178E-1	-2.510908E+1	-3.630911E-3	5.850541E-2
6.963281E+0	4.294722E-1	-2.533142E+1	4.303257E-1	-2.868243E+1	-3.689818E-3	5.833689E-2
6.964453E+0	4.289499E-1	-2.890843E+1	4.298199E-1	-3.224458E+1	-3.715375E-3	5.807612E-2
6.965625E+0	4.283410E-1	-3.247117E+1	4.292006E-1	-3.579822E+1	-3.684889E-3	5.791912E-2
6.966797E+0	4.276370E-1	-3.602500E+1	4.284832E-1	-3.933963E+1	-3.644484E-3	5.770476E-2
6.967969E+0	4.268292E-1	-3.956483E+1	4.277064E-1	-4.286715E+1	-3.708049E-3	5.748631E-2
6.969141E+0	4.259679E-1	-4.309123E+1	4.268368E-1	-4.638409E+1	-3.683329E-3	5.732269E-2
6.970313E+0	4.250827E-1	-4.660264E+1	4.259273E-1	-4.988688E+1	-3.622098E-3	5.717581E-2
6.971484E+0	4.241444E-1	-5.009987E+1	4.249824E-1	-5.337355E+1	-3.600474E-3	5.699281E-2
6.972656E+0	4.231707E-1	-5.357994E+1	4.240015E-1	-5.684570E+1	-3.580206E-3	5.685578E-2
6.973828E+0	4.221886E-1	-5.704751E+1	4.229855E-1	-6.030209E+1	-3.493815E-3	5.666564E-2
6.975000E+0	4.212252E-1	-6.050054E+1	4.219854E-1	-6.374696E+1	-3.403382E-3	5.652839E-2
6.976172E+0	4.202522E-1	-6.394012E+1	4.209951E-1	-6.717658E+1	-3.356774E-3	5.635722E-2
6.977344E+0	4.193203E-1	-6.736483E+1	4.200049E-1	-7.059129E+1	-3.212519E-3	5.619085E-2
6.978516E+0	4.184101E-1	-7.077647E+1	4.190666E-1	-7.399224E+1	-3.138748E-3	5.600843E-2
6.979688E+0	4.175363E-1	-7.417764E+1	4.181498E-1	-7.738280E+1	-3.029150E-3	5.582939E-2
6.980859E+0	4.167160E-1	-7.756395E+1	4.172802E-1	-8.075922E+1	-2.904618E-3	5.566372E-2
6.982031E+0	4.159389E-1	-8.094317E+1	4.164644E-1	-8.412832E+1	-2.804665E-3	5.549262E-2
6.983203E+0	4.152182E-1	-8.431297E+1	4.157131E-1	-8.748573E+1	-2.721469E-3	5.528092E-2
6.984375E+0	4.145760E-1	-8.767374E+1	4.150239E-1	-9.083572E+1	-2.599986E-3	5.509942E-2
6.985547E+0	4.139961E-1	-9.102719E+1	4.143835E-1	-9.417576E+1	-2.443003E-3	5.487391E-2
6.986719E+0	4.134838E-1	-9.437508E+1	4.138281E-1	-9.751091E+1	-2.328085E-3	5.465773E-2
6.987891E+0	4.130578E-1	-9.771643E+1	4.133432E-1	-1.008398E+2	-2.174912E-3	5.444847E-2
6.989063E+0	4.127041E-1	-1.010554E+2	4.129485E-1	-1.041653E+2	-2.063658E-3	5.421924E-2
6.990234E+0	4.124231E-1	-1.043906E+2	4.125958E-1	-1.074841E+2	-1.875161E-3	5.394294E-2
6.991406E+0	4.122163E-1	-1.077238E+2	4.123501E-1	-1.108040E+2	-1.768714E-3	5.371630E-2
6.992578E+0	4.120936E-1	-1.110552E+2	4.121923E-1	-1.141193E+2	-1.668750E-3	5.344035E-2
6.993750E+0	4.120316E-1	-1.143894E+2	4.121079E-1	-1.174381E+2	-1.600194E-3	5.317490E-2
6.994922E+0	4.120592E-1	-1.177215E+2	4.120871E-1	-1.207552E+2	-1.469030E-3	5.291973E-2
6.996094E+0	4.121526E-1	-1.210599E+2	4.121513E-1	-1.240759E+2	-1.381969E-3	5.261499E-2
6.997266E+0	4.123263E-1	-1.243997E+2	4.123015E-1	-1.273997E+2	-1.310398E-3	5.233910E-2
6.998438E+0	4.125709E-1	-1.277426E+2	4.125251E-1	-1.307276E+2	-1.245925E-3	5.208030E-2
6.999609E+0	4.128760E-1	-1.310928E+2	4.128063E-1	-1.340593E+2	-1.171418E-3	5.176080E-2
7.000781E+0	4.132318E-1	-1.344502E+2	4.131640E-1	-1.373991E+2	-1.160304E-3	5.145374E-2
7.001953E+0	4.136657E-1	-1.378116E+2	4.135813E-1	-1.407458E+2	-1.107216E-3	5.119952E-2
7.003125E+0	4.141308E-1	-1.411828E+2	4.140218E-1	-1.441016E+2	-1.034368E-3	5.093404E-2
7.004297E+0	4.146219E-1	-1.445633E+2	4.145355E-1	-1.474650E+2	-1.073986E-3	5.063312E-2
7.005469E+0	4.151700E-1	-1.479503E+2	4.150748E-1	-1.508396E+2	-1.042147E-3	5.041799E-2
7.006641E+0	4.157426E-1	-1.513488E+2	4.156577E-1	-1.542232E+2	-1.054140E-3	5.015695E-2
7.007812E+0	4.163456E-1	-1.547558E+2	4.162628E-1	-1.576170E+2	-1.047946E-3	4.992654E-2
7.008984E+0	4.169502E-1	-1.581757E+2	4.168688E-1	-1.610214E+2	-1.038119E-3	4.965611E-2
7.010156E+0	4.175593E-1	-1.616075E+2	4.175114E-1	-1.644371E+2	-1.104645E-3	4.937143E-2
7.011328E+0	4.181822E-1	-1.650431E+2	4.181269E-1	-1.678645E+2	-1.080082E-3	4.922933E-2
7.012500E+0	4.187714E-1	-1.684938E+2	4.187396E-1	-1.713024E+2	-1.125355E-3	4.900341E-2
7.013672E+0	4.193298E-1	-1.719543E+2	4.193269E-1	-1.747496E+2	-1.182951E-3	4.876817E-2
7.014844E+0	4.198842E-1	-1.754230E+2	4.198848E-1	-1.782093E+2	-1.183638E-3	4.861087E-2
7.016016E+0	4.203807E-1	-1.789006E+2	4.203863E-1	1.783236E+2	-1.186625E-3	4.842725E-2
7.017188E+0	4.208211E-1	1.776120E+2	4.208484E-1	1.748470E+2	-1.229002E-3	4.823650E-2
7.018359E+0	4.212215E-1	1.741192E+2	4.212523E-1	1.713631E+2	-1.229758E-3	4.808096E-2
7.019531E+0	4.215544E-1	1.706180E+2	4.216071E-1	1.678726E+2	-1.272619E-3	4.789195E-2
7.020703E+0	4.218304E-1	1.671135E+2	4.218874E-1	1.643761E+2	-1.276040E-3	4.775202E-2
7.021875E+0	4.220252E-1	1.636043E+2	4.220883E-1	1.608756E+2	-1.283172E-3	4.759968E-2
7.023047E+0	4.221430E-1	1.600896E+2	4.222240E-1	1.573699E+2	-1.318006E-3	4.744079E-2
7.024219E+0	4.222027E-1	1.565771E+2	4.222865E-1	1.538649E+2	-1.318399E-3	4.730975E-2
7.025391E+0	4.221902E-1	1.530612E+2	4.222633E-1	1.503568E+2	-1.286667E-3	4.717499E-2
7.026563E+0	4.220863E-1	1.495471E+2	4.221757E-1	1.468508E+2	-1.318611E-3	4.703198E-2
7.027734E+0	4.219237E-1	1.460353E+2	4.220234E-1	1.433490E+2	-1.334873E-3	4.685653E-2
7.028906E+0	4.216831E-1	1.425257E+2	4.217636E-1	1.398481E+2	-1.282442E-3	4.670701E-2
7.030078E+0	4.213761E-1	1.390243E+2	4.214692E-1	1.363530E+2	-1.307308E-3	4.659580E-2
7.031250E+0	4.210416E-1	1.355264E+2	4.211073E-1	1.328633E+2	-1.235843E-3	4.645588E-2
7.032422E+0	4.206153E-1	1.320354E+2	4.207007E-1	1.293788E+2	-1.277506E-3	4.634040E-2
7.033594E+0	4.201896E-1	1.285500E+2	4.202421E-1	1.259031E+2	-1.191692E-3	4.617492E-2
7.034766E+0	4.197220E-1	1.250748E+2	4.197623E-1	1.224359E+2	-1.156364E-3	4.603679E-2
7.035938E+0	4.192188E-1	1.216082E+2	4.192578E-1	1.189761E+2	-1.147925E-3	4.591838E-2
7.037109E+0	4.187204E-1	1.181456E+2	4.187203E-1	1.155207E+2	-1.049000E-3	4.579713E-2
7.038281E+0	4.181682E-1	1.146935E+2	4.181811E-1	1.120760E+2	-1.074148E-3	4.566670E-2
7.039453E+0	4.176471E-1	1.112485E+2	4.176467E-1	1.086392E+2	-1.035850E-3	4.552518E-2
7.040625E+0	4.171200E-1	1.078094E+2	4.171210E-1	1.052089E+2	-1.032221E-3	4.537160E-2
7.041797E+0	4.166140E-1	1.043778E+2	4.165992E-1	1.017849E+2	-9.883272E-4	4.524080E-2
7.042969E+0	4.161291E-1	1.009508E+2	4.160741E-1	9.836806E+1	-8.837565E-4	4.506801E-2
7.044141E+0	4.156323E-1	9.753323E+1	4.156114E-1	9.495827E+1	-9.594640E-4	4.492866E-2
7.045313E+0	4.151962E-1	9.412122E+1	4.151447E-1	9.155101E+1	-8.820512E-4	4.484915E-2
7.046484E+0	4.147775E-1	9.071179E+1	4.147192E-1	8.815299E+1	-8.566322E-4	4.465092E-2
7.047656E+0	4.143996E-1	8.730725E+1	4.143299E-1	8.475434E+1	-8.244284E-4	4.454944E-2
7.048828E+0	4.140586E-1	8.390502E+1	4.139741E-1	8.136183E+1	-7.810249E-4	4.438152E-2
7.050000E+0	4.137554E-1	8.050694E+1	4.136647E-1	7.796855E+1	-7.621845E-4	4.429848E-2
7.051172E+0	4.134923E-1	7.710872E+1	4.133925E-1	7.457916E+1	-7.332336E-4	4.414546E-2
7.052344E+0	4.132560E-1	7.371230E+1	4.131493E-1	7.119118E+1	-7.099148E-4	4.399901E-2
7.053516E+0	4.130662E-1	7.031492E+1	4.129471E-1	6.780453E+1	-6.715669E-4	4.381319E-2
7.054687E+0	4.129121E-1	6.691568E+1	4.127886E-1	6.441389E+1	-6.542422E-4	4.366366E-2
7.055859E+0	4.127905E-1	6.351733E+1	4.126475E-1	6.102270E+1	-6.014803E-4	4.354084E-2
7.057031E+0	4.127030E-1	6.011592E+1	4.125375E-1	5.762804E+1	-5.417763E-4	4.342547E-2
7.058203E+0	4.126229E-1	5.671492E+1	4.124714E-1	5.423192E+1	-5.719269E-4	4.333887E-2
7.059375E+0	4.125652E-1	5.330537E+1	4.124249E-1	5.083411E+1	-5.901575E-4	4.313292E-2
7.060547E+0	4.125451E-1	4.989686E+1	4.123968E-1	4.743320E+1	-5.650409E-4	4.300119E-2
7.061719E+0	4.125507E-1	4.648404E+1	4.123655E-1	4.402917E+1	-4.690268E-4	4.285169E-2
7.062891E+0	4.125482E-1	4.306451E+1	4.123493E-1	4.062077E+1	-4.275098E-4	4.265895E-2
7.064063E+0	4.125451E-1	3.964724E+1	4.123661E-1	3.720801E+1	-4.723891E-4	4.257821E-2
7.065234E+0	4.125655E-1	3.622065E+1	4.123886E-1	3.379112E+1	-4.703064E-4	4.240878E-2
7.066406E+0	4.125876E-1	3.279332E+1	4.124000E-1	3.037145E+1	-4.387349E-4	4.227624E-2
7.067578E+0	4.126037E-1	2.935911E+1	4.124215E-1	2.694518E+1	-4.459914E-4	4.213717E-2
7.068750E+0	4.126148E-1	2.592209E+1	4.124216E-1	2.351685E+1	-4.129639E-4	4.198669E-2
7.069922E+0	4.126147E-1	2.248085E+1	4.124265E-1	2.008277E+1	-4.198431E-4	4.186127E-2
7.071094E+0	4.125880E-1	1.903444E+1	4.124125E-1	1.664433E+1	-4.447819E-4	4.172094E-2
7.072266E+0	4.125434E-1	1.558426E+1	4.123892E-1	1.320234E+1	-4.904100E-4	4.157591E-2
7.073438E+0	4.124821E-1	1.213092E+1	4.123203E-1	9.756636E+0	-4.663990E-4	4.144347E-2
7.074609E+0	4.124037E-1	8.676321E+0	4.122411E-1	6.306211E+0	-4.613683E-4	4.137074E-2
7.075781E+0	4.122641E-1	5.216500E+0	4.121307E-1	2.854020E+0	-5.265534E-4	4.123471E-2
7.076953E+0	4.121064E-1	1.756800E+0	4.119708E-1	-6.009388E-1	-5.176834E-4	4.115223E-2
7.078125E+0	4.119068E-1	-1.706283E+0	4.117831E-1	-4.058083E+0	-5.421478E-4	4.104746E-2
7.079297E+0	4.116728E-1	-5.170673E+0	4.115461E-1	-7.519374E+0	-5.324728E-4	4.099370E-2
7.080469E+0	4.114142E-1	-8.634009E+0	4.112865E-1	-1.097952E+1	-5.275684E-4	4.093816E-2
7.081641E+0	4.110778E-1	-1.209909E+1	4.109694E-1	-1.443790E+1	-5.694710E-4	4.081936E-2
7.082813E+0	4.107105E-1	-1.556383E+1	4.105861E-1	-1.789791E+1	-5.269222E-4	4.073845E-2
7.083984E+0	4.103018E-1	-1.902437E+1	4.101788E-1	-2.135576E+1	-5.281204E-4	4.069140E-2
7.085156E+0	4.098535E-1	-2.248764E+1	4.097139E-1	-2.481277E+1	-4.828578E-4	4.058386E-2
7.086328E+0	4.093226E-1	-2.594339E+1	4.091889E-1	-2.826629E+1	-4.952491E-4	4.054439E-2
7.087500E+0	4.087628E-1	-2.939832E+1	4.086211E-1	-3.171486E+1	-4.707390E-4	4.043425E-2
7.088672E+0	4.081417E-1	-3.284710E+1	4.079888E-1	-3.516118E+1	-4.410376E-4	4.039247E-2
7.089844E+0	4.074972E-1	-3.628724E+1	4.073361E-1	-3.860033E+1	-4.196254E-4	4.037603E-2
7.091016E+0	4.068173E-1	-3.972369E+1	4.066347E-1	-4.203095E+1	-3.620104E-4	4.027648E-2
7.092188E+0	4.060945E-1	-4.314905E+1	4.058686E-1	-4.545335E+1	-2.524855E-4	4.022916E-2
7.093359E+0	4.053259E-1	-4.656877E+1	4.050854E-1	-4.886602E+1	-2.104550E-4	4.010763E-2
7.094531E+0	4.045486E-1	-4.997682E+1	4.042669E-1	-5.226862E+1	-1.036121E-4	4.001666E-2
7.095703E+0	4.037580E-1	-5.337486E+1	4.034503E-1	-5.566106E+1	-3.390358E-5	3.992155E-2
7.096875E+0	4.029344E-1	-5.675882E+1	4.026197E-1	-5.904184E+1	-1.274495E-5	3.986681E-2
7.098047E+0	4.021395E-1	-6.013172E+1	4.017881E-1	-6.240879E+1	8.427577E-5	3.976666E-2
7.099219E+0	4.013696E-1	-6.349495E+1	4.009715E-1	-6.576567E+1	2.068323E-4	3.966050E-2
7.100391E+0	4.006023E-1	-6.684686E+1	4.001848E-1	-6.910910E+1	2.630813E-4	3.951446E-2
7.101562E+0	3.998626E-1	-7.018418E+1	3.994175E-1	-7.243941E+1	3.389581E-4	3.939488E-2
7.102734E+0	3.991683E-1	-7.351344E+1	3.987002E-1	-7.575678E+1	4.067583E-4	3.918962E-2
7.103906E+0	3.985261E-1	-7.682714E+1	3.980323E-1	-7.906266E+1	4.785849E-4	3.905568E-2
7.105078E+0	3.979784E-1	-8.013206E+1	3.974618E-1	-8.236043E+1	5.425509E-4	3.893313E-2
7.106250E+0	3.974479E-1	-8.342530E+1	3.969281E-1	-8.564296E+1	5.596131E-4	3.874648E-2
7.107422E+0	3.970249E-1	-8.671071E+1	3.964888E-1	-8.892020E+1	6.076581E-4	3.860545E-2
7.108594E+0	3.966964E-1	-8.998866E+1	3.961394E-1	-9.218766E+1	6.686215E-4	3.842432E-2
7.109766E+0	3.964845E-1	-9.325739E+1	3.958958E-1	-9.544828E+1	7.549279E-4	3.828577E-2
7.110938E+0	3.963525E-1	-9.652386E+1	3.957736E-1	-9.870320E+1	7.383405E-4	3.808311E-2
7.112109E+0	3.963438E-1	-9.978380E+1	3.957687E-1	-1.019556E+2	7.337669E-4	3.795105E-2
7.113281E+0	3.964329E-1	-1.030457E+2	3.958626E-1	-1.052031E+2	7.308122E-4	3.769907E-2
7.114453E+0	3.966703E-1	-1.063031E+2	3.961026E-1	-1.084543E+2	7.274541E-4	3.759050E-2
7.115625E+0	3.970135E-1	-1.095668E+2	3.964633E-1	-1.117071E+2	6.891748E-4	3.739842E-2
7.116797E+0	3.974835E-1	-1.128333E+2	3.969343E-1	-1.149641E+2	6.911987E-4	3.723235E-2
7.117969E+0	3.980795E-1	-1.161076E+2	3.975381E-1	-1.182287E+2	6.757804E-4	3.706213E-2
7.119141E+0	3.987741E-1	-1.193898E+2	3.982594E-1	-1.215008E+2	6.128370E-4	3.688317E-2
7.120313E+0	3.995990E-1	-1.226808E+2	3.991002E-1	-1.247827E+2	5.761486E-4	3.672269E-2
7.121484E+0	4.005158E-1	-1.259849E+2	4.000500E-1	-1.280784E+2	4.961217E-4	3.657287E-2
7.122656E+0	4.015410E-1	-1.293019E+2	4.011008E-1	-1.313892E+2	4.332431E-4	3.646217E-2
7.123828E+0	4.026596E-1	-1.326342E+2	4.022378E-1	-1.347145E+2	3.888762E-4	3.633817E-2
7.125000E+0	4.038591E-1	-1.359842E+2	4.034503E-1	-1.380576E+2	3.578947E-4	3.621642E-2
7.126172E+0	4.051214E-1	-1.393531E+2	4.047499E-1	-1.414191E+2	2.672168E-4	3.608378E-2
7.127344E+0	4.064347E-1	-1.427391E+2	4.060965E-1	-1.447990E+2	1.860639E-4	3.597423E-2
7.128516E+0	4.078050E-1	-1.461474E+2	4.074689E-1	-1.482016E+2	1.816842E-4	3.587444E-2
7.129688E+0	4.091992E-1	-1.495747E+2	4.089037E-1	-1.516270E+2	8.075465E-5	3.583761E-2
7.130859E+0	4.106030E-1	-1.530290E+2	4.103320E-1	-1.550732E+2	2.362745E-5	3.569401E-2
7.132031E+0	4.119975E-1	-1.565007E+2	4.117459E-1	-1.585422E+2	-2.404461E-5	3.564513E-2
7.133203E+0	4.133602E-1	-1.599974E+2	4.131761E-1	-1.620337E+2	-1.861929E-4	3.554849E-2
7.134375E+0	4.146930E-1	-1.635132E+2	4.145237E-1	-1.655448E+2	-2.204091E-4	3.546516E-2
7.135547E+0	4.159808E-1	-1.670539E+2	4.158241E-1	-1.690834E+2	-2.506686E-4	3.542740E-2
7.136719E+0	4.171604E-1	-1.706104E+2	4.170536E-1	-1.726344E+2	-3.679569E-4	3.532716E-2
7.137891E+0	4.182573E-1	-1.741838E+2	4.181694E-1	-1.762087E+2	-4.143636E-4	3.534124E-2
7.139063E+0	4.192617E-1	-1.777791E+2	4.192033E-1	-1.797995E+2	-4.824369E-4	3.526024E-2
7.140234E+0	4.201350E-1	1.786131E+2	4.200935E-1	1.765921E+2	-5.233054E-4	3.526927E-2
7.141406E+0	4.208910E-1	1.749903E+2	4.208675E-1	1.729725E+2	-5.642610E-4	3.521194E-2
7.142578E+0	4.214882E-1	1.713548E+2	4.215067E-1	1.693388E+2	-6.628207E-4	3.517703E-2
7.143750E+0	4.219279E-1	1.677103E+2	4.219795E-1	1.656946E+2	-7.409787E-4	3.516904E-2
7.144922E+0	4.222350E-1	1.640576E+2	4.223127E-1	1.620422E+2	-8.024625E-4	3.516164E-2
7.146094E+0	4.223738E-1	1.604003E+2	4.224606E-1	1.583846E+2	-8.241094E-4	3.516612E-2
7.147266E+0	4.223239E-1	1.567374E+2	4.224432E-1	1.547206E+2	-9.016789E-4	3.518259E-2
7.148438E+0	4.221212E-1	1.530712E+2	4.222458E-1	1.510555E+2	-9.136797E-4	3.516297E-2
7.149609E+0	4.217540E-1	1.494078E+2	4.218900E-1	1.473917E+2	-9.411785E-4	3.516898E-2
7.150781E+0	4.212086E-1	1.457464E+2	4.213525E-1	1.437284E+2	-9.614938E-4	3.520144E-2
7.151953E+0	4.205166E-1	1.420913E+2	4.206560E-1	1.400708E+2	-9.529049E-4	3.524539E-2
7.153125E+0	4.196517E-1	1.384433E+2	4.198017E-1	1.364210E+2	-9.799209E-4	3.527586E-2
7.154297E+0	4.186290E-1	1.348013E+2	4.187807E-1	1.327784E+2	-9.852178E-4	3.528614E-2
7.155469E+0	4.174689E-1	1.311722E+2	4.176157E-1	1.291459E+2	-9.765974E-4	3.534581E-2
7.156641E+0	4.161797E-1	1.275557E+2	4.163075E-1	1.255257E+2	-9.343753E-4	3.541190E-2
7.157813E+0	4.147524E-1	1.239539E+2	4.148575E-1	1.219227E+2	-8.815062E-4	3.543472E-2
7.158984E+0	4.132229E-1	1.203680E+2	4.133036E-1	1.183343E+2	-8.250059E-4	3.548038E-2
7.160156E+0	4.115868E-1	1.167967E+2	4.116418E-1	1.147599E+2	-7.653213E-4	3.553663E-2
7.161328E+0	4.098426E-1	1.132475E+2	4.098864E-1	1.112076E+2	-7.405100E-4	3.559165E-2
7.162500E+0	4.080510E-1	1.097135E+2	4.080269E-1	1.076742E+2	-5.743188E-4	3.558709E-2
7.163672E+0	4.061780E-1	1.062031E+2	4.061264E-1	1.041599E+2	-5.087974E-4	3.565754E-2
7.164844E+0	4.042646E-1	1.027126E+2	4.041443E-1	1.006693E+2	-3.383562E-4	3.566537E-2
7.166016E+0	4.022967E-1	9.924192E+1	4.021403E-1	9.719875E+1	-2.470802E-4	3.566635E-2
7.167188E+0	4.003109E-1	9.579837E+1	4.000986E-1	9.375621E+1	-1.048415E-4	3.565378E-2
7.168359E+0	3.983105E-1	9.237244E+1	3.980692E-1	9.033192E+1	-2.831245E-5	3.562785E-2
7.169531E+0	3.963747E-1	8.896841E+1	3.960648E-1	8.692867E+1	1.483325E-4	3.562051E-2
7.170703E+0	3.944494E-1	8.558730E+1	3.940765E-1	8.355333E+1	3.156267E-4	3.552560E-2
7.171875E+0	3.925346E-1	8.222974E+1	3.921383E-1	8.019889E+1	3.818691E-4	3.547341E-2
7.173047E+0	3.906887E-1	7.889597E+1	3.902176E-1	7.687067E+1	5.818400E-4	3.538346E-2
7.174219E+0	3.888993E-1	7.558669E+1	3.883654E-1	7.356411E+1	7.508755E-4	3.534187E-2
7.175391E+0	3.871877E-1	7.229784E+1	3.865877E-1	7.028168E+1	9.320243E-4	3.523597E-2
7.176563E+0	3.855395E-1	6.903143E+1	3.849016E-1	6.702122E+1	1.040879E-3	3.513572E-2
7.177734E+0	3.840124E-1	6.578487E+1	3.833165E-1	6.378354E+1	1.204380E-3	3.498610E-2
7.178906E+0	3.825857E-1	6.255932E+1	3.818436E-1	6.056699E+1	1.337781E-3	3.483328E-2
7.180078E+0	3.812595E-1	5.934847E+1	3.804928E-1	5.736539E+1	1.414901E-3	3.467409E-2
7.181250E+0	3.800715E-1	5.615787E+1	3.792633E-1	5.418595E+1	1.537522E-3	3.448303E-2
7.182422E+0	3.790263E-1	5.298230E+1	3.781839E-1	5.101760E+1	1.638317E-3	3.436013E-2
7.183594E+0	3.781183E-1	4.981684E+1	3.772488E-1	4.786753E+1	1.724823E-3	3.409371E-2
7.184766E+0	3.773673E-1	4.666496E+1	3.764811E-1	4.472612E+1	1.780066E-3	3.391232E-2
7.185938E+0	3.767804E-1	4.352186E+1	3.758703E-1	4.159512E+1	1.854579E-3	3.370303E-2
7.187109E+0	3.763520E-1	4.038727E+1	3.754279E-1	3.846806E+1	1.899121E-3	3.357270E-2
7.188281E+0	3.760906E-1	3.725920E+1	3.751605E-1	3.534931E+1	1.922306E-3	3.341032E-2
7.189453E+0	3.760126E-1	3.412898E+1	3.750717E-1	3.223285E+1	1.959667E-3	3.317067E-2
7.190625E+0	3.760955E-1	3.100166E+1	3.751639E-1	2.911602E+1	1.940331E-3	3.298639E-2
7.191797E+0	3.763634E-1	2.786997E+1	3.754506E-1	2.599718E+1	1.895762E-3	3.275998E-2
7.192969E+0	3.768006E-1	2.473482E+1	3.758875E-1	2.287237E+1	1.899631E-3	3.257911E-2
7.194141E+0	3.774162E-1	2.159069E+1	3.765126E-1	1.973834E+1	1.876109E-3	3.240155E-2
7.195313E+0	3.781913E-1	1.843842E+1	3.773006E-1	1.659345E+1	1.841092E-3	3.227124E-2
7.196484E+0	3.791314E-1	1.527120E+1	3.782620E-1	1.343857E+1	1.785741E-3	3.205348E-2
7.197656E+0	3.802240E-1	1.208617E+1	3.793899E-1	1.026625E+1	1.693000E-3	3.182808E-2
7.198828E+0	3.814824E-1	8.889997E+0	3.806641E-1	7.076293E+0	1.647606E-3	3.171786E-2
7.200000E+0	3.828570E-1	5.673990E+0	3.820580E-1	3.864738E+0	1.591738E-3	3.163818E-2
