6.901172E+0	4.206984E-1	1.490052E+2	4.299271E-1	1.522978E+2	-2.308105E-2	-5.620220E-2
6.902344E+0	4.187520E-1	1.455186E+2	4.280690E-1	1.488486E+2	-2.341689E-2	-5.682248E-2
6.903516E+0	4.167933E-1	1.420467E+2	4.262392E-1	1.454154E+2	-2.385066E-2	-5.745883E-2
6.904688E+0	4.148585E-1	1.385878E+2	4.244418E-1	1.419927E+2	-2.430399E-2	-5.805076E-2
6.905859E+0	4.129682E-1	1.351392E+2	4.226953E-1	1.385881E+2	-2.478156E-2	-5.877395E-2
6.907031E+0	4.110627E-1	1.317015E+2	4.209619E-1	1.351931E+2	-2.532828E-2	-5.947005E-2
6.908203E+0	4.092041E-1	1.282743E+2	4.192819E-1	1.318125E+2	-2.589617E-2	-6.023065E-2
6.909375E+0	4.073538E-1	1.248656E+2	4.177071E-1	1.284445E+2	-2.668791E-2	-6.087576E-2
6.910547E+0	4.055510E-1	1.214761E+2	4.161860E-1	1.250911E+2	-2.749238E-2	-6.144061E-2
6.911719E+0	4.038248E-1	1.181066E+2	4.147383E-1	1.217545E+2	-2.828698E-2	-6.195062E-2
6.912891E+0	4.021767E-1	1.147551E+2	4.133956E-1	1.184340E+2	-2.914317E-2	-6.242348E-2
6.914062E+0	4.006031E-1	1.114225E+2	4.121433E-1	1.151294E+2	-3.003403E-2	-6.284219E-2
6.915234E+0	3.991146E-1	1.081152E+2	4.110024E-1	1.118398E+2	-3.097501E-2	-6.308184E-2
6.916406E+0	3.978206E-1	1.048259E+2	4.099613E-1	1.085647E+2	-3.167954E-2	-6.327698E-2
6.917578E+0	3.966375E-1	1.015481E+2	4.090464E-1	1.053013E+2	-3.241584E-2	-6.347309E-2
6.918750E+0	3.955980E-1	9.827990E+1	4.082603E-1	1.020522E+2	-3.311467E-2	-6.375096E-2
6.919922E+0	3.947264E-1	9.501654E+1	4.075956E-1	9.881016E+1	-3.369543E-2	-6.407381E-2
6.921094E+0	3.939392E-1	9.176040E+1	4.070587E-1	9.557900E+1	-3.437854E-2	-6.445137E-2
6.922266E+0	3.932287E-1	8.850932E+1	4.066504E-1	9.235181E+1	-3.517926E-2	-6.480202E-2
6.923438E+0	3.926156E-1	8.526396E+1	4.063703E-1	8.913013E+1	-3.604641E-2	-6.514398E-2
6.924609E+0	3.921117E-1	8.202540E+1	4.062327E-1	8.590968E+1	-3.697811E-2	-6.538680E-2
6.925781E+0	3.917121E-1	7.879639E+1	4.062248E-1	8.269302E+1	-3.795492E-2	-6.552881E-2
6.926953E+0	3.914916E-1	7.557388E+1	4.063490E-1	7.947511E+1	-3.879561E-2	-6.554907E-2
6.928125E+0	3.914263E-1	7.234754E+1	4.066053E-1	7.625067E+1	-3.956389E-2	-6.552868E-2
6.929297E+0	3.915100E-1	6.912007E+1	4.069904E-1	7.302225E+1	-4.026641E-2	-6.546476E-2
6.930469E+0	3.917479E-1	6.588242E+1	4.075201E-1	6.979108E+1	-4.093887E-2	-6.552786E-2
6.931641E+0	3.921021E-1	6.263158E+1	4.081583E-1	6.654603E+1	-4.157930E-2	-6.558141E-2
6.932813E+0	3.925601E-1	5.936599E+1	4.089158E-1	6.329378E+1	-4.225260E-2	-6.575938E-2
6.933984E+0	3.930765E-1	5.608839E+1	4.098012E-1	6.002948E+1	-4.307999E-2	-6.592575E-2
6.935156E+0	3.936256E-1	5.281312E+1	4.107671E-1	5.674961E+1	-4.399125E-2	-6.578585E-2
6.936328E+0	3.943339E-1	4.953105E+1	4.118308E-1	5.345639E+1	-4.473188E-2	-6.554811E-2
6.937500E+0	3.952044E-1	4.623471E+1	4.129997E-1	5.014354E+1	-4.531391E-2	-6.523178E-2
6.938672E+0	3.962100E-1	4.291595E+1	4.142075E-1	4.681698E+1	-4.566672E-2	-6.507715E-2
6.939844E+0	3.973123E-1	3.957178E+1	4.154898E-1	4.346695E+1	-4.595850E-2	-6.495923E-2
6.941016E+0	3.984794E-1	3.619826E+1	4.168038E-1	4.009935E+1	-4.617924E-2	-6.504321E-2
6.942188E+0	3.996568E-1	3.279799E+1	4.181668E-1	3.671222E+1	-4.649402E-2	-6.524143E-2
6.943359E+0	4.008403E-1	2.936600E+1	4.195194E-1	3.330168E+1	-4.677826E-2	-6.558053E-2
6.944531E+0	4.019168E-1	2.590637E+1	4.208792E-1	2.987247E+1	-4.734121E-2	-6.605000E-2
6.945703E+0	4.028534E-1	2.243100E+1	4.222224E-1	2.642360E+1	-4.818954E-2	-6.643354E-2
6.946875E+0	4.036711E-1	1.895751E+1	4.235100E-1	2.295296E+1	-4.916056E-2	-6.641329E-2
6.948047E+0	4.044950E-1	1.548221E+1	4.247563E-1	1.946378E+1	-4.999943E-2	-6.612344E-2
6.949219E+0	4.053776E-1	1.199169E+1	4.259252E-1	1.595620E+1	-5.051977E-2	-6.580315E-2
6.950391E+0	4.062588E-1	8.480532E+0	4.270068E-1	1.243155E+1	-5.085059E-2	-6.555565E-2
6.951563E+0	4.071400E-1	4.943917E+0	4.279928E-1	8.892480E+0	-5.098039E-2	-6.550583E-2
6.952734E+0	4.079439E-1	1.374008E+0	4.288619E-1	5.339321E+0	-5.105275E-2	-6.577958E-2
6.953906E+0	4.085411E-1	-2.221878E+0	4.296015E-1	1.774372E+0	-5.133530E-2	-6.627470E-2
6.955078E+0	4.088641E-1	-5.820754E+0	4.302152E-1	-1.801188E+0	-5.196663E-2	-6.661829E-2
6.956250E+0	4.090288E-1	-9.418228E+0	4.306849E-1	-5.384041E+0	-5.263609E-2	-6.681419E-2
6.957422E+0	4.090675E-1	-1.301173E+1	4.310037E-1	-8.970383E+0	-5.325561E-2	-6.688940E-2
6.958594E+0	4.090005E-1	-1.660325E+1	4.311814E-1	-1.255833E+1	-5.380496E-2	-6.690989E-2
6.959766E+0	4.088314E-1	-2.019822E+1	4.311966E-1	-1.614923E+1	-5.423425E-2	-6.694705E-2
6.960937E+0	4.085585E-1	-2.379622E+1	4.310879E-1	-1.973660E+1	-5.463968E-2	-6.709462E-2
6.962109E+0	4.081388E-1	-2.738619E+1	4.308692E-1	-2.331899E+1	-5.514035E-2	-6.718472E-2
6.963281E+0	4.076334E-1	-3.096151E+1	4.305444E-1	-2.689397E+1	-5.559886E-2	-6.715775E-2
6.964453E+0	4.070843E-1	-3.452551E+1	4.300993E-1	-3.046424E+1	-5.588764E-2	-6.703338E-2
6.965625E+0	4.065222E-1	-3.808478E+1	4.295349E-1	-3.402006E+1	-5.595647E-2	-6.708562E-2
6.966797E+0	4.059706E-1	-4.164880E+1	4.288795E-1	-3.756772E+1	-5.581592E-2	-6.736658E-2
6.967969E+0	4.053564E-1	-4.522224E+1	4.281225E-1	-4.110546E+1	-5.561960E-2	-6.797203E-2
6.969141E+0	4.045779E-1	-4.879850E+1	4.272962E-1	-4.462708E+1	-5.567584E-2	-6.887327E-2
6.970313E+0	4.036801E-1	-5.236733E+1	4.264078E-1	-4.813614E+1	-5.588065E-2	-6.984853E-2
6.971484E+0	4.026305E-1	-5.592234E+1	4.254612E-1	-5.163028E+1	-5.631506E-2	-7.082451E-2
6.972656E+0	4.015028E-1	-5.947033E+1	4.244971E-1	-5.511085E+1	-5.690485E-2	-7.189634E-2
6.973828E+0	4.003091E-1	-6.300526E+1	4.235011E-1	-5.857598E+1	-5.758558E-2	-7.299931E-2
6.975000E+0	3.989687E-1	-6.653141E+1	4.224994E-1	-6.202542E+1	-5.861277E-2	-7.418781E-2
6.976172E+0	3.975058E-1	-7.002969E+1	4.214953E-1	-6.546197E+1	-5.991055E-2	-7.510476E-2
6.977344E+0	3.959537E-1	-7.349725E+1	4.204945E-1	-6.888301E+1	-6.141369E-2	-7.575165E-2
6.978516E+0	3.944490E-1	-7.693111E+1	4.195499E-1	-7.229226E+1	-6.290791E-2	-7.603619E-2
6.979688E+0	3.930373E-1	-8.033655E+1	4.186271E-1	-7.568878E+1	-6.421524E-2	-7.607676E-2
6.980859E+0	3.917990E-1	-8.372930E+1	4.177460E-1	-7.907197E+1	-6.520869E-2	-7.615300E-2
6.982031E+0	3.906683E-1	-8.712170E+1	4.168763E-1	-8.244444E+1	-6.598838E-2	-7.641654E-2
6.983203E+0	3.895782E-1	-9.051040E+1	4.160978E-1	-8.580701E+1	-6.688690E-2	-7.677144E-2
6.984375E+0	3.885123E-1	-9.389191E+1	4.153735E-1	-8.915920E+1	-6.785665E-2	-7.717191E-2
6.985547E+0	3.874918E-1	-9.725718E+1	4.147255E-1	-9.250463E+1	-6.887922E-2	-7.741190E-2
6.986719E+0	3.865730E-1	-1.006152E+2	4.141314E-1	-9.584181E+1	-6.978264E-2	-7.767748E-2
6.987891E+0	3.858051E-1	-1.039732E+2	4.135990E-1	-9.917314E+1	-7.047166E-2	-7.805566E-2
6.989063E+0	3.851574E-1	-1.073483E+2	4.131595E-1	-1.025004E+2	-7.111050E-2	-7.878312E-2
6.990234E+0	3.844741E-1	-1.107355E+2	4.127875E-1	-1.058238E+2	-7.201103E-2	-7.974761E-2
6.991406E+0	3.836839E-1	-1.141192E+2	4.124904E-1	-1.091432E+2	-7.334124E-2	-8.068102E-2
6.992578E+0	3.828207E-1	-1.174900E+2	4.122851E-1	-1.124614E+2	-7.503994E-2	-8.138878E-2
6.993750E+0	3.819799E-1	-1.208380E+2	4.121522E-1	-1.157780E+2	-7.681852E-2	-8.174216E-2
6.994922E+0	3.812183E-1	-1.241642E+2	4.121082E-1	-1.190941E+2	-7.857520E-2	-8.175032E-2
6.996094E+0	3.806221E-1	-1.274778E+2	4.121376E-1	-1.224118E+2	-8.007604E-2	-8.155081E-2
6.997266E+0	3.802514E-1	-1.308001E+2	4.122483E-1	-1.257357E+2	-8.121649E-2	-8.142385E-2
6.998438E+0	3.800166E-1	-1.341444E+2	4.124289E-1	-1.290613E+2	-8.221251E-2	-8.163749E-2
6.999609E+0	3.798015E-1	-1.375069E+2	4.126897E-1	-1.323917E+2	-8.335749E-2	-8.205328E-2
7.000781E+0	3.796007E-1	-1.408812E+2	4.129934E-1	-1.357281E+2	-8.457024E-2	-8.255515E-2
7.001953E+0	3.793182E-1	-1.442612E+2	4.133759E-1	-1.390721E+2	-8.614989E-2	-8.299159E-2
7.003125E+0	3.789947E-1	-1.476270E+2	4.138246E-1	-1.424222E+2	-8.794202E-2	-8.308082E-2
7.004297E+0	3.787643E-1	-1.509896E+2	4.143018E-1	-1.457820E+2	-8.955042E-2	-8.297917E-2
7.005469E+0	3.786365E-1	-1.543622E+2	4.148380E-1	-1.491523E+2	-9.103735E-2	-8.288044E-2
7.006641E+0	3.785336E-1	-1.577452E+2	4.154073E-1	-1.525289E+2	-9.253898E-2	-8.284573E-2
7.007812E+0	3.783913E-1	-1.611306E+2	4.159904E-1	-1.559176E+2	-9.414688E-2	-8.264633E-2
7.008984E+0	3.782840E-1	-1.645104E+2	4.166019E-1	-1.593161E+2	-9.570613E-2	-8.220648E-2
7.010156E+0	3.782973E-1	-1.678943E+2	4.172350E-1	-1.627276E+2	-9.700710E-2	-8.164966E-2
7.011328E+0	3.784051E-1	-1.712928E+2	4.178558E-1	-1.661490E+2	-9.805920E-2	-8.119110E-2
7.012500E+0	3.786328E-1	-1.747011E+2	4.184684E-1	-1.695796E+2	-9.880612E-2	-8.077029E-2
7.013672E+0	3.789535E-1	-1.781485E+2	4.190695E-1	-1.730230E+2	-9.934219E-2	-8.078562E-2
7.014844E+0	3.792529E-1	1.783655E+2	4.196233E-1	-1.764764E+2	-9.986628E-2	-8.125492E-2
7.016016E+0	3.793775E-1	1.748509E+2	4.201614E-1	-1.799391E+2	-1.007976E-1	-8.199207E-2
7.017188E+0	3.793003E-1	1.713242E+2	4.206638E-1	1.765873E+2	-1.021306E-1	-8.270963E-2
7.018359E+0	3.790182E-1	1.678016E+2	4.210805E-1	1.731068E+2	-1.037471E-1	-8.322491E-2
7.019531E+0	3.786854E-1	1.642863E+2	4.214668E-1	1.696192E+2	-1.053951E-1	-8.350813E-2
7.020703E+0	3.783447E-1	1.607630E+2	4.217924E-1	1.661252E+2	-1.069327E-1	-8.382530E-2
7.021875E+0	3.779092E-1	1.572272E+2	4.220215E-1	1.626272E+2	-1.085003E-1	-8.427153E-2
7.023047E+0	3.773509E-1	1.536903E+2	4.221963E-1	1.591251E+2	-1.102372E-1	-8.465263E-2
7.024219E+0	3.766933E-1	1.501510E+2	4.223033E-1	1.556188E+2	-1.120616E-1	-8.499512E-2
7.025391E+0	3.758990E-1	1.466085E+2	4.223234E-1	1.521122E+2	-1.140294E-1	-8.536701E-2
7.026563E+0	3.749560E-1	1.430736E+2	4.222552E-1	1.486052E+2	-1.161509E-1	-8.559700E-2
7.027734E+0	3.738679E-1	1.395520E+2	4.221305E-1	1.451001E+2	-1.184800E-1	-8.562768E-2
7.028906E+0	3.726918E-1	1.360532E+2	4.219128E-1	1.415988E+2	-1.207959E-1	-8.536400E-2
7.030078E+0	3.714787E-1	1.325803E+2	4.216381E-1	1.381002E+2	-1.230487E-1	-8.474823E-2
7.031250E+0	3.703294E-1	1.291251E+2	4.213105E-1	1.346071E+2	-1.250263E-1	-8.397296E-2
7.032422E+0	3.693053E-1	1.256773E+2	4.209205E-1	1.311212E+2	-1.265819E-1	-8.323756E-2
7.033594E+0	3.684124E-1	1.222168E+2	4.205062E-1	1.276395E+2	-1.278045E-1	-8.279540E-2
7.034766E+0	3.675287E-1	1.187274E+2	4.200181E-1	1.241685E+2	-1.289121E-1	-8.297254E-2
7.035938E+0	3.665179E-1	1.152246E+2	4.195261E-1	1.207037E+2	-1.303442E-1	-8.341817E-2
7.037109E+0	3.652960E-1	1.117294E+2	4.189999E-1	1.172480E+2	-1.322125E-1	-8.384276E-2
7.038281E+0	3.639438E-1	1.082491E+2	4.184784E-1	1.137998E+2	-1.343944E-1	-8.412147E-2
7.039453E+0	3.625075E-1	1.047933E+2	4.179483E-1	1.103586E+2	-1.367383E-1	-8.411574E-2
7.040625E+0	3.610972E-1	1.013677E+2	4.174091E-1	1.069237E+2	-1.389723E-1	-8.375697E-2
7.041797E+0	3.598306E-1	9.795235E+1	4.168833E-1	1.034979E+2	-1.408951E-1	-8.341176E-2
7.042969E+0	3.586985E-1	9.452283E+1	4.163554E-1	1.000767E+2	-1.425243E-1	-8.337927E-2
7.044141E+0	3.575897E-1	9.106930E+1	4.158605E-1	9.666467E+1	-1.442181E-1	-8.384033E-2
7.045313E+0	3.563858E-1	8.759509E+1	4.154107E-1	9.325549E+1	-1.462713E-1	-8.461756E-2
7.046484E+0	3.549325E-1	8.411553E+1	4.149569E-1	8.985123E+1	-1.489344E-1	-8.548324E-2
7.047656E+0	3.532798E-1	8.067137E+1	4.145429E-1	8.645323E+1	-1.521202E-1	-8.585329E-2
7.048828E+0	3.516198E-1	7.725847E+1	4.141813E-1	8.305870E+1	-1.553950E-1	-8.579528E-2
7.050000E+0	3.500696E-1	7.385018E+1	4.138251E-1	7.966718E+1	-1.584199E-1	-8.573688E-2
7.051172E+0	3.485017E-1	7.044419E+1	4.135527E-1	7.627547E+1	-1.616586E-1	-8.561804E-2
7.052344E+0	3.468613E-1	6.703870E+1	4.132805E-1	7.288626E+1	-1.650794E-1	-8.550840E-2
7.053516E+0	3.451546E-1	6.365708E+1	4.130704E-1	6.949789E+1	-1.687550E-1	-8.503301E-2
7.054687E+0	3.435199E-1	6.030118E+1	4.128791E-1	6.610757E+1	-1.722578E-1	-8.417225E-2
7.055859E+0	3.420465E-1	5.694751E+1	4.127488E-1	6.271898E+1	-1.754970E-1	-8.333519E-2
7.057031E+0	3.406694E-1	5.357925E+1	4.126181E-1	5.932548E+1	-1.785199E-1	-8.266410E-2
7.058203E+0	3.392930E-1	5.018546E+1	4.125331E-1	5.593096E+1	-1.816692E-1	-8.233665E-2
7.059375E+0	3.377469E-1	4.677117E+1	4.124676E-1	5.253622E+1	-1.852969E-1	-8.225246E-2
7.060547E+0	3.359428E-1	4.336839E+1	4.124255E-1	4.913527E+1	-1.895686E-1	-8.184734E-2
7.061719E+0	3.339959E-1	4.000341E+1	4.123926E-1	4.573383E+1	-1.941494E-1	-8.086672E-2
7.062891E+0	3.321711E-1	3.666596E+1	4.123724E-1	4.232490E+1	-1.984132E-1	-7.942887E-2
7.064063E+0	3.303643E-1	3.332199E+1	4.123861E-1	3.891602E+1	-2.027109E-1	-7.809101E-2
7.065234E+0	3.285747E-1	2.998239E+1	4.124066E-1	3.550103E+1	-2.069677E-1	-7.662072E-2
7.066406E+0	3.267311E-1	2.662992E+1	4.124216E-1	3.208490E+1	-2.113619E-1	-7.531185E-2
7.067578E+0	3.247005E-1	2.329818E+1	4.124384E-1	2.866059E+1	-2.161752E-1	-7.357445E-2
7.068750E+0	3.226044E-1	1.999971E+1	4.124543E-1	2.523124E+1	-2.211003E-1	-7.131763E-2
7.069922E+0	3.206019E-1	1.672716E+1	4.124637E-1	2.180166E+1	-2.257614E-1	-6.875164E-2
7.071094E+0	3.186949E-1	1.346739E+1	4.124427E-1	1.836392E+1	-2.301190E-1	-6.595512E-2
7.072266E+0	3.169088E-1	1.021658E+1	4.124298E-1	1.492505E+1	-2.341986E-1	-6.307431E-2
7.073438E+0	3.153680E-1	6.942401E+0	4.123756E-1	1.148008E+1	-2.376380E-1	-6.050367E-2
7.074609E+0	3.139199E-1	3.601088E+0	4.123094E-1	8.032070E+0	-2.409059E-1	-5.882203E-2
7.075781E+0	3.122961E-1	1.832084E-1	4.122128E-1	4.582632E+0	-2.446233E-1	-5.811542E-2
7.076953E+0	3.101740E-1	-3.294188E+0	4.120695E-1	1.126354E+0	-2.495167E-1	-5.801721E-2
7.078125E+0	3.073764E-1	-6.759945E+0	4.119226E-1	-2.330328E+0	-2.560295E-1	-5.763227E-2
7.079297E+0	3.040675E-1	-1.017715E+1	4.116946E-1	-5.787452E+0	-2.635912E-1	-5.653038E-2
7.080469E+0	3.004303E-1	-1.352231E+1	4.114427E-1	-9.246185E+0	-2.718452E-1	-5.444511E-2
7.081641E+0	2.966467E-1	-1.682108E+1	4.111565E-1	-1.270822E+1	-2.803647E-1	-5.174646E-2
7.082813E+0	2.926446E-1	-2.011502E+1	4.108169E-1	-1.616502E+1	-2.893441E-1	-4.907074E-2
7.083984E+0	2.879273E-1	-2.337755E+1	4.104177E-1	-1.962714E+1	-2.999554E-1	-4.588838E-2
7.085156E+0	2.824370E-1	-2.647011E+1	4.099669E-1	-2.308375E+1	-3.122766E-1	-4.069400E-2
7.086328E+0	2.768518E-1	-2.934373E+1	4.094837E-1	-2.653779E+1	-3.247109E-1	-3.309732E-2
7.087500E+0	2.716306E-1	-3.208657E+1	4.089436E-1	-2.999138E+1	-3.362190E-1	-2.428395E-2
7.088672E+0	2.664455E-1	-3.482721E+1	4.083355E-1	-3.343880E+1	-3.476754E-1	-1.581044E-2
7.089844E+0	2.601714E-1	-3.745947E+1	4.077002E-1	-3.688006E+1	-3.618887E-1	-6.453192E-3
7.091016E+0	2.528176E-1	-3.967694E+1	4.069838E-1	-4.031353E+1	-3.788402E-1	6.901737E-3
7.092188E+0	2.454229E-1	-4.127279E+1	4.062653E-1	-4.374349E+1	-3.964664E-1	2.604163E-2
7.093359E+0	2.393561E-1	-4.215973E+1	4.055023E-1	-4.715940E+1	-4.119752E-1	5.144209E-2
7.094531E+0	2.360677E-1	-4.251532E+1	4.047076E-1	-5.056787E+1	-4.224470E-1	8.171002E-2
7.095703E+0	2.363966E-1	-4.266764E+1	4.038889E-1	-5.396610E+1	-4.260421E-1	1.146721E-1
7.096875E+0	2.403381E-1	-4.307059E+1	4.030647E-1	-5.735149E+1	-4.221494E-1	1.470871E-1
7.098047E+0	2.465607E-1	-4.399589E+1	4.022326E-1	-6.072604E+1	-4.129664E-1	1.764553E-1
7.099219E+0	2.535461E-1	-4.528061E+1	4.013931E-1	-6.408643E+1	-4.020552E-1	2.036248E-1
7.100391E+0	2.618978E-1	-4.670748E+1	4.005957E-1	-6.743633E+1	-3.885504E-1	2.313995E-1
7.101562E+0	2.725698E-1	-4.856970E+1	3.998011E-1	-7.077289E+1	-3.687896E-1	2.576332E-1
7.102734E+0	2.842417E-1	-5.099360E+1	3.990677E-1	-7.409859E+1	-3.448683E-1	2.795048E-1
7.103906E+0	2.962201E-1	-5.386332E+1	3.983778E-1	-7.741203E+1	-3.183578E-1	2.970758E-1
7.105078E+0	3.082388E-1	-5.720731E+1	3.977560E-1	-8.070997E+1	-2.893437E-1	3.090414E-1
7.106250E+0	3.191638E-1	-6.091021E+1	3.972025E-1	-8.400058E+1	-2.608436E-1	3.151301E-1
7.107422E+0	3.287785E-1	-6.479321E+1	3.967139E-1	-8.728096E+1	-2.342627E-1	3.169870E-1
7.108594E+0	3.372316E-1	-6.879146E+1	3.963241E-1	-9.055290E+1	-2.097403E-1	3.154646E-1
7.109766E+0	3.443972E-1	-7.285642E+1	3.960286E-1	-9.381653E+1	-1.879164E-1	3.110812E-1
7.110938E+0	3.503610E-1	-7.691330E+1	3.958460E-1	-9.707248E+1	-1.691277E-1	3.050296E-1
7.112109E+0	3.553297E-1	-8.090103E+1	3.957656E-1	-1.003263E+2	-1.532793E-1	2.985973E-1
7.113281E+0	3.598501E-1	-8.482195E+1	3.958208E-1	-1.035761E+2	-1.391445E-1	2.922906E-1
7.114453E+0	3.641529E-1	-8.870914E+1	3.959860E-1	-1.068267E+2	-1.259833E-1	2.859692E-1
7.115625E+0	3.681692E-1	-9.259101E+1	3.962833E-1	-1.100790E+2	-1.138854E-1	2.791867E-1
7.116797E+0	3.718640E-1	-9.647484E+1	3.967026E-1	-1.133333E+2	-1.028977E-1	2.718502E-1
7.117969E+0	3.751486E-1	-1.003419E+2	3.972331E-1	-1.165932E+2	-9.333090E-2	2.642923E-1
7.119141E+0	3.780643E-1	-1.041812E+2	3.979095E-1	-1.198614E+2	-8.523241E-2	2.567885E-1
7.120313E+0	3.807746E-1	-1.079777E+2	3.987051E-1	-1.231383E+2	-7.821010E-2	2.497642E-1
7.121484E+0	3.833735E-1	-1.117497E+2	3.995880E-1	-1.264285E+2	-7.189206E-2	2.431176E-1
7.122656E+0	3.859451E-1	-1.155069E+2	4.005852E-1	-1.297316E+2	-6.608673E-2	2.367448E-1
7.123828E+0	3.884340E-1	-1.192636E+2	4.016862E-1	-1.330464E+2	-6.083562E-2	2.303820E-1
7.125000E+0	3.907968E-1	-1.230163E+2	4.028662E-1	-1.363820E+2	-5.623294E-2	2.242401E-1
7.126172E+0	3.930460E-1	-1.267630E+2	4.041163E-1	-1.397332E+2	-5.220801E-2	2.182959E-1
7.127344E+0	3.951932E-1	-1.304979E+2	4.054439E-1	-1.431052E+2	-4.878411E-2	2.127492E-1
7.128516E+0	3.972988E-1	-1.342253E+2	4.068026E-1	-1.464975E+2	-4.567952E-2	2.075905E-1
7.129688E+0	3.993839E-1	-1.379479E+2	4.082287E-1	-1.499110E+2	-4.291442E-2	2.027907E-1
7.130859E+0	4.014867E-1	-1.416760E+2	4.096551E-1	-1.533458E+2	-4.019798E-2	1.982379E-1
7.132031E+0	4.035427E-1	-1.454117E+2	4.110938E-1	-1.568033E+2	-3.770632E-2	1.938856E-1
7.133203E+0	4.055400E-1	-1.491596E+2	4.124966E-1	-1.602832E+2	-3.533451E-2	1.896725E-1
7.134375E+0	4.074732E-1	-1.529189E+2	4.138719E-1	-1.637845E+2	-3.311134E-2	1.855914E-1
7.135547E+0	4.092986E-1	-1.566921E+2	4.152085E-1	-1.673090E+2	-3.110886E-2	1.816189E-1
7.136719E+0	4.109851E-1	-1.604778E+2	4.164847E-1	-1.708552E+2	-2.934621E-2	1.777526E-1
7.137891E+0	4.125473E-1	-1.642733E+2	4.176523E-1	-1.744200E+2	-2.767200E-2	1.740158E-1
7.139063E+0	4.139248E-1	-1.680796E+2	4.187312E-1	-1.780005E+2	-2.626030E-2	1.703108E-1
7.140234E+0	4.151410E-1	-1.718888E+2	4.196932E-1	1.784004E+2	-2.501939E-2	1.668456E-1
7.141406E+0	4.161970E-1	-1.757011E+2	4.205302E-1	1.747867E+2	-2.391202E-2	1.635548E-1
7.142578E+0	4.170482E-1	-1.795167E+2	4.212397E-1	1.711602E+2	-2.302847E-2	1.603897E-1
7.143750E+0	4.177315E-1	1.766674E+2	4.218033E-1	1.675195E+2	-2.224930E-2	1.574488E-1
7.144922E+0	4.182494E-1	1.728539E+2	4.221850E-1	1.638709E+2	-2.147293E-2	1.546859E-1
7.146094E+0	4.185885E-1	1.690421E+2	4.224310E-1	1.602147E+2	-2.083331E-2	1.520625E-1
7.147266E+0	4.187312E-1	1.652356E+2	4.225016E-1	1.565535E+2	-2.028064E-2	1.496049E-1
7.148438E+0	4.186895E-1	1.614338E+2	4.223973E-1	1.528894E+2	-1.977954E-2	1.472716E-1
7.149609E+0	4.184960E-1	1.576390E+2	4.221304E-1	1.492246E+2	-1.928140E-2	1.450718E-1
7.150781E+0	4.181131E-1	1.538542E+2	4.216823E-1	1.455626E+2	-1.882877E-2	1.429905E-1
7.151953E+0	4.175837E-1	1.500809E+2	4.210514E-1	1.419000E+2	-1.832828E-2	1.411270E-1
7.153125E+0	4.168743E-1	1.463222E+2	4.202775E-1	1.382473E+2	-1.793193E-2	1.393301E-1
7.154297E+0	4.160448E-1	1.425761E+2	4.193366E-1	1.345992E+2	-1.744996E-2	1.376845E-1
7.155469E+0	4.150734E-1	1.388463E+2	4.182319E-1	1.309623E+2	-1.693284E-2	1.361320E-1
7.156641E+0	4.139693E-1	1.351303E+2	4.170059E-1	1.273366E+2	-1.645189E-2	1.346192E-1
7.157813E+0	4.127463E-1	1.314312E+2	4.156351E-1	1.237257E+2	-1.591723E-2	1.331494E-1
7.158984E+0	4.114146E-1	1.277524E+2	4.141266E-1	1.201260E+2	-1.533630E-2	1.318440E-1
7.160156E+0	4.099841E-1	1.240912E+2	4.125131E-1	1.165463E+2	-1.473537E-2	1.304981E-1
7.161328E+0	4.084595E-1	1.204523E+2	4.107994E-1	1.129832E+2	-1.413253E-2	1.292511E-1
7.162500E+0	4.068701E-1	1.168325E+2	4.090014E-1	1.094397E+2	-1.348033E-2	1.280005E-1
7.163672E+0	4.051910E-1	1.132372E+2	4.071154E-1	1.059164E+2	-1.284013E-2	1.268224E-1
7.164844E+0	4.034896E-1	1.096660E+2	4.051829E-1	1.024146E+2	-1.214381E-2	1.256957E-1
7.166016E+0	4.017441E-1	1.061126E+2	4.031785E-1	9.893250E+1	-1.137166E-2	1.245440E-1
7.167188E+0	3.999846E-1	1.025844E+2	4.011464E-1	9.547779E+1	-1.055628E-2	1.233577E-1
7.168359E+0	3.981999E-1	9.907832E+1	3.990895E-1	9.204388E+1	-9.739577E-3	1.221929E-1
7.169531E+0	3.964397E-1	9.559142E+1	3.970705E-1	8.862737E+1	-8.954492E-3	1.210539E-1
7.170703E+0	3.947301E-1	9.212639E+1	3.950898E-1	8.523795E+1	-8.122294E-3	1.198273E-1
7.171875E+0	3.930230E-1	8.868563E+1	3.931029E-1	8.187344E+1	-7.261525E-3	1.185911E-1
7.173047E+0	3.913401E-1	8.526759E+1	3.911786E-1	7.853304E+1	-6.489879E-3	1.173180E-1
7.174219E+0	3.897256E-1	8.187382E+1	3.893025E-1	7.521422E+1	-5.667849E-3	1.160964E-1
7.175391E+0	3.881548E-1	7.850043E+1	3.874863E-1	7.192226E+1	-4.869651E-3	1.147563E-1
7.176563E+0	3.866751E-1	7.515165E+1	3.857650E-1	6.865034E+1	-4.086696E-3	1.134931E-1
7.177734E+0	3.852577E-1	7.181963E+1	3.841046E-1	6.540394E+1	-3.279397E-3	1.120765E-1
7.178906E+0	3.839354E-1	6.850780E+1	3.825876E-1	6.217545E+1	-2.599801E-3	1.106841E-1
7.180078E+0	3.827145E-1	6.521579E+1	3.811765E-1	5.896608E+1	-1.932214E-3	1.093011E-1
7.181250E+0	3.815948E-1	6.194018E+1	3.798792E-1	5.577456E+1	-1.294362E-3	1.078879E-1
7.182422E+0	3.805864E-1	5.868304E+1	3.787442E-1	5.260130E+1	-7.916470E-4	1.064625E-1
7.183594E+0	3.797014E-1	5.544035E+1	3.777247E-1	4.944344E+1	-2.679307E-4	1.050216E-1
7.184766E+0	3.789766E-1	5.220848E+1	3.768699E-1	4.629757E+1	2.434978E-4	1.035576E-1
7.185938E+0	3.784000E-1	4.898938E+1	3.761792E-1	4.315991E+1	7.016387E-4	1.021676E-1
7.187109E+0	3.779630E-1	4.577694E+1	3.756610E-1	4.003456E+1	1.078949E-3	1.006689E-1
7.188281E+0	3.776674E-1	4.257175E+1	3.753029E-1	3.691202E+1	1.394662E-3	9.924169E-2
7.189453E+0	3.775362E-1	3.937159E+1	3.751302E-1	3.379325E+1	1.647618E-3	9.783012E-2
7.190625E+0	3.775662E-1	3.617417E+1	3.751279E-1	3.067719E+1	1.871274E-3	9.641593E-2
7.191797E+0	3.777427E-1	3.297941E+1	3.752923E-1	2.755899E+1	2.028475E-3	9.507990E-2
7.192969E+0	3.781058E-1	2.978280E+1	3.756742E-1	2.443674E+1	2.094594E-3	9.377408E-2
7.194141E+0	3.786151E-1	2.658050E+1	3.762138E-1	2.130916E+1	2.126591E-3	9.245891E-2
7.195313E+0	3.793101E-1	2.336984E+1	3.769073E-1	1.817026E+1	2.233872E-3	9.120302E-2
7.196484E+0	3.801458E-1	2.014718E+1	3.777927E-1	1.501857E+1	2.200165E-3	8.994843E-2
7.197656E+0	3.811355E-1	1.691451E+1	3.788313E-1	1.185539E+1	2.162932E-3	8.871998E-2
7.198828E+0	3.822663E-1	1.366808E+1	3.800242E-1	8.676655E+0	2.085244E-3	8.751998E-2
7.200000E+0	3.835146E-1	1.040545E+1	3.813682E-1	5.475009E+0	1.907105E-3	8.642998E-2
7.201172E+0	3.849080E-1	7.123610E+0	3.828606E-1	2.253801E+0	1.718501E-3	8.534588E-2
7.202344E+0	3.864124E-1	3.823165E+0	3.844470E-1	-9.887081E-1	1.569758E-3	8.431318E-2
7.203516E+0	3.880101E-1	4.989663E-1	3.861442E-1	-4.254812E+0	1.375550E-3	8.327438E-2
7.204688E+0	3.896866E-1	-2.845566E+0	3.879353E-1	-7.549426E+0	1.131072E-3	8.237586E-2
7.205859E+0	3.914610E-1	-6.216575E+0	3.898330E-1	-1.087060E+1	8.651923E-4	8.147761E-2
7.207031E+0	3.932755E-1	-9.613157E+0	3.917674E-1	-1.421831E+1	6.087122E-4	8.059764E-2
7.208203E+0	3.951546E-1	-1.303632E+1	3.937389E-1	-1.759654E+1	4.184673E-4	7.979272E-2
7.209375E+0	3.970095E-1	-1.648709E+1	3.957312E-1	-2.100295E+1	1.157723E-4	7.898938E-2
7.210547E+0	3.988786E-1	-1.996326E+1	3.977439E-1	-2.443852E+1	-2.047382E-4	7.825123E-2
7.211719E+0	4.007285E-1	-2.346530E+1	3.997213E-1	-2.790121E+1	-4.833194E-4	7.753880E-2
7.212891E+0	4.025405E-1	-2.699536E+1	4.016524E-1	-3.139506E+1	-7.422460E-4	7.688343E-2
7.214063E+0	4.042951E-1	-3.054735E+1	4.035188E-1	-3.491724E+1	-9.888348E-4	7.634163E-2
7.215234E+0	4.059508E-1	-3.412596E+1	4.053083E-1	-3.846207E+1	-1.281643E-3	7.572703E-2
7.216406E+0	4.075088E-1	-3.772543E+1	4.069854E-1	-4.203197E+1	-1.541021E-3	7.518912E-2
7.217578E+0	4.089617E-1	-4.134472E+1	4.085488E-1	-4.562522E+1	-1.781575E-3	7.471478E-2
7.218750E+0	4.102896E-1	-4.498240E+1	4.099745E-1	-4.923794E+1	-1.990520E-3	7.426195E-2
7.219922E+0	4.114516E-1	-4.864153E+1	4.112600E-1	-5.286896E+1	-2.256082E-3	7.374999E-2
7.221094E+0	4.124487E-1	-5.231168E+1	4.123448E-1	-5.651218E+1	-2.434865E-3	7.326536E-2
7.222266E+0	4.132638E-1	-5.599456E+1	4.132771E-1	-6.016951E+1	-2.685694E-3	7.279982E-2
7.223438E+0	4.138964E-1	-5.968042E+1	4.140350E-1	-6.383659E+1	-2.963663E-3	7.245099E-2
7.224609E+0	4.143638E-1	-6.337209E+1	4.145839E-1	-6.751234E+1	-3.139198E-3	7.215979E-2
7.225781E+0	4.146532E-1	-6.706586E+1	4.149543E-1	-7.119127E+1	-3.314765E-3	7.188759E-2
7.226953E+0	4.147891E-1	-7.076381E+1	4.151364E-1	-7.487268E+1	-3.404740E-3	7.159191E-2
7.228125E+0	4.147153E-1	-7.445795E+1	4.151434E-1	-7.854999E+1	-3.577875E-3	7.128529E-2
7.229297E+0	4.144720E-1	-7.814742E+1	4.149509E-1	-8.222603E+1	-3.683784E-3	7.104298E-2
7.230469E+0	4.140713E-1	-8.183280E+1	4.145738E-1	-8.589379E+1	-3.719814E-3	7.073248E-2
7.231641E+0	4.135099E-1	-8.550767E+1	4.140525E-1	-8.955567E+1	-3.801931E-3	7.049966E-2
7.232813E+0	4.127989E-1	-8.917345E+1	4.133811E-1	-9.320610E+1	-3.880761E-3	7.022588E-2
7.233984E+0	4.119072E-1	-9.282693E+1	4.125493E-1	-9.684299E+1	-4.008140E-3	6.992708E-2
7.235156E+0	4.109308E-1	-9.646519E+1	4.115855E-1	-1.004653E+2	-4.022887E-3	6.964743E-2
7.236328E+0	4.097998E-1	-1.000851E+2	4.104932E-1	-1.040727E+2	-4.105975E-3	6.942311E-2
7.237500E+0	4.085956E-1	-1.036861E+2	4.093298E-1	-1.076630E+2	-4.197252E-3	6.922988E-2
7.238672E+0	4.073382E-1	-1.072738E+2	4.080553E-1	-1.112327E+2	-4.139334E-3	6.891954E-2
7.239844E+0	4.059716E-1	-1.108434E+2	4.067119E-1	-1.147879E+2	-4.184743E-3	6.866493E-2
7.241016E+0	4.045195E-1	-1.143926E+2	4.053187E-1	-1.183217E+2	-4.317541E-3	6.838689E-2
7.242188E+0	4.030105E-1	-1.179179E+2	4.038960E-1	-1.218373E+2	-4.526076E-3	6.820324E-2
7.243359E+0	4.014632E-1	-1.214185E+2	4.024293E-1	-1.253336E+2	-4.728749E-3	6.811431E-2
7.244531E+0	3.999096E-1	-1.248959E+2	4.009424E-1	-1.288105E+2	-4.903006E-3	6.809366E-2
7.245703E+0	3.983776E-1	-1.283510E+2	3.994525E-1	-1.322658E+2	-5.017978E-3	6.808928E-2
7.246875E+0	3.968669E-1	-1.317787E+2	3.979903E-1	-1.357020E+2	-5.159530E-3	6.822787E-2
7.248047E+0	3.954264E-1	-1.351808E+2	3.965392E-1	-1.391205E+2	-5.162737E-3	6.851376E-2
7.249219E+0	3.940927E-1	-1.385633E+2	3.951412E-1	-1.425218E+2	-5.032837E-3	6.885073E-2
7.250391E+0	3.928719E-1	-1.419277E+2	3.937664E-1	-1.459069E+2	-4.676867E-3	6.923669E-2
7.251563E+0	3.917894E-1	-1.452862E+2	3.924567E-1	-1.492738E+2	-4.117075E-3	6.942234E-2
7.252734E+0	3.907973E-1	-1.486426E+2	3.912171E-1	-1.526244E+2	-3.484313E-3	6.936508E-2
7.253906E+0	3.898600E-1	-1.519908E+2	3.900506E-1	-1.559631E+2	-2.889823E-3	6.924034E-2
7.255078E+0	3.889666E-1	-1.553273E+2	3.889540E-1	-1.592876E+2	-2.355538E-3	6.906749E-2
7.256250E+0	3.881963E-1	-1.586577E+2	3.879488E-1	-1.626015E+2	-1.731547E-3	6.882183E-2
7.257422E+0	3.875102E-1	-1.619832E+2	3.870239E-1	-1.659053E+2	-1.088461E-3	6.848606E-2
7.258594E+0	3.868917E-1	-1.653088E+2	3.862049E-1	-1.692022E+2	-5.336666E-4	6.802111E-2
7.259766E+0	3.863339E-1	-1.686290E+2	3.854749E-1	-1.724902E+2	-4.652902E-5	6.748972E-2
7.260938E+0	3.858735E-1	-1.719480E+2	3.848545E-1	-1.757724E+2	4.150121E-4	6.687542E-2
7.262109E+0	3.854630E-1	-1.752625E+2	3.843257E-1	-1.790507E+2	7.678394E-4	6.626391E-2
7.263281E+0	3.851133E-1	-1.785743E+2	3.838904E-1	1.776729E+2	1.034440E-3	6.566039E-2
7.264453E+0	3.848385E-1	1.781154E+2	3.835669E-1	1.743981E+2	1.204310E-3	6.504855E-2
7.265625E+0	3.846647E-1	1.748072E+2	3.833299E-1	1.711216E+2	1.406722E-3	6.450534E-2
7.266797E+0	3.845557E-1	1.714982E+2	3.831993E-1	1.678433E+2	1.498578E-3	6.397243E-2
7.267969E+0	3.845516E-1	1.681842E+2	3.831605E-1	1.645641E+2	1.627989E-3	6.336987E-2
7.269141E+0	3.846305E-1	1.648707E+2	3.832073E-1	1.612776E+2	1.740899E-3	6.290308E-2
7.270313E+0	3.847622E-1	1.615498E+2	3.833399E-1	1.579849E+2	1.768112E-3	6.240981E-2
7.271484E+0	3.849790E-1	1.582227E+2	3.835492E-1	1.546868E+2	1.817068E-3	6.190384E-2
7.272656E+0	3.852431E-1	1.548875E+2	3.838490E-1	1.513785E+2	1.750284E-3	6.142762E-2
7.273828E+0	3.856077E-1	1.515454E+2	3.841988E-1	1.480638E+2	1.814696E-3	6.095069E-2
7.275000E+0	3.859929E-1	1.481958E+2	3.845917E-1	1.447360E+2	1.814090E-3	6.056808E-2
7.276172E+0	3.864440E-1	1.448323E+2	3.850288E-1	1.413981E+2	1.873219E-3	6.012239E-2
7.277344E+0	3.869013E-1	1.414606E+2	3.855144E-1	1.380506E+2	1.820623E-3	5.969458E-2
7.278516E+0	3.873964E-1	1.380807E+2	3.860406E-1	1.346916E+2	1.757016E-3	5.932409E-2
7.279688E+0	3.879199E-1	1.346864E+2	3.865644E-1	1.313183E+2	1.773167E-3	5.895660E-2
7.280859E+0	3.884426E-1	1.312842E+2	3.871024E-1	1.279340E+2	1.747215E-3	5.864103E-2
7.282031E+0	3.889699E-1	1.278719E+2	3.876682E-1	1.245400E+2	1.661705E-3	5.831501E-2
7.283203E+0	3.894873E-1	1.244467E+2	3.882153E-1	1.211361E+2	1.602214E-3	5.793794E-2
7.284375E+0	3.900054E-1	1.210133E+2	3.887389E-1	1.177203E+2	1.601433E-3	5.762920E-2
7.285547E+0	3.904964E-1	1.175691E+2	3.892412E-1	1.142945E+2	1.586708E-3	5.730564E-2
7.286719E+0	3.909661E-1	1.141173E+2	3.897276E-1	1.108567E+2	1.553881E-3	5.705824E-2
7.287891E+0	3.913874E-1	1.106580E+2	3.901717E-1	1.074110E+2	1.505443E-3	5.681699E-2
7.289063E+0	3.917894E-1	1.071883E+2	3.905841E-1	1.039591E+2	1.493177E-3	5.650417E-2
7.290234E+0	3.921170E-1	1.037140E+2	3.909354E-1	1.005007E+2	1.445522E-3	5.622269E-2
7.291406E+0	3.924148E-1	1.002335E+2	3.912541E-1	9.703407E+1	1.403310E-3	5.597714E-2
7.292578E+0	3.926492E-1	9.674738E+1	3.915149E-1	9.356283E+1	1.348514E-3	5.571322E-2
7.293750E+0	3.928478E-1	9.325850E+1	3.917201E-1	9.008611E+1	1.341977E-3	5.549968E-2
7.294922E+0	3.929795E-1	8.976720E+1	3.918521E-1	8.660681E+1	1.351847E-3	5.528986E-2
7.296094E+0	3.930614E-1	8.627327E+1	3.919587E-1	8.312785E+1	1.302555E-3	5.502473E-2
7.297266E+0	3.930883E-1	8.277792E+1	3.919891E-1	7.964746E+1	1.307755E-3	5.476279E-2
7.298438E+0	3.930435E-1	7.928528E+1	3.919815E-1	7.616570E+1	1.223428E-3	5.456749E-2
7.299609E+0	3.929789E-1	7.579360E+1	3.918878E-1	7.268408E+1	1.307787E-3	5.439575E-2
7.300781E+0	3.928655E-1	7.230408E+1	3.917605E-1	6.920527E+1	1.354270E-3	5.421055E-2
7.301953E+0	3.927013E-1	6.881570E+1	3.916039E-1	6.573071E+1	1.349064E-3	5.396803E-2
7.303125E+0	3.924839E-1	6.533035E+1	3.913812E-1	6.225581E+1	1.374005E-3	5.378621E-2
7.304297E+0	3.922373E-1	6.184974E+1	3.911335E-1	5.878712E+1	1.389763E-3	5.357813E-2
7.305469E+0	3.919497E-1	5.837029E+1	3.908375E-1	5.532162E+1	1.426374E-3	5.333557E-2
7.306641E+0	3.916247E-1	5.489844E+1	3.905334E-1	5.186040E+1	1.385024E-3	5.314706E-2
7.307813E+0	3.912925E-1	5.142988E+1	3.901946E-1	4.840627E+1	1.417691E-3	5.289588E-2
7.308984E+0	3.909342E-1	4.796914E+1	3.898055E-1	4.495433E+1	1.507513E-3	5.274637E-2
7.310156E+0	3.905555E-1	4.451241E+1	3.894250E-1	4.151109E+1	1.527345E-3	5.251096E-2
7.311328E+0	3.901635E-1	4.105993E+1	3.890294E-1	3.806979E+1	1.549761E-3	5.231617E-2
7.312500E+0	3.897639E-1	3.761434E+1	3.886274E-1	3.463357E+1	1.567482E-3	5.215286E-2
7.313672E+0	3.893682E-1	3.417223E+1	3.882220E-1	3.120814E+1	1.610625E-3	5.186273E-2
7.314844E+0	3.889866E-1	3.073783E+1	3.878280E-1	2.778439E+1	1.655173E-3	5.167835E-2
7.316016E+0	3.885969E-1	2.730891E+1	3.874251E-1	2.436630E+1	1.702052E-3	5.149093E-2
7.317188E+0	3.882116E-1	2.388139E+1	3.870362E-1	2.095278E+1	1.726929E-3	5.124679E-2
7.318359E+0	3.878502E-1	2.046061E+1	3.866680E-1	1.754549E+1	1.759418E-3	5.101198E-2
7.319531E+0	3.875217E-1	1.704390E+1	3.863306E-1	1.413993E+1	1.795001E-3	5.081834E-2
7.320703E+0	3.871917E-1	1.363095E+1	3.860048E-1	1.073939E+1	1.797716E-3	5.060093E-2
7.321875E+0	3.869054E-1	1.022031E+1	3.856926E-1	7.340084E+0	1.877259E-3	5.040626E-2
7.323047E+0	3.866260E-1	6.809672E+0	3.854319E-1	3.944319E+0	1.843978E-3	5.014387E-2
7.324219E+0	3.863649E-1	3.400616E+0	3.851691E-1	5.493402E-1	1.862787E-3	4.989805E-2
7.325391E+0	3.861514E-1	-2.147683E-3	3.849521E-1	-2.844819E+0	1.881098E-3	4.974813E-2
7.326563E+0	3.859461E-1	-3.407351E+0	3.847725E-1	-6.236652E+0	1.827421E-3	4.951111E-2
7.327734E+0	3.857727E-1	-6.811669E+0	3.846135E-1	-9.631389E+0	1.799551E-3	4.934180E-2
7.328906E+0	3.856435E-1	-1.022151E+1	3.844651E-1	-1.302507E+1	1.864469E-3	4.906175E-2
7.330078E+0	3.855277E-1	-1.362716E+1	3.843602E-1	-1.642107E+1	1.845229E-3	4.889167E-2
7.331250E+0	3.854392E-1	-1.703689E+1	3.842921E-1	-1.981939E+1	1.802461E-3	4.868960E-2
7.332422E+0	3.853514E-1	-2.044810E+1	3.842205E-1	-2.322009E+1	1.769817E-3	4.850383E-2
7.333594E+0	3.853179E-1	-2.386447E+1	3.841803E-1	-2.662380E+1	1.798237E-3	4.828333E-2
7.334766E+0	3.852685E-1	-2.728567E+1	3.841511E-1	-3.003258E+1	1.756382E-3	4.806366E-2
7.335938E+0	3.852328E-1	-3.070663E+1	3.841268E-1	-3.344526E+1	1.733857E-3	4.791748E-2
7.337109E+0	3.852206E-1	-3.413545E+1	3.841115E-1	-3.686474E+1	1.749831E-3	4.775458E-2
7.338281E+0	3.851984E-1	-3.756672E+1	3.840999E-1	-4.028858E+1	1.728536E-3	4.762336E-2
7.339453E+0	3.851516E-1	-4.100401E+1	3.840665E-1	-4.371488E+1	1.703050E-3	4.742958E-2
7.340625E+0	3.851163E-1	-4.444596E+1	3.840239E-1	-4.714597E+1	1.731323E-3	4.724063E-2
7.341797E+0	3.850502E-1	-4.789072E+1	3.839813E-1	-5.058543E+1	1.674871E-3	4.714510E-2
7.342969E+0	3.849696E-1	-5.133931E+1	3.839036E-1	-5.402588E+1	1.674576E-3	4.700246E-2
7.344141E+0	3.848506E-1	-5.479223E+1	3.838009E-1	-5.746995E+1	1.640143E-3	4.684579E-2
7.345313E+0	3.847151E-1	-5.824760E+1	3.836678E-1	-6.091768E+1	1.641080E-3	4.671198E-2
7.346484E+0	3.845385E-1	-6.170718E+1	3.834909E-1	-6.436955E+1	1.649396E-3	4.657729E-2
7.347656E+0	3.843139E-1	-6.516493E+1	3.832842E-1	-6.781966E+1	1.610418E-3	4.644163E-2
7.348828E+0	3.840762E-1	-6.862560E+1	3.830210E-1	-7.127274E+1	1.684910E-3	4.631211E-2
7.350000E+0	3.837757E-1	-7.208594E+1	3.827162E-1	-7.472645E+1	1.703678E-3	4.619682E-2
7.351172E+0	3.834358E-1	-7.554634E+1	3.823952E-1	-7.817876E+1	1.663139E-3	4.605322E-2
7.352344E+0	3.830463E-1	-7.900591E+1	3.820004E-1	-8.162795E+1	1.688135E-3	4.587251E-2
7.353516E+0	3.826229E-1	-8.245958E+1	3.815683E-1	-8.507310E+1	1.720819E-3	4.572474E-2
7.354688E+0	3.821501E-1	-8.590906E+1	3.810879E-1	-8.851771E+1	1.748105E-3	4.564066E-2
7.355859E+0	3.816538E-1	-8.935411E+1	3.805974E-1	-9.195562E+1	1.742150E-3	4.551530E-2
7.357031E+0	3.811241E-1	-9.279366E+1	3.800403E-1	-9.538573E+1	1.825724E-3	4.535370E-2
7.358203E+0	3.805561E-1	-9.622923E+1	3.794801E-1	-9.881137E+1	1.817241E-3	4.517933E-2
7.359375E+0	3.799728E-1	-9.965492E+1	3.788903E-1	-1.022299E+2	1.844426E-3	4.505511E-2
7.360547E+0	3.793665E-1	-1.030720E+2	3.782831E-1	-1.056386E+2	1.857964E-3	4.490889E-2
7.361719E+0	3.787788E-1	-1.064838E+2	3.776813E-1	-1.090400E+2	1.907954E-3	4.472891E-2
7.362891E+0	3.781657E-1	-1.098847E+2	3.770680E-1	-1.124325E+2	1.919752E-3	4.458225E-2
7.364063E+0	3.775686E-1	-1.132780E+2	3.764546E-1	-1.158178E+2	1.973962E-3	4.444449E-2
7.365234E+0	3.769814E-1	-1.166643E+2	3.758799E-1	-1.191937E+2	1.953310E-3	4.426135E-2
7.366406E+0	3.764259E-1	-1.200426E+2	3.753156E-1	-1.225623E+2	1.988615E-3	4.409294E-2
7.367578E+0	3.758745E-1	-1.234119E+2	3.747786E-1	-1.259247E+2	1.959767E-3	4.397078E-2
7.368750E+0	3.753718E-1	-1.267727E+2	3.742831E-1	-1.292764E+2	1.951387E-3	4.381097E-2
7.369922E+0	3.749166E-1	-1.301310E+2	3.738139E-1	-1.326227E+2	2.001604E-3	4.360291E-2
7.371094E+0	3.744931E-1	-1.334821E+2	3.734060E-1	-1.359643E+2	1.970301E-3	4.343510E-2
7.372266E+0	3.741378E-1	-1.368270E+2	3.730426E-1	-1.393036E+2	1.999068E-3	4.333823E-2
7.373438E+0	3.737993E-1	-1.401691E+2	3.727290E-1	-1.426359E+2	1.942191E-3	4.316407E-2
7.374609E+0	3.735473E-1	-1.435089E+2	3.724878E-1	-1.459669E+2	1.921699E-3	4.300902E-2
7.375781E+0	3.733437E-1	-1.468467E+2	3.722942E-1	-1.492947E+2	1.903832E-3	4.283307E-2
7.376953E+0	3.731950E-1	-1.501852E+2	3.721605E-1	-1.526283E+2	1.868235E-3	4.274571E-2
7.378125E+0	3.731395E-1	-1.535308E+2	3.721106E-1	-1.559643E+2	1.860720E-3	4.257722E-2
7.379297E+0	3.731341E-1	-1.568756E+2	3.721069E-1	-1.593015E+2	1.861822E-3	4.244414E-2
7.380469E+0	3.731675E-1	-1.602242E+2	3.721660E-1	-1.626416E+2	1.798676E-3	4.229258E-2
7.381641E+0	3.732584E-1	-1.635772E+2	3.722947E-1	-1.659859E+2	1.702714E-3	4.213615E-2
7.382813E+0	3.734312E-1	-1.669311E+2	3.724254E-1	-1.693359E+2	1.817615E-3	4.207267E-2
7.383984E+0	3.736399E-1	-1.702954E+2	3.726434E-1	-1.726915E+2	1.797478E-3	4.191944E-2
7.385156E+0	3.738725E-1	-1.736633E+2	3.729033E-1	-1.760531E+2	1.727074E-3	4.180616E-2
7.386328E+0	3.741618E-1	-1.770388E+2	3.731976E-1	-1.794235E+2	1.715357E-3	4.171635E-2
7.387500E+0	3.744836E-1	1.795780E+2	3.735166E-1	1.771977E+2	1.723843E-3	4.163965E-2
7.388672E+0	3.748077E-1	1.761858E+2	3.738856E-1	1.738123E+2	1.606238E-3	4.151568E-2
7.389844E+0	3.751820E-1	1.727862E+2	3.742544E-1	1.704196E+2	1.623485E-3	4.139556E-2
7.391016E+0	3.755693E-1	1.693760E+2	3.746413E-1	1.670144E+2	1.625603E-3	4.130809E-2
7.392188E+0	3.759610E-1	1.659548E+2	3.750356E-1	1.636009E+2	1.621617E-3	4.117309E-2
7.393359E+0	3.763555E-1	1.625277E+2	3.754423E-1	1.601778E+2	1.589350E-3	4.110173E-2
7.394531E+0	3.767335E-1	1.590881E+2	3.758327E-1	1.567449E+2	1.558659E-3	4.098315E-2
7.395703E+0	3.771207E-1	1.556394E+2	3.762178E-1	1.533016E+2	1.565643E-3	4.088888E-2
7.396875E+0	3.774738E-1	1.521834E+2	3.765797E-1	1.498487E+2	1.542201E-3	4.083365E-2
7.398047E+0	3.778250E-1	1.487144E+2	3.769358E-1	1.463879E+2	1.532805E-3	4.068969E-2
7.399219E+0	3.781259E-1	1.452388E+2	3.772356E-1	1.429153E+2	1.535974E-3	4.063729E-2
7.400391E+0	3.784008E-1	1.417535E+2	3.775309E-1	1.394372E+2	1.485237E-3	4.050918E-2
7.401563E+0	3.786293E-1	1.382598E+2	3.777705E-1	1.359468E+2	1.456750E-3	4.045025E-2
7.402734E+0	3.788201E-1	1.347602E+2	3.779585E-1	1.324505E+2	1.465350E-3	4.039282E-2
7.403906E+0	3.789382E-1	1.312517E+2	3.780788E-1	1.289461E+2	1.461699E-3	4.032090E-2
7.405078E+0	3.790067E-1	1.277367E+2	3.781516E-1	1.254357E+2	1.453134E-3	4.024002E-2
7.406250E+0	3.790111E-1	1.242172E+2	3.781579E-1	1.219199E+2	1.450672E-3	4.017515E-2
7.407422E+0	3.789435E-1	1.206923E+2	3.780834E-1	1.183981E+2	1.471524E-3	4.012171E-2
7.408594E+0	3.787987E-1	1.171630E+2	3.779449E-1	1.148727E+2	1.458430E-3	4.005291E-2
7.409766E+0	3.785760E-1	1.136325E+2	3.777173E-1	1.113468E+2	1.475965E-3	3.997308E-2
7.410938E+0	3.782734E-1	1.101006E+2	3.774001E-1	1.078160E+2	1.517296E-3	3.995547E-2
7.412109E+0	3.778633E-1	1.065674E+2	3.769928E-1	1.042841E+2	1.513279E-3	3.993255E-2
7.413281E+0	3.773773E-1	1.030347E+2	3.765066E-1	1.007542E+2	1.518740E-3	3.988375E-2
7.414453E+0	3.768097E-1	9.950581E+1	3.759366E-1	9.722514E+1	1.528504E-3	3.988711E-2
7.415625E+0	3.761310E-1	9.597552E+1	3.752523E-1	9.370144E+1	1.552228E-3	3.977268E-2
7.416797E+0	3.753954E-1	9.245267E+1	3.744687E-1	9.018137E+1	1.687134E-3	3.972936E-2
7.417969E+0	3.745474E-1	8.893236E+1	3.736251E-1	8.666552E+1	1.684040E-3	3.965114E-2
7.419141E+0	3.736231E-1	8.542085E+1	3.726823E-1	8.315504E+1	1.740593E-3	3.963534E-2
7.420313E+0	3.726258E-1	8.191386E+1	3.716371E-1	7.965236E+1	1.879455E-3	3.956535E-2
7.421484E+0	3.715398E-1	7.841236E+1	3.705429E-1	7.615531E+1	1.912487E-3	3.948872E-2
7.422656E+0	3.703941E-1	7.491962E+1	3.693894E-1	7.266412E+1	1.943050E-3	3.946278E-2
7.423828E+0	3.691894E-1	7.142722E+1	3.681581E-1	6.918141E+1	2.030995E-3	3.929651E-2
7.425000E+0	3.679394E-1	6.794443E+1	3.668801E-1	6.570158E+1	2.119035E-3	3.924812E-2
7.426172E+0	3.666612E-1	6.446616E+1	3.655650E-1	6.223090E+1	2.235467E-3	3.911971E-2
7.427344E+0	3.653403E-1	6.099750E+1	3.642156E-1	5.876738E+1	2.328265E-3	3.903327E-2
7.428516E+0	3.640052E-1	5.753782E+1	3.628511E-1	5.531485E+1	2.425696E-3	3.891178E-2
7.429688E+0	3.626643E-1	5.409084E+1	3.614839E-1	5.187355E+1	2.514271E-3	3.881569E-2
7.430859E+0	3.613265E-1	5.065562E+1	3.601327E-1	4.844726E+1	2.569732E-3	3.866135E-2
7.432031E+0	3.600262E-1	4.723968E+1	3.588246E-1	4.504150E+1	2.610382E-3	3.848451E-2
7.433203E+0	3.587639E-1	4.384982E+1	3.575177E-1	4.165879E+1	2.752067E-3	3.836463E-2
7.434375E+0	3.575223E-1	4.047932E+1	3.562849E-1	3.829696E+1	2.745232E-3	3.821241E-2
7.435547E+0	3.563665E-1	3.713160E+1	3.551077E-1	3.496111E+1	2.824852E-3	3.800739E-2
7.436719E+0	3.552764E-1	3.380614E+1	3.539930E-1	3.164425E+1	2.911144E-3	3.785991E-2
7.437891E+0	3.542632E-1	3.050093E+1	3.529858E-1	2.835000E+1	2.911719E-3	3.766782E-2
7.439063E+0	3.533431E-1	2.721637E+1	3.520586E-1	2.507598E+1	2.948309E-3	3.748443E-2
7.440234E+0	3.525504E-1	2.394947E+1	3.512532E-1	2.182116E+1	3.000681E-3	3.727463E-2
7.441406E+0	3.518370E-1	2.070381E+1	3.505765E-1	1.858467E+1	2.909144E-3	3.711049E-2
7.442578E+0	3.512543E-1	1.747370E+1	3.499978E-1	1.536324E+1	2.909275E-3	3.695835E-2
7.443750E+0	3.508067E-1	1.426204E+1	3.495508E-1	1.216398E+1	2.920122E-3	3.674141E-2
7.444922E+0	3.504926E-1	1.106879E+1	3.492321E-1	8.980646E+0	2.942906E-3	3.656843E-2
7.446094E+0	3.502979E-1	7.898081E+0	3.490500E-1	5.818301E+0	2.914041E-3	3.642078E-2
7.447266E+0	3.502619E-1	4.747251E+0	3.490227E-1	2.676932E+0	2.895410E-3	3.625429E-2
7.448438E+0	3.503434E-1	1.613761E+0	3.491473E-1	-4.480875E-1	2.776129E-3	3.610153E-2
7.449609E+0	3.505790E-1	-1.505636E+0	3.494018E-1	-3.559558E+0	2.724562E-3	3.596078E-2
7.450781E+0	3.509590E-1	-4.618265E+0	3.497969E-1	-6.662269E+0	2.683829E-3	3.578553E-2
7.451953E+0	3.514719E-1	-7.739063E+0	3.503416E-1	-9.774270E+0	2.593438E-3	3.562817E-2
7.453125E+0	3.521105E-1	-1.086950E+1	3.510107E-1	-1.289699E+1	2.505244E-3	3.548984E-2
7.454297E+0	3.528838E-1	-1.402116E+1	3.518169E-1	-1.604032E+1	2.409761E-3	3.534054E-2
7.455469E+0	3.537905E-1	-1.719689E+1	3.527307E-1	-1.921080E+1	2.385027E-3	3.524771E-2
7.456641E+0	3.547897E-1	-2.039795E+1	3.537714E-1	-2.240724E+1	2.261798E-3	3.516246E-2
7.457813E+0	3.559127E-1	-2.363111E+1	3.549037E-1	-2.563168E+1	2.231772E-3	3.500869E-2
7.458984E+0	3.571069E-1	-2.689089E+1	3.561442E-1	-2.889072E+1	2.092403E-3	3.499086E-2
7.460156E+0	3.583860E-1	-3.018258E+1	3.574448E-1	-3.217638E+1	2.026137E-3	3.488296E-2
7.461328E+0	3.597387E-1	-3.350404E+1	3.588426E-1	-3.549459E+1	1.892258E-3	3.482140E-2
7.462500E+0	3.611191E-1	-3.685434E+1	3.602641E-1	-3.883966E+1	1.771570E-3	3.472566E-2
7.463672E+0	3.625718E-1	-4.023241E+1	3.617252E-1	-4.221651E+1	1.739521E-3	3.470319E-2
7.464844E+0	3.640427E-1	-4.363919E+1	3.632118E-1	-4.561978E+1	1.688872E-3	3.464000E-2
7.466016E+0	3.655089E-1	-4.707484E+1	3.647054E-1	-4.905452E+1	1.604974E-3	3.462117E-2
7.467188E+0	3.669665E-1	-5.053699E+1	3.662016E-1	-5.251385E+1	1.492337E-3	3.456792E-2
7.468359E+0	3.683862E-1	-5.402637E+1	3.676434E-1	-5.600052E+1	1.425708E-3	3.451820E-2
7.469531E+0	3.697846E-1	-5.753934E+1	3.690388E-1	-5.951460E+1	1.425528E-3	3.453762E-2
7.470703E+0	3.710787E-1	-6.108066E+1	3.703784E-1	-6.305394E+1	1.296642E-3	3.449853E-2
7.471875E+0	3.723196E-1	-6.464258E+1	3.716178E-1	-6.661612E+1	1.294217E-3	3.450300E-2
7.473047E+0	3.734589E-1	-6.822711E+1	3.727838E-1	-7.020175E+1	1.216070E-3	3.451955E-2
7.474219E+0	3.744760E-1	-7.183279E+1	3.738125E-1	-7.380572E+1	1.181106E-3	3.448843E-2
7.475391E+0	3.753627E-1	-7.545739E+1	3.747461E-1	-7.742928E+1	1.052235E-3	3.446580E-2
7.476563E+0	3.761153E-1	-7.909724E+1	3.754770E-1	-8.107018E+1	1.106161E-3	3.448602E-2
7.477734E+0	3.767169E-1	-8.274966E+1	3.760843E-1	-8.472334E+1	1.087825E-3	3.449833E-2
7.478906E+0	3.771691E-1	-8.641359E+1	3.765438E-1	-8.839079E+1	1.064277E-3	3.455910E-2
7.480078E+0	3.774293E-1	-9.008736E+1	3.768144E-1	-9.206290E+1	1.036503E-3	3.452910E-2
7.481250E+0	3.775293E-1	-9.376965E+1	3.768974E-1	-9.574467E+1	1.081535E-3	3.452156E-2
7.482422E+0	3.774503E-1	-9.745243E+1	3.768147E-1	-9.943156E+1	1.089237E-3	3.459372E-2
7.483594E+0	3.771819E-1	-1.011381E+2	3.765344E-1	-1.031145E+2	1.123725E-3	3.454715E-2
7.484766E+0	3.767442E-1	-1.048206E+2	3.760704E-1	-1.067981E+2	1.195074E-3	3.456886E-2
7.485938E+0	3.761020E-1	-1.084974E+2	3.754350E-1	-1.104769E+2	1.178795E-3	3.460329E-2
7.487109E+0	3.753136E-1	-1.121669E+2	3.746201E-1	-1.141476E+2	1.252629E-3	3.462683E-2
7.488281E+0	3.743605E-1	-1.158303E+2	3.736362E-1	-1.178080E+2	1.341696E-3	3.457742E-2
7.489453E+0	3.732194E-1	-1.194773E+2	3.725131E-1	-1.214537E+2	1.300030E-3	3.455324E-2
7.490625E+0	3.719492E-1	-1.231110E+2	3.712093E-1	-1.250891E+2	1.396121E-3	3.458630E-2
7.491797E+0	3.705514E-1	-1.267269E+2	3.697769E-1	-1.287030E+2	1.498558E-3	3.455484E-2
7.492969E+0	3.690112E-1	-1.303250E+2	3.682256E-1	-1.322986E+2	1.539011E-3	3.451248E-2
7.494141E+0	3.673813E-1	-1.338993E+2	3.665504E-1	-1.358724E+2	1.672568E-3	3.450833E-2
7.495313E+0	3.656418E-1	-1.374543E+2	3.648119E-1	-1.394240E+2	1.682670E-3	3.444917E-2
7.496484E+0	3.638414E-1	-1.409841E+2	3.629830E-1	-1.429520E+2	1.773677E-3	3.442079E-2
7.497656E+0	3.619775E-1	-1.444901E+2	3.610872E-1	-1.464525E+2	1.877678E-3	3.432808E-2
7.498828E+0	3.600901E-1	-1.479688E+2	3.591619E-1	-1.499308E+2	1.996588E-3	3.432515E-2
7.500000E+0	3.581414E-1	-1.514226E+2	3.572012E-1	-1.533808E+2	2.046615E-3	3.426033E-2
