6.901172E+0	4.211674E-1	1.508397E+2	4.299271E-1	1.522978E+2	-2.069205E-2	-2.492744E-2
6.902344E+0	4.192748E-1	1.474079E+2	4.280690E-1	1.488486E+2	-2.085351E-2	-2.462579E-2
6.903516E+0	4.174151E-1	1.439889E+2	4.262392E-1	1.454154E+2	-2.100573E-2	-2.437918E-2
6.904688E+0	4.155542E-1	1.405842E+2	4.244418E-1	1.419927E+2	-2.123532E-2	-2.406578E-2
6.905859E+0	4.137574E-1	1.371910E+2	4.226953E-1	1.385881E+2	-2.143601E-2	-2.386603E-2
6.907031E+0	4.119610E-1	1.338126E+2	4.209619E-1	1.351931E+2	-2.166579E-2	-2.357681E-2
6.908203E+0	4.102032E-1	1.304527E+2	4.192819E-1	1.318125E+2	-2.192849E-2	-2.321692E-2
6.909375E+0	4.085307E-1	1.271145E+2	4.177071E-1	1.284445E+2	-2.223199E-2	-2.270089E-2
6.910547E+0	4.069507E-1	1.237954E+2	4.161860E-1	1.250911E+2	-2.244034E-2	-2.211053E-2
6.911719E+0	4.055649E-1	1.204961E+2	4.147383E-1	1.217545E+2	-2.235437E-2	-2.147570E-2
6.912891E+0	4.042986E-1	1.172060E+2	4.133956E-1	1.184340E+2	-2.223017E-2	-2.095940E-2
6.914062E+0	4.031922E-1	1.139248E+2	4.121433E-1	1.151294E+2	-2.193462E-2	-2.056611E-2
6.915234E+0	4.021832E-1	1.106493E+2	4.110024E-1	1.118398E+2	-2.166901E-2	-2.033083E-2
6.916406E+0	4.012336E-1	1.073870E+2	4.099613E-1	1.085647E+2	-2.149583E-2	-2.011573E-2
6.917578E+0	4.004022E-1	1.041388E+2	4.090464E-1	1.053013E+2	-2.133404E-2	-1.985932E-2
6.918750E+0	3.996878E-1	1.008997E+2	4.082603E-1	1.020522E+2	-2.119568E-2	-1.969123E-2
6.919922E+0	3.990995E-1	9.766915E+1	4.075956E-1	9.881016E+1	-2.103859E-2	-1.949799E-2
6.921094E+0	3.986388E-1	9.444136E+1	4.070587E-1	9.557900E+1	-2.087777E-2	-1.944358E-2
6.922266E+0	3.982759E-1	9.122369E+1	4.066504E-1	9.235181E+1	-2.078369E-2	-1.928268E-2
6.923438E+0	3.980109E-1	8.800677E+1	4.063703E-1	8.913013E+1	-2.075914E-2	-1.920178E-2
6.924609E+0	3.978564E-1	8.479641E+1	4.062327E-1	8.590968E+1	-2.080433E-2	-1.902839E-2
6.925781E+0	3.978378E-1	8.158997E+1	4.062248E-1	8.269302E+1	-2.082769E-2	-1.885321E-2
6.926953E+0	3.979517E-1	7.838932E+1	4.063490E-1	7.947511E+1	-2.084109E-2	-1.855788E-2
6.928125E+0	3.982171E-1	7.518912E+1	4.066053E-1	7.625067E+1	-2.079792E-2	-1.814428E-2
6.929297E+0	3.986476E-1	7.198384E+1	4.069904E-1	7.302225E+1	-2.065963E-2	-1.775119E-2
6.930469E+0	3.992532E-1	6.877081E+1	4.075201E-1	6.979108E+1	-2.044120E-2	-1.744492E-2
6.931641E+0	4.000272E-1	6.554591E+1	4.081583E-1	6.654603E+1	-2.007074E-2	-1.710678E-2
6.932813E+0	4.009014E-1	6.230181E+1	4.089158E-1	6.329378E+1	-1.974608E-2	-1.697297E-2
6.933984E+0	4.019200E-1	5.904369E+1	4.098012E-1	6.002948E+1	-1.937692E-2	-1.687356E-2
6.935156E+0	4.030082E-1	5.576791E+1	4.107671E-1	5.674961E+1	-1.903281E-2	-1.680944E-2
6.936328E+0	4.041772E-1	5.247595E+1	4.118308E-1	5.345639E+1	-1.872802E-2	-1.679307E-2
6.937500E+0	4.054600E-1	4.915975E+1	4.129997E-1	5.014354E+1	-1.840066E-2	-1.685608E-2
6.938672E+0	4.068038E-1	4.582253E+1	4.142075E-1	4.681698E+1	-1.802230E-2	-1.704534E-2
6.939844E+0	4.081457E-1	4.246260E+1	4.154898E-1	4.346695E+1	-1.782668E-2	-1.721849E-2
6.941016E+0	4.094787E-1	3.908819E+1	4.168038E-1	4.009935E+1	-1.772744E-2	-1.733702E-2
6.942188E+0	4.108251E-1	3.569604E+1	4.181668E-1	3.671222E+1	-1.771138E-2	-1.742339E-2
6.943359E+0	4.122068E-1	3.228343E+1	4.195194E-1	3.330168E+1	-1.758606E-2	-1.746112E-2
6.944531E+0	4.135840E-1	2.884925E+1	4.208792E-1	2.987247E+1	-1.748994E-2	-1.754808E-2
6.945703E+0	4.149195E-1	2.539474E+1	4.222224E-1	2.642360E+1	-1.745477E-2	-1.764546E-2
6.946875E+0	4.162014E-1	2.192103E+1	4.235100E-1	2.295296E+1	-1.741659E-2	-1.769881E-2
6.948047E+0	4.174432E-1	1.843258E+1	4.247563E-1	1.946378E+1	-1.737633E-2	-1.768701E-2
6.949219E+0	4.186370E-1	1.492448E+1	4.259252E-1	1.595620E+1	-1.727080E-2	-1.769783E-2
6.950391E+0	4.197274E-1	1.139697E+1	4.270068E-1	1.243155E+1	-1.720774E-2	-1.774804E-2
6.951563E+0	4.207535E-1	7.852757E+0	4.279928E-1	8.892480E+0	-1.707640E-2	-1.783867E-2
6.952734E+0	4.216287E-1	4.294604E+0	4.288619E-1	5.339321E+0	-1.702946E-2	-1.792523E-2
6.953906E+0	4.224074E-1	7.237619E-1	4.296015E-1	1.774372E+0	-1.691128E-2	-1.802853E-2
6.955078E+0	4.230380E-1	-2.858920E+0	4.302152E-1	-1.801188E+0	-1.685037E-2	-1.815190E-2
6.956250E+0	4.235299E-1	-6.449045E+0	4.306849E-1	-5.384041E+0	-1.678295E-2	-1.827797E-2
6.957422E+0	4.238675E-1	-1.004420E+1	4.310037E-1	-8.970383E+0	-1.672988E-2	-1.843025E-2
6.958594E+0	4.240277E-1	-1.364753E+1	4.311814E-1	-1.255833E+1	-1.676862E-2	-1.869360E-2
6.959766E+0	4.240285E-1	-1.725139E+1	4.311966E-1	-1.614923E+1	-1.680568E-2	-1.891537E-2
6.960937E+0	4.238044E-1	-2.084620E+1	4.310879E-1	-1.973660E+1	-1.707998E-2	-1.903778E-2
6.962109E+0	4.234700E-1	-2.443045E+1	4.308692E-1	-2.331899E+1	-1.735765E-2	-1.906431E-2
6.963281E+0	4.230151E-1	-2.799796E+1	4.305444E-1	-2.689397E+1	-1.767024E-2	-1.893013E-2
6.964453E+0	4.224739E-1	-3.155586E+1	4.300993E-1	-3.046424E+1	-1.790767E-2	-1.871344E-2
6.965625E+0	4.218753E-1	-3.510065E+1	4.295349E-1	-3.402006E+1	-1.800698E-2	-1.852244E-2
6.966797E+0	4.212113E-1	-3.863229E+1	4.288795E-1	-3.756772E+1	-1.804914E-2	-1.824699E-2
6.967969E+0	4.205029E-1	-4.215698E+1	4.281225E-1	-4.110546E+1	-1.796311E-2	-1.802484E-2
6.969141E+0	4.197522E-1	-4.567276E+1	4.272962E-1	-4.462708E+1	-1.781880E-2	-1.792735E-2
6.970313E+0	4.189429E-1	-4.918217E+1	4.264078E-1	-4.813614E+1	-1.767021E-2	-1.793606E-2
6.971484E+0	4.180773E-1	-5.267825E+1	4.254612E-1	-5.163028E+1	-1.751941E-2	-1.797209E-2
6.972656E+0	4.171579E-1	-5.616088E+1	4.244971E-1	-5.511085E+1	-1.745419E-2	-1.800862E-2
6.973828E+0	4.162123E-1	-5.962816E+1	4.235011E-1	-5.857598E+1	-1.737653E-2	-1.804693E-2
6.975000E+0	4.152184E-1	-6.308289E+1	4.224994E-1	-6.202542E+1	-1.740054E-2	-1.813724E-2
6.976172E+0	4.142219E-1	-6.652005E+1	4.214953E-1	-6.546197E+1	-1.742375E-2	-1.814728E-2
6.977344E+0	4.132020E-1	-6.994395E+1	4.204945E-1	-6.888301E+1	-1.751114E-2	-1.819472E-2
6.978516E+0	4.122078E-1	-7.334872E+1	4.195499E-1	-7.229226E+1	-1.766696E-2	-1.811500E-2
6.979688E+0	4.112448E-1	-7.673891E+1	4.186271E-1	-7.568878E+1	-1.779954E-2	-1.800401E-2
6.980859E+0	4.103227E-1	-8.011271E+1	4.177460E-1	-7.907197E+1	-1.793192E-2	-1.784058E-2
6.982031E+0	4.094784E-1	-8.347089E+1	4.168763E-1	-8.244444E+1	-1.790365E-2	-1.759607E-2
6.983203E+0	4.087170E-1	-8.682006E+1	4.160978E-1	-8.580701E+1	-1.789167E-2	-1.736652E-2
6.984375E+0	4.080147E-1	-9.016074E+1	4.153735E-1	-8.915920E+1	-1.786617E-2	-1.716962E-2
6.985547E+0	4.074026E-1	-9.349340E+1	4.147255E-1	-9.250463E+1	-1.780350E-2	-1.695173E-2
6.986719E+0	4.068989E-1	-9.681802E+1	4.141314E-1	-9.584181E+1	-1.760687E-2	-1.673971E-2
6.987891E+0	4.064553E-1	-1.001383E+2	4.135990E-1	-9.917314E+1	-1.741147E-2	-1.655349E-2
6.989063E+0	4.061514E-1	-1.034564E+2	4.131595E-1	-1.025004E+2	-1.709905E-2	-1.640157E-2
6.990234E+0	4.059427E-1	-1.067758E+2	4.127875E-1	-1.058238E+2	-1.671764E-2	-1.633927E-2
6.991406E+0	4.058406E-1	-1.101015E+2	4.124904E-1	-1.091432E+2	-1.625872E-2	-1.645509E-2
6.992578E+0	4.057876E-1	-1.134333E+2	4.122851E-1	-1.124614E+2	-1.590132E-2	-1.669472E-2
6.993750E+0	4.057697E-1	-1.167696E+2	4.121522E-1	-1.157780E+2	-1.563322E-2	-1.703783E-2
6.994922E+0	4.057668E-1	-1.201046E+2	4.121082E-1	-1.190941E+2	-1.554083E-2	-1.736427E-2
6.996094E+0	4.057791E-1	-1.234352E+2	4.121376E-1	-1.224118E+2	-1.558515E-2	-1.758519E-2
6.997266E+0	4.058411E-1	-1.267648E+2	4.122483E-1	-1.257357E+2	-1.570088E-2	-1.768108E-2
6.998438E+0	4.059804E-1	-1.300901E+2	4.124289E-1	-1.290613E+2	-1.579411E-2	-1.767425E-2
6.999609E+0	4.062210E-1	-1.334181E+2	4.126897E-1	-1.323917E+2	-1.583243E-2	-1.763232E-2
7.000781E+0	4.065392E-1	-1.367543E+2	4.129934E-1	-1.357281E+2	-1.578574E-2	-1.762972E-2
7.001953E+0	4.069717E-1	-1.400965E+2	4.133759E-1	-1.390721E+2	-1.564979E-2	-1.760122E-2
7.003125E+0	4.074627E-1	-1.434521E+2	4.138246E-1	-1.424222E+2	-1.553249E-2	-1.769785E-2
7.004297E+0	4.080054E-1	-1.468189E+2	4.143018E-1	-1.457820E+2	-1.535888E-2	-1.782131E-2
7.005469E+0	4.085922E-1	-1.501985E+2	4.148380E-1	-1.491523E+2	-1.522019E-2	-1.798372E-2
7.006641E+0	4.091762E-1	-1.535884E+2	4.154073E-1	-1.525289E+2	-1.516838E-2	-1.821335E-2
7.007812E+0	4.097870E-1	-1.569900E+2	4.159904E-1	-1.559176E+2	-1.508491E-2	-1.843672E-2
7.008984E+0	4.103684E-1	-1.604004E+2	4.166019E-1	-1.593161E+2	-1.513911E-2	-1.864033E-2
7.010156E+0	4.109342E-1	-1.638195E+2	4.172350E-1	-1.627276E+2	-1.528016E-2	-1.876832E-2
7.011328E+0	4.114967E-1	-1.672443E+2	4.178558E-1	-1.661490E+2	-1.539834E-2	-1.882452E-2
7.012500E+0	4.120670E-1	-1.706772E+2	4.184684E-1	-1.695796E+2	-1.547789E-2	-1.886254E-2
7.013672E+0	4.126350E-1	-1.741216E+2	4.190695E-1	-1.730230E+2	-1.553525E-2	-1.887862E-2
7.014844E+0	4.131895E-1	-1.775773E+2	4.196233E-1	-1.764764E+2	-1.551408E-2	-1.891857E-2
7.016016E+0	4.136977E-1	1.789559E+2	4.201614E-1	-1.799391E+2	-1.556696E-2	-1.898802E-2
7.017188E+0	4.142003E-1	1.754802E+2	4.206638E-1	1.765873E+2	-1.554881E-2	-1.902447E-2
7.018359E+0	4.146270E-1	1.719910E+2	4.210805E-1	1.731068E+2	-1.551276E-2	-1.917471E-2
7.019531E+0	4.149860E-1	1.684945E+2	4.214668E-1	1.696192E+2	-1.556647E-2	-1.932664E-2
7.020703E+0	4.152294E-1	1.649920E+2	4.217924E-1	1.661252E+2	-1.575232E-2	-1.946906E-2
7.021875E+0	4.153866E-1	1.614892E+2	4.220215E-1	1.626272E+2	-1.591585E-2	-1.954830E-2
7.023047E+0	4.154367E-1	1.579885E+2	4.221963E-1	1.591251E+2	-1.620417E-2	-1.951852E-2
7.024219E+0	4.154172E-1	1.544928E+2	4.223033E-1	1.556188E+2	-1.649601E-2	-1.933071E-2
7.025391E+0	4.153314E-1	1.510062E+2	4.223234E-1	1.521122E+2	-1.673925E-2	-1.898258E-2
7.026563E+0	4.152208E-1	1.475229E+2	4.222552E-1	1.486052E+2	-1.683455E-2	-1.857391E-2
7.027734E+0	4.151295E-1	1.440394E+2	4.221305E-1	1.451001E+2	-1.675343E-2	-1.820464E-2
7.028906E+0	4.150518E-1	1.405526E+2	4.219128E-1	1.415988E+2	-1.642565E-2	-1.796170E-2
7.030078E+0	4.149455E-1	1.370626E+2	4.216381E-1	1.381002E+2	-1.603422E-2	-1.782111E-2
7.031250E+0	4.147870E-1	1.335670E+2	4.213105E-1	1.346071E+2	-1.564604E-2	-1.787111E-2
7.032422E+0	4.145443E-1	1.300701E+2	4.209205E-1	1.311212E+2	-1.531395E-2	-1.806625E-2
7.033594E+0	4.142202E-1	1.265774E+2	4.205062E-1	1.276395E+2	-1.511789E-2	-1.825899E-2
7.034766E+0	4.137927E-1	1.230951E+2	4.200181E-1	1.241685E+2	-1.499462E-2	-1.845561E-2
7.035938E+0	4.133170E-1	1.196233E+2	4.195261E-1	1.207037E+2	-1.497542E-2	-1.857635E-2
7.037109E+0	4.128206E-1	1.161628E+2	4.189999E-1	1.172480E+2	-1.492445E-2	-1.865987E-2
7.038281E+0	4.122863E-1	1.127125E+2	4.184784E-1	1.137998E+2	-1.497409E-2	-1.869505E-2
7.039453E+0	4.117395E-1	1.092731E+2	4.179483E-1	1.103586E+2	-1.503222E-2	-1.866299E-2
7.040625E+0	4.112250E-1	1.058456E+2	4.174091E-1	1.069237E+2	-1.498984E-2	-1.853653E-2
7.041797E+0	4.107466E-1	1.024257E+2	4.168833E-1	1.034979E+2	-1.489294E-2	-1.843687E-2
7.042969E+0	4.103486E-1	9.901082E+1	4.163554E-1	1.000767E+2	-1.459763E-2	-1.833367E-2
7.044141E+0	4.099815E-1	9.559409E+1	4.158605E-1	9.666467E+1	-1.430905E-2	-1.841992E-2
7.045313E+0	4.096637E-1	9.217791E+1	4.154107E-1	9.325549E+1	-1.400891E-2	-1.854604E-2
7.046484E+0	4.093542E-1	8.875841E+1	4.149569E-1	8.985123E+1	-1.368132E-2	-1.881464E-2
7.047656E+0	4.090531E-1	8.534107E+1	4.145429E-1	8.645323E+1	-1.342891E-2	-1.915259E-2
7.048828E+0	4.087199E-1	8.193026E+1	4.141813E-1	8.305870E+1	-1.337740E-2	-1.943404E-2
7.050000E+0	4.083661E-1	7.852435E+1	4.138251E-1	7.966718E+1	-1.338786E-2	-1.968172E-2
7.051172E+0	4.080555E-1	7.512597E+1	4.135527E-1	7.627547E+1	-1.349119E-2	-1.979455E-2
7.052344E+0	4.078049E-1	7.173526E+1	4.132805E-1	7.288626E+1	-1.344821E-2	-1.982125E-2
7.053516E+0	4.076324E-1	6.833860E+1	4.130704E-1	6.949789E+1	-1.336682E-2	-1.996570E-2
7.054687E+0	4.074881E-1	6.493972E+1	4.128791E-1	6.610757E+1	-1.326210E-2	-2.011529E-2
7.055859E+0	4.073892E-1	6.153970E+1	4.127488E-1	6.271898E+1	-1.319420E-2	-2.031362E-2
7.057031E+0	4.073111E-1	5.813824E+1	4.126181E-1	5.932548E+1	-1.307369E-2	-2.045327E-2
7.058203E+0	4.072367E-1	5.473153E+1	4.125331E-1	5.593096E+1	-1.305502E-2	-2.066373E-2
7.059375E+0	4.071929E-1	5.132441E+1	4.124676E-1	5.253622E+1	-1.300895E-2	-2.087805E-2
7.060547E+0	4.071726E-1	4.791233E+1	4.124255E-1	4.913527E+1	-1.296148E-2	-2.107088E-2
7.061719E+0	4.071981E-1	4.449809E+1	4.123926E-1	4.573383E+1	-1.282565E-2	-2.129441E-2
7.062891E+0	4.072029E-1	4.107505E+1	4.123724E-1	4.232490E+1	-1.277093E-2	-2.153883E-2
7.064063E+0	4.072165E-1	3.765021E+1	4.123861E-1	3.891602E+1	-1.277680E-2	-2.181383E-2
7.065234E+0	4.071918E-1	3.422049E+1	4.124066E-1	3.550103E+1	-1.289139E-2	-2.206520E-2
7.066406E+0	4.071786E-1	3.079068E+1	4.124216E-1	3.208490E+1	-1.296458E-2	-2.229934E-2
7.067578E+0	4.071634E-1	2.735769E+1	4.124384E-1	2.866059E+1	-1.304502E-2	-2.244712E-2
7.068750E+0	4.071516E-1	2.392046E+1	4.124543E-1	2.523124E+1	-1.311477E-2	-2.258133E-2
7.069922E+0	4.071504E-1	2.047955E+1	4.124637E-1	2.180166E+1	-1.314465E-2	-2.277590E-2
7.071094E+0	4.071032E-1	1.703249E+1	4.124427E-1	1.836392E+1	-1.321253E-2	-2.293494E-2
7.072266E+0	4.070344E-1	1.358545E+1	4.124298E-1	1.492505E+1	-1.335172E-2	-2.307247E-2
7.073438E+0	4.069641E-1	1.013238E+1	4.123756E-1	1.148008E+1	-1.339574E-2	-2.321099E-2
7.074609E+0	4.068693E-1	6.677363E+0	4.123094E-1	8.032070E+0	-1.347004E-2	-2.332996E-2
7.075781E+0	4.067520E-1	3.215657E+0	4.122128E-1	4.582632E+0	-1.352835E-2	-2.353992E-2
7.076953E+0	4.065929E-1	-2.470454E-1	4.120695E-1	1.126354E+0	-1.357393E-2	-2.364950E-2
7.078125E+0	4.063883E-1	-3.711911E+0	4.119226E-1	-2.330328E+0	-1.372209E-2	-2.378690E-2
7.079297E+0	4.061179E-1	-7.180256E+0	4.116946E-1	-5.787452E+0	-1.383717E-2	-2.397737E-2
7.080469E+0	4.058022E-1	-1.064348E+1	4.114427E-1	-9.246185E+0	-1.400236E-2	-2.405069E-2
7.081641E+0	4.054473E-1	-1.410212E+1	4.111565E-1	-1.270822E+1	-1.417752E-2	-2.398796E-2
7.082813E+0	4.050602E-1	-1.756063E+1	4.108169E-1	-1.616502E+1	-1.430530E-2	-2.401429E-2
7.083984E+0	4.046650E-1	-2.102029E+1	4.104177E-1	-1.962714E+1	-1.430815E-2	-2.397188E-2
7.085156E+0	4.041938E-1	-2.448078E+1	4.099669E-1	-2.308375E+1	-1.437493E-2	-2.403704E-2
7.086328E+0	4.036920E-1	-2.793886E+1	4.094837E-1	-2.653779E+1	-1.443865E-2	-2.410502E-2
7.087500E+0	4.031071E-1	-3.138770E+1	4.089436E-1	-2.999138E+1	-1.456484E-2	-2.402019E-2
7.088672E+0	4.024803E-1	-3.482991E+1	4.083355E-1	-3.343880E+1	-1.462969E-2	-2.392895E-2
7.089844E+0	4.018681E-1	-3.826425E+1	4.077002E-1	-3.688006E+1	-1.459251E-2	-2.381077E-2
7.091016E+0	4.012260E-1	-4.169048E+1	4.069838E-1	-4.031353E+1	-1.443217E-2	-2.369003E-2
7.092188E+0	4.005823E-1	-4.511424E+1	4.062653E-1	-4.374349E+1	-1.427056E-2	-2.358719E-2
7.093359E+0	3.999326E-1	-4.853122E+1	4.055023E-1	-4.715940E+1	-1.401799E-2	-2.361166E-2
7.094531E+0	3.992387E-1	-5.194600E+1	4.047076E-1	-5.056787E+1	-1.379856E-2	-2.372559E-2
7.095703E+0	3.985292E-1	-5.535265E+1	4.038889E-1	-5.396610E+1	-1.355915E-2	-2.387639E-2
7.096875E+0	3.977813E-1	-5.875254E+1	4.030647E-1	-5.735149E+1	-1.340311E-2	-2.413000E-2
7.098047E+0	3.969933E-1	-6.213954E+1	4.022326E-1	-6.072604E+1	-1.332588E-2	-2.434642E-2
7.099219E+0	3.961882E-1	-6.551450E+1	4.013931E-1	-6.408643E+1	-1.327366E-2	-2.459878E-2
7.100391E+0	3.954034E-1	-6.887074E+1	4.005957E-1	-6.743633E+1	-1.327075E-2	-2.470810E-2
7.101562E+0	3.946255E-1	-7.221410E+1	3.998011E-1	-7.077289E+1	-1.325768E-2	-2.482561E-2
7.102734E+0	3.939054E-1	-7.554095E+1	3.990677E-1	-7.409859E+1	-1.324865E-2	-2.484566E-2
7.103906E+0	3.932559E-1	-7.885548E+1	3.983778E-1	-7.741203E+1	-1.317014E-2	-2.486642E-2
7.105078E+0	3.926981E-1	-8.215193E+1	3.977560E-1	-8.070997E+1	-1.302873E-2	-2.484430E-2
7.106250E+0	3.922499E-1	-8.544691E+1	3.972025E-1	-8.400058E+1	-1.278332E-2	-2.492582E-2
7.107422E+0	3.918972E-1	-8.873599E+1	3.967139E-1	-8.728096E+1	-1.246002E-2	-2.508403E-2
7.108594E+0	3.916512E-1	-9.202041E+1	3.963241E-1	-9.055290E+1	-1.211473E-2	-2.530812E-2
7.109766E+0	3.914573E-1	-9.530153E+1	3.960286E-1	-9.381653E+1	-1.187483E-2	-2.561610E-2
7.110938E+0	3.913639E-1	-9.857989E+1	3.958460E-1	-9.707248E+1	-1.166499E-2	-2.600837E-2
7.112109E+0	3.913538E-1	-1.018524E+2	3.957656E-1	-1.003263E+2	-1.149826E-2	-2.633544E-2
7.113281E+0	3.914742E-1	-1.051248E+2	3.958208E-1	-1.035761E+2	-1.134251E-2	-2.672984E-2
7.114453E+0	3.916706E-1	-1.083995E+2	3.959860E-1	-1.068267E+2	-1.127050E-2	-2.714798E-2
7.115625E+0	3.920080E-1	-1.116740E+2	3.962833E-1	-1.100790E+2	-1.117177E-2	-2.753411E-2
7.116797E+0	3.924278E-1	-1.149496E+2	3.967026E-1	-1.133333E+2	-1.116941E-2	-2.790207E-2
7.117969E+0	3.929961E-1	-1.182339E+2	3.972331E-1	-1.165932E+2	-1.107188E-2	-2.832631E-2
7.119141E+0	3.936752E-1	-1.215233E+2	3.979095E-1	-1.198614E+2	-1.105752E-2	-2.869294E-2
7.120313E+0	3.944583E-1	-1.248251E+2	3.987051E-1	-1.231383E+2	-1.108020E-2	-2.912242E-2
7.121484E+0	3.953529E-1	-1.281402E+2	3.995880E-1	-1.264285E+2	-1.104016E-2	-2.955377E-2
7.122656E+0	3.963434E-1	-1.314675E+2	4.005852E-1	-1.297316E+2	-1.104307E-2	-2.997177E-2
7.123828E+0	3.973764E-1	-1.348115E+2	4.016862E-1	-1.330464E+2	-1.119867E-2	-3.047145E-2
7.125000E+0	3.985071E-1	-1.381681E+2	4.028662E-1	-1.363820E+2	-1.130081E-2	-3.083103E-2
7.126172E+0	3.997118E-1	-1.415450E+2	4.041163E-1	-1.397332E+2	-1.139357E-2	-3.127201E-2
7.127344E+0	4.009841E-1	-1.449388E+2	4.054439E-1	-1.431052E+2	-1.150620E-2	-3.164494E-2
7.128516E+0	4.022886E-1	-1.483557E+2	4.068026E-1	-1.464975E+2	-1.161632E-2	-3.206621E-2
7.129688E+0	4.036353E-1	-1.517910E+2	4.082287E-1	-1.499110E+2	-1.178424E-2	-3.243717E-2
7.130859E+0	4.049674E-1	-1.552522E+2	4.096551E-1	-1.533458E+2	-1.199020E-2	-3.288614E-2
7.132031E+0	4.062945E-1	-1.587360E+2	4.110938E-1	-1.568033E+2	-1.223669E-2	-3.333185E-2
7.133203E+0	4.075749E-1	-1.622360E+2	4.124966E-1	-1.602832E+2	-1.250532E-2	-3.366961E-2
7.134375E+0	4.088295E-1	-1.657567E+2	4.138719E-1	-1.637845E+2	-1.276862E-2	-3.399530E-2
7.135547E+0	4.100480E-1	-1.692970E+2	4.152085E-1	-1.673090E+2	-1.302310E-2	-3.425903E-2
7.136719E+0	4.111626E-1	-1.728586E+2	4.164847E-1	-1.708552E+2	-1.338206E-2	-3.451208E-2
7.137891E+0	4.121810E-1	-1.764350E+2	4.176523E-1	-1.744200E+2	-1.371037E-2	-3.470052E-2
7.139063E+0	4.131329E-1	1.799706E+2	4.187312E-1	-1.780005E+2	-1.398820E-2	-3.493025E-2
7.140234E+0	4.139891E-1	1.763600E+2	4.196932E-1	1.784004E+2	-1.421653E-2	-3.512027E-2
7.141406E+0	4.146904E-1	1.727359E+2	4.205302E-1	1.747867E+2	-1.451837E-2	-3.528862E-2
7.142578E+0	4.152666E-1	1.691017E+2	4.212397E-1	1.711602E+2	-1.481599E-2	-3.541054E-2
7.143750E+0	4.156899E-1	1.654601E+2	4.218033E-1	1.675195E+2	-1.513002E-2	-3.541474E-2
7.144922E+0	4.160078E-1	1.618092E+2	4.221850E-1	1.638709E+2	-1.526936E-2	-3.544931E-2
7.146094E+0	4.161842E-1	1.581522E+2	4.224310E-1	1.602147E+2	-1.542600E-2	-3.545744E-2
7.147266E+0	4.162303E-1	1.544869E+2	4.225016E-1	1.565535E+2	-1.548402E-2	-3.552589E-2
7.148438E+0	4.161163E-1	1.508177E+2	4.223973E-1	1.528894E+2	-1.551380E-2	-3.561256E-2
7.149609E+0	4.158272E-1	1.471442E+2	4.221304E-1	1.492246E+2	-1.558117E-2	-3.575980E-2
7.150781E+0	4.153537E-1	1.434737E+2	4.216823E-1	1.455626E+2	-1.566253E-2	-3.590306E-2
7.151953E+0	4.147241E-1	1.398053E+2	4.210514E-1	1.419000E+2	-1.568556E-2	-3.600200E-2
7.153125E+0	4.139482E-1	1.361415E+2	4.202775E-1	1.382473E+2	-1.572496E-2	-3.619150E-2
7.154297E+0	4.129904E-1	1.324859E+2	4.193366E-1	1.345992E+2	-1.580375E-2	-3.631761E-2
7.155469E+0	4.119215E-1	1.288384E+2	4.182319E-1	1.309623E+2	-1.576489E-2	-3.650138E-2
7.156641E+0	4.106891E-1	1.252006E+2	4.170059E-1	1.273366E+2	-1.583229E-2	-3.670701E-2
7.157813E+0	4.093012E-1	1.215742E+2	4.156351E-1	1.237257E+2	-1.593329E-2	-3.696983E-2
7.158984E+0	4.077853E-1	1.179674E+2	4.141266E-1	1.201260E+2	-1.601121E-2	-3.708901E-2
7.160156E+0	4.061330E-1	1.143869E+2	4.125131E-1	1.165463E+2	-1.616557E-2	-3.709695E-2
7.161328E+0	4.044415E-1	1.108239E+2	4.107994E-1	1.129832E+2	-1.617597E-2	-3.709484E-2
7.162500E+0	4.027289E-1	1.072760E+2	4.090014E-1	1.094397E+2	-1.603816E-2	-3.717570E-2
7.163672E+0	4.009440E-1	1.037446E+2	4.071154E-1	1.059164E+2	-1.586627E-2	-3.732152E-2
7.164844E+0	3.990979E-1	1.002318E+2	4.051829E-1	1.024146E+2	-1.573262E-2	-3.751583E-2
7.166016E+0	3.972173E-1	9.673985E+1	4.031785E-1	9.893250E+1	-1.550685E-2	-3.769393E-2
7.167188E+0	3.953159E-1	9.326466E+1	4.011464E-1	9.547779E+1	-1.526966E-2	-3.805552E-2
7.168359E+0	3.933668E-1	8.981073E+1	3.990895E-1	9.204388E+1	-1.508796E-2	-3.840720E-2
7.169531E+0	3.914537E-1	8.637613E+1	3.970705E-1	8.862737E+1	-1.490649E-2	-3.872578E-2
7.170703E+0	3.895489E-1	8.295972E+1	3.950898E-1	8.523795E+1	-1.480375E-2	-3.919464E-2
7.171875E+0	3.876688E-1	7.956852E+1	3.931029E-1	8.187344E+1	-1.462148E-2	-3.966164E-2
7.173047E+0	3.858142E-1	7.620341E+1	3.911786E-1	7.853304E+1	-1.452859E-2	-4.009108E-2
7.174219E+0	3.840015E-1	7.285708E+1	3.893025E-1	7.521422E+1	-1.445126E-2	-4.056822E-2
7.175391E+0	3.822651E-1	6.953331E+1	3.874863E-1	7.192226E+1	-1.433194E-2	-4.112130E-2
7.176563E+0	3.806095E-1	6.622740E+1	3.857650E-1	6.865034E+1	-1.424642E-2	-4.171069E-2
7.177734E+0	3.790183E-1	6.294617E+1	3.841046E-1	6.540394E+1	-1.414968E-2	-4.231517E-2
7.178906E+0	3.774998E-1	5.968726E+1	3.825876E-1	6.217545E+1	-1.422866E-2	-4.283613E-2
7.180078E+0	3.761163E-1	5.644379E+1	3.811765E-1	5.896608E+1	-1.423118E-2	-4.342383E-2
7.181250E+0	3.748783E-1	5.321980E+1	3.798792E-1	5.577456E+1	-1.414529E-2	-4.398741E-2
7.182422E+0	3.737715E-1	5.000765E+1	3.787442E-1	5.260130E+1	-1.414040E-2	-4.465814E-2
7.183594E+0	3.727756E-1	4.680219E+1	3.777247E-1	4.944344E+1	-1.415083E-2	-4.547840E-2
7.184766E+0	3.719222E-1	4.361380E+1	3.768699E-1	4.629757E+1	-1.421083E-2	-4.620878E-2
7.185938E+0	3.712244E-1	4.043386E+1	3.761792E-1	4.315991E+1	-1.428812E-2	-4.693416E-2
7.187109E+0	3.706779E-1	3.725888E+1	3.756610E-1	4.003456E+1	-1.442254E-2	-4.778345E-2
7.188281E+0	3.703121E-1	3.408742E+1	3.753029E-1	3.691202E+1	-1.449683E-2	-4.862329E-2
7.189453E+0	3.700675E-1	3.091629E+1	3.751302E-1	3.379325E+1	-1.473922E-2	-4.951395E-2
7.190625E+0	3.699574E-1	2.774953E+1	3.751279E-1	3.067719E+1	-1.507049E-2	-5.037109E-2
7.191797E+0	3.700290E-1	2.457901E+1	3.752923E-1	2.755899E+1	-1.535781E-2	-5.125792E-2
7.192969E+0	3.702670E-1	2.140438E+1	3.756742E-1	2.443674E+1	-1.577335E-2	-5.213856E-2
7.194141E+0	3.706413E-1	1.822437E+1	3.762138E-1	2.130916E+1	-1.623960E-2	-5.301664E-2
7.195313E+0	3.711588E-1	1.503571E+1	3.769073E-1	1.817026E+1	-1.672506E-2	-5.384695E-2
7.196484E+0	3.718543E-1	1.183642E+1	3.777927E-1	1.501857E+1	-1.723633E-2	-5.463790E-2
7.197656E+0	3.727054E-1	8.622437E+0	3.788313E-1	1.185539E+1	-1.773629E-2	-5.548379E-2
7.198828E+0	3.736897E-1	5.385437E+0	3.800242E-1	8.676655E+0	-1.829055E-2	-5.645404E-2
7.200000E+0	3.747599E-1	2.129269E+0	3.813682E-1	5.475009E+0	-1.900279E-2	-5.734973E-2
7.201172E+0	3.759156E-1	-1.144469E+0	3.828606E-1	2.253801E+0	-1.986625E-2	-5.820098E-2
7.202344E+0	3.771599E-1	-4.434972E+0	3.844470E-1	-9.887081E-1	-2.072887E-2	-5.897297E-2
7.203516E+0	3.785016E-1	-7.745773E+0	3.861442E-1	-4.254812E+0	-2.161095E-2	-5.968591E-2
7.204688E+0	3.799345E-1	-1.107962E+1	3.879353E-1	-7.549426E+0	-2.248244E-2	-6.030462E-2
7.205859E+0	3.814425E-1	-1.444274E+1	3.898330E-1	-1.087060E+1	-2.342436E-2	-6.096421E-2
7.207031E+0	3.829824E-1	-1.783466E+1	3.917674E-1	-1.421831E+1	-2.437060E-2	-6.166091E-2
7.208203E+0	3.845431E-1	-2.125696E+1	3.937389E-1	-1.759654E+1	-2.534747E-2	-6.235188E-2
7.209375E+0	3.860666E-1	-2.470789E+1	3.957312E-1	-2.100295E+1	-2.646104E-2	-6.304023E-2
7.210547E+0	3.875037E-1	-2.817615E+1	3.977439E-1	-2.443852E+1	-2.781793E-2	-6.350939E-2
7.211719E+0	3.888787E-1	-3.166984E+1	3.997213E-1	-2.790121E+1	-2.922914E-2	-6.394470E-2
7.212891E+0	3.902246E-1	-3.517820E+1	4.016524E-1	-3.139506E+1	-3.056904E-2	-6.410301E-2
7.214063E+0	3.915191E-1	-3.870317E+1	4.035188E-1	-3.491724E+1	-3.185504E-2	-6.406533E-2
7.215234E+0	3.927181E-1	-4.225560E+1	4.053083E-1	-3.846207E+1	-3.318626E-2	-6.410604E-2
7.216406E+0	3.938308E-1	-4.581923E+1	4.069854E-1	-4.203197E+1	-3.443528E-2	-6.391710E-2
7.217578E+0	3.948468E-1	-4.939634E+1	4.085488E-1	-4.562522E+1	-3.563086E-2	-6.356511E-2
7.218750E+0	3.957803E-1	-5.298129E+1	4.099745E-1	-4.923794E+1	-3.668178E-2	-6.302693E-2
7.219922E+0	3.966726E-1	-5.658661E+1	4.112600E-1	-5.286896E+1	-3.749969E-2	-6.253985E-2
7.221094E+0	3.974960E-1	-6.021918E+1	4.123448E-1	-5.651218E+1	-3.802757E-2	-6.232599E-2
7.222266E+0	3.981270E-1	-6.387307E+1	4.132771E-1	-6.016951E+1	-3.867029E-2	-6.222638E-2
7.223438E+0	3.985108E-1	-6.753375E+1	4.140350E-1	-6.383659E+1	-3.949805E-2	-6.206507E-2
7.224609E+0	3.986833E-1	-7.119083E+1	4.145839E-1	-6.751234E+1	-4.033436E-2	-6.169702E-2
7.225781E+0	3.987086E-1	-7.484450E+1	4.149543E-1	-7.119127E+1	-4.110306E-2	-6.122311E-2
7.226953E+0	3.986246E-1	-7.849349E+1	4.151364E-1	-7.487268E+1	-4.169114E-2	-6.064113E-2
7.228125E+0	3.984410E-1	-8.214452E+1	4.151434E-1	-7.854999E+1	-4.212098E-2	-6.017283E-2
7.229297E+0	3.981575E-1	-8.579803E+1	4.149509E-1	-8.222603E+1	-4.233489E-2	-5.978134E-2
7.230469E+0	3.977115E-1	-8.945210E+1	4.145738E-1	-8.589379E+1	-4.252325E-2	-5.953992E-2
7.231641E+0	3.970971E-1	-9.310134E+1	4.140525E-1	-8.955567E+1	-4.278567E-2	-5.931162E-2
7.232813E+0	3.963410E-1	-9.674107E+1	4.133811E-1	-9.320610E+1	-4.304550E-2	-5.911612E-2
7.233984E+0	3.954697E-1	-1.003725E+2	4.125493E-1	-9.684299E+1	-4.321839E-2	-5.901392E-2
7.235156E+0	3.945025E-1	-1.039937E+2	4.115855E-1	-1.004653E+2	-4.332226E-2	-5.898891E-2
7.236328E+0	3.933882E-1	-1.076053E+2	4.104932E-1	-1.040727E+2	-4.349031E-2	-5.904893E-2
7.237500E+0	3.921488E-1	-1.111986E+2	4.093298E-1	-1.076630E+2	-4.379693E-2	-5.908026E-2
7.238672E+0	3.908122E-1	-1.147721E+2	4.080553E-1	-1.112327E+2	-4.408359E-2	-5.912618E-2
7.239844E+0	3.893880E-1	-1.183227E+2	4.067119E-1	-1.147879E+2	-4.441645E-2	-5.902858E-2
7.241016E+0	3.879789E-1	-1.218495E+2	4.053187E-1	-1.183217E+2	-4.459453E-2	-5.890041E-2
7.242188E+0	3.865781E-1	-1.253571E+2	4.038960E-1	-1.218373E+2	-4.468260E-2	-5.876109E-2
7.243359E+0	3.852027E-1	-1.288538E+2	4.024293E-1	-1.253336E+2	-4.461255E-2	-5.877210E-2
7.244531E+0	3.838562E-1	-1.323419E+2	4.009424E-1	-1.288105E+2	-4.443299E-2	-5.897064E-2
7.245703E+0	3.825071E-1	-1.358209E+2	3.994525E-1	-1.322658E+2	-4.426430E-2	-5.937790E-2
7.246875E+0	3.811533E-1	-1.392966E+2	3.979903E-1	-1.357020E+2	-4.418918E-2	-6.004408E-2
7.248047E+0	3.797491E-1	-1.427623E+2	3.965392E-1	-1.391205E+2	-4.427543E-2	-6.082913E-2
7.249219E+0	3.782650E-1	-1.462140E+2	3.951412E-1	-1.425218E+2	-4.469625E-2	-6.164613E-2
7.250391E+0	3.767046E-1	-1.496350E+2	3.937664E-1	-1.459069E+2	-4.535421E-2	-6.220434E-2
7.251563E+0	3.751921E-1	-1.530248E+2	3.924567E-1	-1.492738E+2	-4.603907E-2	-6.254262E-2
7.252734E+0	3.737865E-1	-1.563949E+2	3.912171E-1	-1.526244E+2	-4.662290E-2	-6.283022E-2
7.253906E+0	3.725063E-1	-1.597500E+2	3.900506E-1	-1.559631E+2	-4.706475E-2	-6.307505E-2
7.255078E+0	3.713476E-1	-1.630992E+2	3.889540E-1	-1.592876E+2	-4.737786E-2	-6.346681E-2
7.256250E+0	3.702928E-1	-1.664458E+2	3.879488E-1	-1.626015E+2	-4.765883E-2	-6.399405E-2
7.257422E+0	3.693038E-1	-1.697916E+2	3.870239E-1	-1.659053E+2	-4.797975E-2	-6.467354E-2
7.258594E+0	3.683146E-1	-1.731368E+2	3.862049E-1	-1.692022E+2	-4.857113E-2	-6.543916E-2
7.259766E+0	3.673667E-1	-1.764713E+2	3.854749E-1	-1.724902E+2	-4.927598E-2	-6.616596E-2
7.260938E+0	3.664615E-1	-1.797932E+2	3.848545E-1	-1.757724E+2	-5.013579E-2	-6.676750E-2
7.262109E+0	3.656246E-1	1.768920E+2	3.843257E-1	-1.790507E+2	-5.104377E-2	-6.731122E-2
7.263281E+0	3.648491E-1	1.735835E+2	3.838904E-1	1.776729E+2	-5.202060E-2	-6.777573E-2
7.264453E+0	3.641415E-1	1.702839E+2	3.835669E-1	1.743981E+2	-5.309056E-2	-6.811120E-2
7.265625E+0	3.635369E-1	1.669896E+2	3.833299E-1	1.711216E+2	-5.409947E-2	-6.833402E-2
7.266797E+0	3.630250E-1	1.637005E+2	3.831993E-1	1.678433E+2	-5.512236E-2	-6.843916E-2
7.267969E+0	3.626123E-1	1.604170E+2	3.831605E-1	1.645641E+2	-5.610609E-2	-6.843912E-2
7.269141E+0	3.623261E-1	1.571364E+2	3.832073E-1	1.612776E+2	-5.695923E-2	-6.827964E-2
7.270313E+0	3.621760E-1	1.538568E+2	3.833399E-1	1.579849E+2	-5.766040E-2	-6.801229E-2
7.271484E+0	3.622220E-1	1.505634E+2	3.835492E-1	1.546868E+2	-5.804943E-2	-6.790654E-2
7.272656E+0	3.624081E-1	1.472469E+2	3.838490E-1	1.513785E+2	-5.831128E-2	-6.802314E-2
7.273828E+0	3.626761E-1	1.439097E+2	3.841988E-1	1.480638E+2	-5.849969E-2	-6.838120E-2
7.275000E+0	3.629569E-1	1.405446E+2	3.845917E-1	1.447360E+2	-5.877803E-2	-6.897698E-2
7.276172E+0	3.632496E-1	1.371603E+2	3.850288E-1	1.413981E+2	-5.914452E-2	-6.971620E-2
7.277344E+0	3.634960E-1	1.337629E+2	3.855144E-1	1.380506E+2	-5.975328E-2	-7.049452E-2
7.278516E+0	3.636915E-1	1.303501E+2	3.860406E-1	1.346916E+2	-6.059645E-2	-7.131841E-2
7.279688E+0	3.638614E-1	1.269250E+2	3.865644E-1	1.313183E+2	-6.149591E-2	-7.210356E-2
7.280859E+0	3.639730E-1	1.234900E+2	3.871024E-1	1.279340E+2	-6.257690E-2	-7.285497E-2
7.282031E+0	3.640141E-1	1.200477E+2	3.876682E-1	1.245400E+2	-6.390103E-2	-7.354601E-2
7.283203E+0	3.639696E-1	1.166094E+2	3.882153E-1	1.211361E+2	-6.537878E-2	-7.399454E-2
7.284375E+0	3.638679E-1	1.131714E+2	3.887389E-1	1.177203E+2	-6.692713E-2	-7.423576E-2
7.285547E+0	3.637593E-1	1.097378E+2	3.892412E-1	1.142945E+2	-6.841945E-2	-7.424466E-2
7.286719E+0	3.636418E-1	1.063093E+2	3.897276E-1	1.108567E+2	-6.987063E-2	-7.397707E-2
7.287891E+0	3.635938E-1	1.028751E+2	3.901717E-1	1.074110E+2	-7.103715E-2	-7.369666E-2
7.289063E+0	3.635643E-1	9.943857E+1	3.905841E-1	1.039591E+2	-7.207357E-2	-7.336395E-2
7.290234E+0	3.635797E-1	9.599547E+1	3.909354E-1	1.005007E+2	-7.284861E-2	-7.305355E-2
7.291406E+0	3.635850E-1	9.253932E+1	3.912541E-1	9.703407E+1	-7.357699E-2	-7.282566E-2
7.292578E+0	3.635973E-1	8.906693E+1	3.915149E-1	9.356283E+1	-7.416425E-2	-7.279819E-2
7.293750E+0	3.635609E-1	8.558730E+1	3.917201E-1	9.008611E+1	-7.474558E-2	-7.279977E-2
7.294922E+0	3.634955E-1	8.209605E+1	3.918521E-1	8.660681E+1	-7.523884E-2	-7.295503E-2
7.296094E+0	3.634313E-1	7.858875E+1	3.919587E-1	8.312785E+1	-7.568981E-2	-7.337950E-2
7.297266E+0	3.632686E-1	7.506021E+1	3.919891E-1	7.964746E+1	-7.623722E-2	-7.411730E-2
7.298438E+0	3.629358E-1	7.152062E+1	3.919815E-1	7.616570E+1	-7.714082E-2	-7.498233E-2
7.299609E+0	3.623857E-1	6.798573E+1	3.918878E-1	7.268408E+1	-7.838929E-2	-7.574347E-2
7.300781E+0	3.616654E-1	6.447418E+1	3.917605E-1	6.920527E+1	-7.996563E-2	-7.614322E-2
7.301953E+0	3.608844E-1	6.098404E+1	3.916039E-1	6.573071E+1	-8.160598E-2	-7.625891E-2
7.303125E+0	3.601218E-1	5.751297E+1	3.913812E-1	6.225581E+1	-8.302012E-2	-7.607977E-2
7.304297E+0	3.594511E-1	5.404519E+1	3.911335E-1	5.878712E+1	-8.414709E-2	-7.597162E-2
7.305469E+0	3.588112E-1	5.057605E+1	3.908375E-1	5.532162E+1	-8.508994E-2	-7.595194E-2
7.306641E+0	3.581960E-1	4.709708E+1	3.905334E-1	5.186040E+1	-8.597095E-2	-7.616392E-2
7.307813E+0	3.574900E-1	4.360464E+1	3.901946E-1	4.840627E+1	-8.703149E-2	-7.669026E-2
7.308984E+0	3.567100E-1	4.011758E+1	3.898055E-1	4.495433E+1	-8.816128E-2	-7.715825E-2
7.310156E+0	3.557965E-1	3.664057E+1	3.894250E-1	4.151109E+1	-8.965331E-2	-7.757243E-2
7.311328E+0	3.548157E-1	3.317905E+1	3.890294E-1	3.806979E+1	-9.126702E-2	-7.775795E-2
7.312500E+0	3.538009E-1	2.973741E+1	3.886274E-1	3.463357E+1	-9.293609E-2	-7.770157E-2
7.313672E+0	3.528362E-1	2.630807E+1	3.882220E-1	3.120814E+1	-9.447004E-2	-7.763242E-2
7.314844E+0	3.518991E-1	2.288744E+1	3.878280E-1	2.778439E+1	-9.595333E-2	-7.745566E-2
7.316016E+0	3.509810E-1	1.947296E+1	3.874251E-1	2.436630E+1	-9.736940E-2	-7.727705E-2
7.317188E+0	3.500572E-1	1.607117E+1	3.870362E-1	2.095278E+1	-9.882480E-2	-7.696660E-2
7.318359E+0	3.491718E-1	1.268094E+1	3.866680E-1	1.754549E+1	-1.002253E-1	-7.657713E-2
7.319531E+0	3.484150E-1	9.298852E+0	3.863306E-1	1.413993E+1	-1.013602E-1	-7.610975E-2
7.320703E+0	3.477169E-1	5.911629E+0	3.860048E-1	1.073939E+1	-1.023861E-1	-7.581274E-2
7.321875E+0	3.471374E-1	2.515965E+0	3.856926E-1	7.340084E+0	-1.031519E-1	-7.569065E-2
7.323047E+0	3.465929E-1	-8.972332E-1	3.854319E-1	3.944319E+0	-1.039760E-1	-7.589568E-2
7.324219E+0	3.460249E-1	-4.329217E+0	3.851691E-1	5.493402E-1	-1.048832E-1	-7.640113E-2
7.325391E+0	3.453584E-1	-7.764963E+0	3.849521E-1	-2.844819E+0	-1.061594E-1	-7.694575E-2
7.326563E+0	3.445941E-1	-1.119423E+1	3.847725E-1	-6.236652E+0	-1.077716E-1	-7.739425E-2
7.327734E+0	3.438042E-1	-1.460671E+1	3.846135E-1	-9.631389E+0	-1.094728E-1	-7.752454E-2
7.328906E+0	3.430699E-1	-1.802268E+1	3.844651E-1	-1.302507E+1	-1.110619E-1	-7.773464E-2
7.330078E+0	3.423409E-1	-2.143926E+1	3.843602E-1	-1.642107E+1	-1.127367E-1	-7.790933E-2
7.331250E+0	3.416077E-1	-2.486334E+1	3.842921E-1	-1.981939E+1	-1.145151E-1	-7.815436E-2
7.332422E+0	3.408115E-1	-2.828214E+1	3.842205E-1	-2.322009E+1	-1.164390E-1	-7.826586E-2
7.333594E+0	3.399887E-1	-3.169206E+1	3.841803E-1	-2.662380E+1	-1.184884E-1	-7.818062E-2
7.334766E+0	3.392063E-1	-3.510336E+1	3.841511E-1	-3.003258E+1	-1.204535E-1	-7.804532E-2
7.335938E+0	3.384376E-1	-3.852257E+1	3.841268E-1	-3.344526E+1	-1.224001E-1	-7.797340E-2
7.337109E+0	3.375872E-1	-4.193674E+1	3.841115E-1	-3.686474E+1	-1.245632E-1	-7.769944E-2
7.338281E+0	3.366445E-1	-4.533232E+1	3.840999E-1	-4.028858E+1	-1.269434E-1	-7.705420E-2
7.339453E+0	3.357765E-1	-4.870636E+1	3.840665E-1	-4.371488E+1	-1.290490E-1	-7.606784E-2
7.340625E+0	3.350514E-1	-5.207327E+1	3.840239E-1	-4.714597E+1	-1.307489E-1	-7.493835E-2
7.341797E+0	3.345344E-1	-5.546033E+1	3.839813E-1	-5.058543E+1	-1.319258E-1	-7.403715E-2
7.342969E+0	3.341104E-1	-5.889099E+1	3.839036E-1	-5.402588E+1	-1.328379E-1	-7.381011E-2
7.344141E+0	3.335760E-1	-6.235440E+1	3.838009E-1	-5.746995E+1	-1.340182E-1	-7.400408E-2
7.345313E+0	3.328197E-1	-6.583067E+1	3.836678E-1	-6.091768E+1	-1.357187E-1	-7.429243E-2
7.346484E+0	3.318762E-1	-6.930170E+1	3.834909E-1	-6.436955E+1	-1.377961E-1	-7.440433E-2
7.347656E+0	3.307741E-1	-7.274744E+1	3.832842E-1	-6.781966E+1	-1.401903E-1	-7.413166E-2
7.348828E+0	3.296258E-1	-7.615585E+1	3.830210E-1	-7.127274E+1	-1.425290E-1	-7.325657E-2
7.350000E+0	3.286490E-1	-7.955232E+1	3.827162E-1	-7.472645E+1	-1.443165E-1	-7.224284E-2
7.351172E+0	3.278092E-1	-8.296626E+1	3.823952E-1	-7.817876E+1	-1.457385E-1	-7.154666E-2
7.352344E+0	3.270064E-1	-8.641272E+1	3.820004E-1	-8.162795E+1	-1.469464E-1	-7.140456E-2
7.353516E+0	3.260610E-1	-8.987520E+1	3.815683E-1	-8.507310E+1	-1.484710E-1	-7.153632E-2
7.354688E+0	3.250449E-1	-9.334653E+1	3.810879E-1	-8.851771E+1	-1.500879E-1	-7.179965E-2
7.355859E+0	3.238708E-1	-9.682744E+1	3.805974E-1	-9.195562E+1	-1.521205E-1	-7.226885E-2
7.357031E+0	3.224952E-1	-1.003090E+2	3.800403E-1	-9.538573E+1	-1.545492E-1	-7.282660E-2
7.358203E+0	3.209155E-1	-1.037612E+2	3.794801E-1	-9.881137E+1	-1.574823E-1	-7.296742E-2
7.359375E+0	3.192691E-1	-1.071856E+2	3.788903E-1	-1.022299E+2	-1.605074E-1	-7.279208E-2
7.360547E+0	3.176025E-1	-1.105907E+2	3.782831E-1	-1.056386E+2	-1.635446E-1	-7.247578E-2
7.361719E+0	3.159071E-1	-1.139766E+2	3.776813E-1	-1.090400E+2	-1.666645E-1	-7.197833E-2
7.362891E+0	3.141873E-1	-1.173485E+2	3.770680E-1	-1.124325E+2	-1.698274E-1	-7.140444E-2
7.364063E+0	3.124531E-1	-1.206938E+2	3.764546E-1	-1.158178E+2	-1.730149E-1	-7.054869E-2
7.365234E+0	3.107751E-1	-1.240179E+2	3.758799E-1	-1.191937E+2	-1.761354E-1	-6.953229E-2
7.366406E+0	3.091584E-1	-1.273343E+2	3.753156E-1	-1.225623E+2	-1.791262E-1	-6.852673E-2
7.367578E+0	3.076004E-1	-1.306573E+2	3.747786E-1	-1.259247E+2	-1.820460E-1	-6.771663E-2
7.368750E+0	3.059495E-1	-1.339731E+2	3.742831E-1	-1.292764E+2	-1.853168E-1	-6.693191E-2
7.369922E+0	3.042645E-1	-1.372729E+2	3.738139E-1	-1.326227E+2	-1.887329E-1	-6.598845E-2
7.371094E+0	3.025647E-1	-1.405521E+2	3.734060E-1	-1.359643E+2	-1.923128E-1	-6.481188E-2
7.372266E+0	3.008829E-1	-1.438111E+2	3.730426E-1	-1.393036E+2	-1.959302E-1	-6.338757E-2
7.373438E+0	2.992758E-1	-1.470581E+2	3.727290E-1	-1.426359E+2	-1.994590E-1	-6.191030E-2
7.374609E+0	2.977520E-1	-1.503077E+2	3.724878E-1	-1.459669E+2	-2.029326E-1	-6.050263E-2
7.375781E+0	2.962041E-1	-1.535621E+2	3.722942E-1	-1.492947E+2	-2.065874E-1	-5.920303E-2
7.376953E+0	2.945947E-1	-1.568092E+2	3.721605E-1	-1.526283E+2	-2.105268E-1	-5.771070E-2
7.378125E+0	2.929237E-1	-1.600364E+2	3.721106E-1	-1.559643E+2	-2.147920E-1	-5.590010E-2
7.379297E+0	2.912627E-1	-1.632377E+2	3.721069E-1	-1.593015E+2	-2.191071E-1	-5.373163E-2
7.380469E+0	2.896901E-1	-1.664288E+2	3.721660E-1	-1.626416E+2	-2.233103E-1	-5.141339E-2
7.381641E+0	2.881285E-1	-1.695989E+2	3.722947E-1	-1.659859E+2	-2.276123E-1	-4.877046E-2
7.382813E+0	2.865984E-1	-1.727397E+2	3.724254E-1	-1.693359E+2	-2.318118E-1	-4.568992E-2
7.383984E+0	2.852884E-1	-1.758636E+2	3.726434E-1	-1.726915E+2	-2.355928E-1	-4.236362E-2
7.385156E+0	2.842912E-1	-1.790263E+2	3.729033E-1	-1.760531E+2	-2.386538E-1	-3.954338E-2
7.386328E+0	2.833877E-1	1.777463E+2	3.731976E-1	-1.794235E+2	-2.415759E-1	-3.749385E-2
7.387500E+0	2.823753E-1	1.744473E+2	3.735166E-1	1.771977E+2	-2.448796E-1	-3.627632E-2
7.388672E+0	2.809978E-1	1.711132E+2	3.738856E-1	1.738123E+2	-2.492729E-1	-3.539157E-2
7.389844E+0	2.791602E-1	1.677943E+2	3.742544E-1	1.704196E+2	-2.548726E-1	-3.416575E-2
7.391016E+0	2.770014E-1	1.645156E+2	3.746413E-1	1.670144E+2	-2.613254E-1	-3.223573E-2
7.392188E+0	2.746956E-1	1.612836E+2	3.750356E-1	1.636009E+2	-2.681469E-1	-2.961559E-2
7.393359E+0	2.722619E-1	1.580835E+2	3.754423E-1	1.601778E+2	-2.753080E-1	-2.650106E-2
7.394531E+0	2.696999E-1	1.548941E+2	3.758327E-1	1.567449E+2	-2.827681E-1	-2.317648E-2
7.395703E+0	2.668646E-1	1.517126E+2	3.762178E-1	1.533016E+2	-2.909374E-1	-1.966968E-2
7.396875E+0	2.634835E-1	1.486045E+2	3.765797E-1	1.498487E+2	-3.004897E-1	-1.519252E-2
7.398047E+0	2.597183E-1	1.456447E+2	3.769358E-1	1.463879E+2	-3.110327E-1	-8.937294E-3
7.399219E+0	2.559487E-1	1.428248E+2	3.772356E-1	1.429153E+2	-3.215158E-1	-1.071682E-3
7.400391E+0	2.523123E-1	1.400834E+2	3.775309E-1	1.394372E+2	-3.317203E-1	7.537391E-3
7.401563E+0	2.485110E-1	1.373983E+2	3.777705E-1	1.359468E+2	-3.423752E-1	1.666347E-2
7.402734E+0	2.441023E-1	1.348518E+2	3.779585E-1	1.324505E+2	-3.547229E-1	2.705979E-2
7.403906E+0	2.389721E-1	1.326491E+2	3.780788E-1	1.289461E+2	-3.692501E-1	4.082193E-2
7.405078E+0	2.338209E-1	1.309660E+2	3.781516E-1	1.254357E+2	-3.845523E-1	5.958938E-2
7.406250E+0	2.297155E-1	1.298499E+2	3.781579E-1	1.219199E+2	-3.983497E-1	8.380699E-2
7.407422E+0	2.278394E-1	1.291690E+2	3.780834E-1	1.183981E+2	-4.079999E-1	1.126185E-1
7.408594E+0	2.289777E-1	1.286159E+2	3.779449E-1	1.148727E+2	-4.114959E-1	1.439320E-1
7.409766E+0	2.332498E-1	1.278110E+2	3.777173E-1	1.113468E+2	-4.077956E-1	1.750165E-1
7.410938E+0	2.396632E-1	1.265482E+2	3.774001E-1	1.078160E+2	-3.986005E-1	2.039393E-1
7.412109E+0	2.472069E-1	1.249204E+2	3.769928E-1	1.042841E+2	-3.863405E-1	2.311033E-1
7.413281E+0	2.559659E-1	1.229669E+2	3.765066E-1	1.007542E+2	-3.706090E-1	2.570125E-1
7.414453E+0	2.661088E-1	1.205786E+2	3.759366E-1	9.722514E+1	-3.501342E-1	2.805956E-1
7.415625E+0	2.769221E-1	1.177236E+2	3.752523E-1	9.370144E+1	-3.259539E-1	3.004171E-1
7.416797E+0	2.878145E-1	1.144612E+2	3.744687E-1	9.018137E+1	-2.993894E-1	3.160410E-1
7.417969E+0	2.984640E-1	1.108205E+2	3.736251E-1	8.666552E+1	-2.711114E-1	3.268874E-1
7.419141E+0	3.082905E-1	1.068637E+2	3.726823E-1	8.315504E+1	-2.425952E-1	3.326140E-1
7.420313E+0	3.167871E-1	1.027072E+2	3.716371E-1	7.965236E+1	-2.156718E-1	3.338139E-1
7.421484E+0	3.239187E-1	9.844446E+1	3.705429E-1	7.615531E+1	-1.911436E-1	3.315573E-1
7.422656E+0	3.296481E-1	9.415147E+1	3.693894E-1	7.266412E+1	-1.696106E-1	3.268873E-1
7.423828E+0	3.341404E-1	8.988543E+1	3.681581E-1	6.918141E+1	-1.510132E-1	3.208734E-1
7.425000E+0	3.377236E-1	8.568665E+1	3.668801E-1	6.570158E+1	-1.349041E-1	3.146139E-1
7.426172E+0	3.407555E-1	8.154304E+1	3.655650E-1	6.223090E+1	-1.203165E-1	3.082700E-1
7.427344E+0	3.434425E-1	7.743005E+1	3.642156E-1	5.876738E+1	-1.066172E-1	3.017448E-1
7.428516E+0	3.457218E-1	7.331823E+1	3.628511E-1	5.531485E+1	-9.385787E-2	2.944825E-1
7.429688E+0	3.474863E-1	6.922572E+1	3.614839E-1	5.187355E+1	-8.247070E-2	2.866953E-1
7.430859E+0	3.487006E-1	6.518148E+1	3.601327E-1	4.844726E+1	-7.274909E-2	2.787924E-1
7.432031E+0	3.495224E-1	6.119912E+1	3.588246E-1	4.504150E+1	-6.440030E-2	2.710666E-1
7.433203E+0	3.501125E-1	5.727833E+1	3.575177E-1	4.165879E+1	-5.687711E-2	2.636714E-1
7.434375E+0	3.505607E-1	5.341282E+1	3.562849E-1	3.829696E+1	-5.010998E-2	2.565821E-1
7.435547E+0	3.509097E-1	4.959138E+1	3.551077E-1	3.496111E+1	-4.386259E-2	2.495946E-1
7.436719E+0	3.511412E-1	4.581276E+1	3.539930E-1	3.164425E+1	-3.823100E-2	2.428026E-1
7.437891E+0	3.512577E-1	4.207698E+1	3.529858E-1	2.835000E+1	-3.331834E-2	2.361339E-1
7.439063E+0	3.512920E-1	3.838871E+1	3.520586E-1	2.507598E+1	-2.899123E-2	2.297646E-1
7.440234E+0	3.513220E-1	3.474621E+1	3.512532E-1	2.182116E+1	-2.514560E-2	2.237201E-1
7.441406E+0	3.513965E-1	3.114292E+1	3.505765E-1	1.858467E+1	-2.164150E-2	2.179406E-1
7.442578E+0	3.515269E-1	2.757308E+1	3.499978E-1	1.536324E+1	-1.835035E-2	2.124166E-1
7.443750E+0	3.517468E-1	2.403461E+1	3.495508E-1	1.216398E+1	-1.523744E-2	2.069949E-1
7.444922E+0	3.520500E-1	2.052543E+1	3.492321E-1	8.980646E+0	-1.232582E-2	2.017487E-1
7.446094E+0	3.524094E-1	1.704506E+1	3.490500E-1	5.818301E+0	-9.695426E-3	1.965663E-1
7.447266E+0	3.528366E-1	1.359220E+1	3.490227E-1	2.676932E+0	-7.362037E-3	1.914263E-1
7.448438E+0	3.533303E-1	1.016308E+1	3.491473E-1	-4.480875E-1	-5.324781E-3	1.863491E-1
7.449609E+0	3.538690E-1	6.761361E+0	3.494018E-1	-3.559558E+0	-3.601899E-3	1.814521E-1
7.450781E+0	3.544749E-1	3.376389E+0	3.497969E-1	-6.662269E+0	-2.140901E-3	1.766438E-1
7.451953E+0	3.551493E-1	-2.901847E-5	3.503416E-1	-9.774270E+0	-9.919833E-4	1.720961E-1
7.453125E+0	3.558973E-1	-3.376618E+0	3.510107E-1	-1.289699E+1	-4.337496E-5	1.677009E-1
7.454297E+0	3.567106E-1	-6.756605E+0	3.518169E-1	-1.604032E+1	6.292051E-4	1.635673E-1
7.455469E+0	3.576054E-1	-1.014922E+1	3.527307E-1	-1.921080E+1	1.167053E-3	1.596725E-1
7.456641E+0	3.585981E-1	-1.355476E+1	3.537714E-1	-2.240724E+1	1.568872E-3	1.559906E-1
7.457813E+0	3.596708E-1	-1.697688E+1	3.549037E-1	-2.563168E+1	1.892049E-3	1.525022E-1
7.458984E+0	3.608138E-1	-2.042083E+1	3.561442E-1	-2.889072E+1	2.061944E-3	1.492208E-1
7.460156E+0	3.620355E-1	-2.388306E+1	3.574448E-1	-3.217638E+1	2.251409E-3	1.460933E-1
7.461328E+0	3.633104E-1	-2.736709E+1	3.588426E-1	-3.549459E+1	2.281445E-3	1.431366E-1
7.462500E+0	3.646329E-1	-3.086797E+1	3.602641E-1	-3.883966E+1	2.346190E-3	1.403656E-1
7.463672E+0	3.659824E-1	-3.439176E+1	3.617252E-1	-4.221651E+1	2.348697E-3	1.377458E-1
7.464844E+0	3.673435E-1	-3.793854E+1	3.632118E-1	-4.561978E+1	2.300401E-3	1.351822E-1
7.466016E+0	3.686895E-1	-4.150248E+1	3.647054E-1	-4.905452E+1	2.155302E-3	1.328624E-1
7.467188E+0	3.700493E-1	-4.508883E+1	3.662016E-1	-5.251385E+1	2.033776E-3	1.305864E-1
7.468359E+0	3.713649E-1	-4.869510E+1	3.676434E-1	-5.600052E+1	1.922828E-3	1.284456E-1
7.469531E+0	3.726339E-1	-5.231779E+1	3.690388E-1	-5.951460E+1	1.786723E-3	1.264984E-1
7.470703E+0	3.738499E-1	-5.596405E+1	3.703784E-1	-6.305394E+1	1.654912E-3	1.245832E-1
7.471875E+0	3.749722E-1	-5.962310E+1	3.716178E-1	-6.661612E+1	1.520321E-3	1.228474E-1
7.473047E+0	3.759987E-1	-6.330258E+1	3.727838E-1	-7.020175E+1	1.320670E-3	1.211584E-1
7.474219E+0	3.769262E-1	-6.699609E+1	3.738125E-1	-7.380572E+1	1.216410E-3	1.195585E-1
7.475391E+0	3.777211E-1	-7.070524E+1	3.747461E-1	-7.742928E+1	1.005713E-3	1.180170E-1
7.476563E+0	3.784041E-1	-7.442552E+1	3.754770E-1	-8.107018E+1	1.026194E-3	1.166135E-1
7.477734E+0	3.789331E-1	-7.815437E+1	3.760843E-1	-8.472334E+1	9.600343E-4	1.152657E-1
7.478906E+0	3.792937E-1	-8.189254E+1	3.765438E-1	-8.839079E+1	8.313950E-4	1.139994E-1
7.480078E+0	3.795158E-1	-8.563834E+1	3.768144E-1	-9.206290E+1	8.440717E-4	1.126971E-1
7.481250E+0	3.795621E-1	-8.938374E+1	3.768974E-1	-9.574467E+1	8.702670E-4	1.115746E-1
7.482422E+0	3.794244E-1	-9.313029E+1	3.768147E-1	-9.943156E+1	8.423667E-4	1.105165E-1
7.483594E+0	3.791277E-1	-9.687965E+1	3.765344E-1	-1.031145E+2	9.316378E-4	1.093520E-1
7.484766E+0	3.786590E-1	-1.006266E+2	3.760704E-1	-1.067981E+2	1.047956E-3	1.082448E-1
7.485938E+0	3.779994E-1	-1.043619E+2	3.754350E-1	-1.104769E+2	1.101702E-3	1.072520E-1
7.487109E+0	3.771895E-1	-1.080912E+2	3.746201E-1	-1.141476E+2	1.238919E-3	1.062310E-1
7.488281E+0	3.762119E-1	-1.118072E+2	3.736362E-1	-1.178080E+2	1.376266E-3	1.052630E-1
7.489453E+0	3.750680E-1	-1.155100E+2	3.725131E-1	-1.214537E+2	1.445807E-3	1.042614E-1
7.490625E+0	3.737863E-1	-1.191959E+2	3.712093E-1	-1.250891E+2	1.620496E-3	1.033873E-1
7.491797E+0	3.723978E-1	-1.228638E+2	3.697769E-1	-1.287030E+2	1.862348E-3	1.024580E-1
7.492969E+0	3.708787E-1	-1.265108E+2	3.682256E-1	-1.322986E+2	2.070568E-3	1.015710E-1
7.494141E+0	3.692640E-1	-1.301396E+2	3.665504E-1	-1.358724E+2	2.364598E-3	1.006289E-1
7.495313E+0	3.675434E-1	-1.337447E+2	3.648119E-1	-1.394240E+2	2.542055E-3	9.970120E-2
7.496484E+0	3.657635E-1	-1.373246E+2	3.629830E-1	-1.429520E+2	2.803841E-3	9.880997E-2
7.497656E+0	3.639240E-1	-1.408795E+2	3.610872E-1	-1.464525E+2	3.092414E-3	9.787685E-2
7.498828E+0	3.620425E-1	-1.444095E+2	3.591619E-1	-1.499308E+2	3.343627E-3	9.698747E-2
7.500000E+0	3.601427E-1	-1.479099E+2	3.572012E-1	-1.533808E+2	3.642092E-3	9.612530E-2
