7.021484E-1	6.294962E-5	-1.022484E+2	6.846670E-5	-9.782638E+1	-8.331742E-2	-7.088928E-2
7.042969E-1	6.051685E-5	-1.088969E+2	6.194590E-5	-1.044175E+2	-2.605338E-2	-7.629893E-2
7.064453E-1	6.567010E-5	-1.133843E+2	6.143822E-5	-1.122080E+2	6.865500E-2	-2.194290E-2
7.085937E-1	6.352410E-5	-1.158042E+2	6.135428E-5	-1.170532E+2	3.511943E-2	2.256831E-2
7.107422E-1	6.056119E-5	-1.323947E+2	6.434022E-5	-1.253239E+2	-6.589362E-2	-1.158657E-1
7.128906E-1	5.938743E-5	-1.306005E+2	6.470762E-5	-1.314921E+2	-8.233003E-2	1.428134E-2
7.150391E-1	5.894796E-5	-1.413965E+2	6.575193E-5	-1.368194E+2	-1.063385E-1	-7.154281E-2
7.171875E-1	6.309099E-5	-1.473669E+2	6.616961E-5	-1.385482E+2	-5.779778E-2	-1.461755E-1
7.193359E-1	6.244543E-5	-1.527960E+2	6.552535E-5	-1.473833E+2	-5.125282E-2	-8.989519E-2
7.214844E-1	6.714240E-5	-1.547957E+2	6.496931E-5	-1.563751E+2	3.305533E-2	2.848414E-2
7.236328E-1	6.473627E-5	-1.656761E+2	7.546027E-5	-1.575440E+2	-1.507409E-1	-1.213529E-1
7.257812E-1	6.977664E-5	-1.632481E+2	6.928584E-5	-1.636038E+2	7.064292E-3	6.252073E-3
7.279297E-1	6.086130E-5	-1.769509E+2	6.850097E-5	-1.719256E+2	-1.149416E-1	-7.782639E-2
7.300781E-1	6.295992E-5	-1.765286E+2	6.616865E-5	1.783161E+2	-5.234224E-2	8.549822E-2
7.322266E-1	6.479968E-5	1.706760E+2	6.561879E-5	1.769414E+2	-1.838126E-2	-1.077717E-1
7.343750E-1	5.839257E-5	1.689966E+2	6.544875E-5	1.707767E+2	-1.082429E-1	-2.771457E-2
7.365234E-1	6.083900E-5	1.619289E+2	7.175888E-5	1.614368E+2	-1.522059E-1	7.281684E-3
7.386719E-1	6.413610E-5	1.551723E+2	7.416030E-5	1.536961E+2	-1.354564E-1	2.227951E-2
7.408203E-1	6.456616E-5	1.457629E+2	6.576812E-5	1.422868E+2	-2.008192E-2	5.952408E-2
7.429687E-1	6.667323E-5	1.423109E+2	6.890737E-5	1.413032E+2	-3.257201E-2	1.701657E-2
7.451172E-1	6.610408E-5	1.302435E+2	7.210240E-5	1.358924E+2	-8.764393E-2	-9.024351E-2
7.472656E-1	6.390388E-5	1.285943E+2	7.050009E-5	1.337605E+2	-9.724537E-2	-8.162017E-2
7.494141E-1	6.447441E-5	1.253586E+2	6.579152E-5	1.304838E+2	-2.393754E-2	-8.754399E-2
7.515625E-1	5.976028E-5	1.163251E+2	6.975534E-5	1.209941E+2	-1.461303E-1	-6.973578E-2
7.537109E-1	5.980808E-5	1.096643E+2	6.891142E-5	1.131808E+2	-1.337362E-1	-5.323337E-2
7.558594E-1	6.147105E-5	1.056086E+2	7.274430E-5	1.069887E+2	-1.552160E-1	-2.035249E-2
7.580078E-1	6.075850E-5	1.040641E+2	7.076506E-5	1.075904E+2	-1.430310E-1	-5.280932E-2
7.601562E-1	5.993061E-5	9.054421E+1	7.078226E-5	9.764056E+1	-1.597961E-1	-1.045986E-1
7.623047E-1	6.854397E-5	9.224317E+1	6.923720E-5	9.190712E+1	-1.002942E-2	5.806421E-3
7.644531E-1	6.546185E-5	8.418507E+1	6.893293E-5	9.020217E+1	-5.558638E-2	-9.954686E-2
7.666015E-1	6.660503E-5	7.910765E+1	6.630174E-5	7.627443E+1	3.346445E-3	4.965497E-2
7.687500E-1	6.295853E-5	6.853764E+1	7.158627E-5	7.240679E+1	-1.225268E-1	-5.934548E-2
7.708984E-1	6.489159E-5	6.655055E+1	6.671400E-5	6.861853E+1	-2.795025E-2	-3.509949E-2
7.730469E-1	6.687432E-5	6.093422E+1	6.699158E-5	6.358126E+1	-2.815512E-3	-4.610229E-2
7.751953E-1	6.891173E-5	5.564118E+1	7.602636E-5	5.166872E+1	-9.575880E-2	6.279396E-2
7.773437E-1	6.503152E-5	4.662576E+1	7.384858E-5	4.985007E+1	-1.207878E-1	-4.952981E-2
7.794922E-1	6.490816E-5	3.836541E+1	7.278613E-5	4.246154E+1	-1.105124E-1	-6.369887E-2
7.816406E-1	7.428377E-5	3.702737E+1	7.116897E-5	3.367078E+1	4.197566E-2	6.111256E-2
7.837890E-1	7.025375E-5	2.807844E+1	8.284862E-5	3.234144E+1	-1.543687E-1	-6.303419E-2
7.859375E-1	7.922912E-5	1.758061E+1	6.887977E-5	2.307248E+1	1.449725E-1	-1.100843E-1
7.880859E-1	6.721617E-5	1.789551E+1	6.767468E-5	2.237036E+1	-9.802877E-3	-7.749288E-2
7.902344E-1	7.548769E-5	9.673586E+0	7.884221E-5	1.283719E+1	-4.400640E-2	-5.283919E-2
7.923828E-1	7.299725E-5	6.123757E+0	7.620831E-5	5.863605E+0	-4.214517E-2	4.349178E-3
7.945312E-1	7.814154E-5	-4.230798E+0	7.544329E-5	-3.994048E+0	3.575643E-2	-4.279839E-3
7.966797E-1	6.973504E-5	-9.417683E+0	7.986464E-5	-1.056263E+1	-1.270089E-1	1.744739E-2
7.988281E-1	7.586012E-5	-1.779488E+1	7.491636E-5	-1.592648E+1	1.205917E-2	-3.301468E-2
8.009765E-1	7.485235E-5	-2.202519E+1	8.155246E-5	-2.038462E+1	-8.253329E-2	-2.627733E-2
8.031250E-1	7.884467E-5	-2.716868E+1	8.567330E-5	-2.515596E+1	-8.027323E-2	-3.232200E-2
8.052734E-1	7.776110E-5	-3.427761E+1	8.012264E-5	-3.233395E+1	-3.003245E-2	-3.291710E-2
8.074218E-1	7.969437E-5	-3.713018E+1	7.623203E-5	-4.302784E+1	3.988506E-2	1.074187E-1
8.095703E-1	8.550695E-5	-5.251181E+1	7.464586E-5	-4.713347E+1	1.404585E-1	-1.073701E-1
8.117187E-1	9.026810E-5	-5.244405E+1	7.478441E-5	-5.041888E+1	2.062904E-1	-4.265517E-2
8.138672E-1	1.012487E-4	-6.065306E+1	7.056953E-5	-5.242008E+1	4.199503E-1	-2.054523E-1
8.160156E-1	1.012775E-4	-7.268221E+1	7.727743E-5	-6.297403E+1	2.918021E-1	-2.210016E-1
8.181640E-1	1.176848E-4	-8.308588E+1	7.278998E-5	-6.595519E+1	5.450445E-1	-4.762238E-1
8.203125E-1	1.174377E-4	-9.512160E+1	7.427343E-5	-7.837730E+1	5.141127E-1	-4.555319E-1
8.224609E-1	1.249838E-4	-1.121860E+2	7.824462E-5	-8.040250E+1	3.578158E-1	-8.413402E-1
8.246093E-1	1.167974E-4	-1.197628E+2	8.165769E-5	-8.888860E+1	2.276461E-1	-7.339805E-1
8.267578E-1	1.274272E-4	-1.334196E+2	7.237163E-5	-8.967730E+1	2.720545E-1	-1.217400E+0
8.289062E-1	1.249545E-4	-1.459675E+2	8.007855E-5	-9.949100E+1	7.457203E-2	-1.131433E+0
8.310547E-1	1.268416E-4	-1.598556E+2	7.856647E-5	-1.047390E+2	-7.668303E-2	-1.324361E+0
8.332031E-1	1.318721E-4	-1.774461E+2	7.654337E-5	-1.103267E+2	-3.301385E-1	-1.587283E+0
8.353515E-1	1.292830E-4	1.680258E+2	7.622800E-5	-1.164061E+2	-5.773064E-1	-1.642486E+0
8.375000E-1	1.329080E-4	1.481644E+2	7.457152E-5	-1.218655E+2	-9.990699E-1	-1.782289E+0
8.396484E-1	1.225444E-4	1.308085E+2	8.216454E-5	-1.253166E+2	-1.357654E+0	-1.447933E+0
8.417968E-1	1.298107E-4	1.154837E+2	7.932353E-5	-1.350186E+2	-1.546204E+0	-1.542628E+0
8.439453E-1	1.259564E-4	9.858664E+1	7.355688E-5	-1.401385E+2	-1.888965E+0	-1.463538E+0
8.460937E-1	1.331788E-4	8.066512E+1	8.051118E-5	-1.453342E+2	-2.149094E+0	-1.189893E+0
8.482422E-1	1.384460E-4	5.945530E+1	7.475504E-5	-1.529373E+2	-2.563820E+0	-9.921469E-1
8.503906E-1	1.524122E-4	3.758012E+1	8.469349E-5	-1.547242E+2	-2.758237E+0	-3.834965E-1
8.525390E-1	1.612804E-4	1.655452E+1	7.544509E-5	-1.646029E+2	-3.137283E+0	-4.318067E-2
8.546875E-1	1.742819E-4	-1.964652E+0	8.674438E-5	-1.653396E+2	-2.925156E+0	5.748307E-1
8.568359E-1	1.817352E-4	-2.052519E+1	7.861362E-5	-1.793187E+2	-3.155207E+0	8.362305E-1
8.589843E-1	1.892213E-4	-3.865402E+1	7.975900E-5	1.734554E+2	-3.009516E+0	1.261027E+0
8.611328E-1	2.003482E-4	-5.578829E+1	8.047136E-5	1.702996E+2	-2.726730E+0	1.793579E+0
8.632812E-1	1.994436E-4	-7.194753E+1	8.509465E-5	1.634366E+2	-2.331438E+0	1.928886E+0
8.654296E-1	2.052934E-4	-8.831506E+1	8.341458E-5	1.586224E+2	-1.964109E+0	2.264423E+0
8.675781E-1	2.115008E-4	-1.042103E+2	7.703988E-5	1.536616E+2	-1.576791E+0	2.684067E+0
8.697265E-1	2.110622E-4	-1.165789E+2	8.044091E-5	1.450966E+2	-1.379874E+0	2.596172E+0
8.718750E-1	2.131231E-4	-1.271504E+2	8.211521E-5	1.417871E+2	-1.048127E+0	2.594969E+0
8.740234E-1	2.206700E-4	-1.388835E+2	8.204627E-5	1.354350E+2	-7.974727E-1	2.681944E+0
8.761718E-1	2.316505E-4	-1.480072E+2	7.833978E-5	1.249812E+2	-8.458406E-1	2.952976E+0
8.783203E-1	2.339487E-4	-1.595672E+2	8.349586E-5	1.194479E+2	-5.609539E-1	2.767308E+0
8.804687E-1	2.522687E-4	-1.704042E+2	8.454687E-5	1.116349E+2	-3.776471E-1	2.918147E+0
8.826171E-1	2.625245E-4	1.784346E+2	8.320565E-5	1.105917E+2	1.899486E-1	2.922132E+0
8.847656E-1	2.754540E-4	1.680172E+2	8.193433E-5	1.052469E+2	5.382616E-1	2.989321E+0
8.869140E-1	2.870168E-4	1.549680E+2	8.512191E-5	9.509629E+1	6.924502E-1	2.916310E+0
8.890625E-1	3.020699E-4	1.434849E+2	7.520268E-5	8.949305E+1	1.361445E+0	3.249278E+0
8.912109E-1	3.118529E-4	1.352131E+2	8.087915E-5	8.433675E+1	1.432987E+0	2.991267E+0
8.933593E-1	3.191293E-4	1.234519E+2	8.267089E-5	8.133707E+1	1.863533E+0	2.588747E+0
8.955078E-1	3.396793E-4	1.135951E+2	8.042507E-5	7.188742E+1	2.153087E+0	2.810056E+0
8.976562E-1	3.584719E-4	1.035469E+2	8.613877E-5	6.616522E+1	2.306814E+0	2.526575E+0
8.998046E-1	3.834602E-4	9.271248E+1	8.078680E-5	6.160380E+1	3.063960E+0	2.452377E+0
9.019531E-1	4.084166E-4	8.231953E+1	8.318538E-5	5.605557E+1	3.402861E+0	2.172585E+0
9.041015E-1	4.348490E-4	7.131584E+1	8.579480E-5	4.954189E+1	3.706865E+0	1.880130E+0
9.062500E-1	4.622853E-4	5.827197E+1	8.170951E-5	4.291616E+1	4.455689E+0	1.498221E+0
9.083984E-1	4.914535E-4	4.391498E+1	8.423744E-5	3.835965E+1	4.806744E+0	5.647859E-1
9.105468E-1	5.104252E-4	3.208146E+1	8.097788E-5	3.299482E+1	5.302466E+0	-1.004770E-1
9.126953E-1	5.342549E-4	1.956367E+1	8.366213E-5	2.365384E+1	5.369598E+0	-4.554801E-1
9.148437E-1	5.587353E-4	6.214819E+0	8.605541E-5	2.046482E+1	5.292963E+0	-1.598209E+0
9.169921E-1	5.905048E-4	-8.965598E+0	8.878919E-5	1.130089E+1	5.238909E+0	-2.303695E+0
9.191406E-1	6.150227E-4	-2.301204E+1	8.805621E-5	5.173892E+0	5.156215E+0	-3.298988E+0
9.212890E-1	6.466531E-4	-3.699020E+1	8.902614E-5	2.463636E+0	4.608518E+0	-4.615721E+0
9.234374E-1	6.532902E-4	-5.136808E+1	8.394435E-5	-3.674186E+0	4.238280E+0	-5.755562E+0
9.255859E-1	6.759841E-4	-6.647692E+1	8.993302E-5	-1.424690E+1	3.603821E+0	-5.941636E+0
9.277343E-1	7.088181E-4	-8.353316E+1	8.567000E-5	-1.834238E+1	2.471679E+0	-7.510228E+0
9.298828E-1	7.315992E-4	-1.024532E+2	9.188719E-5	-2.464225E+1	6.810655E-1	-7.782436E+0
9.320312E-1	7.282387E-4	-1.232528E+2	9.148701E-5	-3.132140E+1	-1.268276E+0	-7.955501E+0
9.341796E-1	7.110541E-4	-1.409778E+2	8.912525E-5	-3.661447E+1	-2.979138E+0	-7.728764E+0
9.363281E-1	7.004759E-4	-1.598833E+2	8.292925E-5	-4.499697E+1	-4.554522E+0	-7.662349E+0
9.384765E-1	6.868208E-4	1.795486E+2	8.249209E-5	-5.663251E+1	-5.633942E+0	-6.917165E+0
9.406249E-1	6.766899E-4	1.572691E+2	8.982643E-5	-5.567914E+1	-7.321665E+0	-4.097223E+0
9.427734E-1	6.570128E-4	1.355392E+2	8.742006E-5	-6.466126E+1	-8.053302E+0	-2.595174E+0
9.449218E-1	6.662988E-4	1.141368E+2	8.439441E-5	-6.820351E+1	-8.888473E+0	-3.223928E-1
9.470703E-1	6.548552E-4	9.120376E+1	8.637997E-5	-7.530882E+1	-8.372022E+0	1.768154E+0
9.492187E-1	6.433917E-4	6.662521E+1	8.683559E-5	-8.559144E+1	-7.555138E+0	3.453698E+0
9.513671E-1	6.545684E-4	4.458105E+1	8.686886E-5	-9.076132E+1	-6.359886E+0	5.296210E+0
9.535156E-1	6.817998E-4	2.098656E+1	8.637916E-5	-9.160958E+1	-4.032792E+0	7.287200E+0
9.556640E-1	6.798527E-4	-1.358432E+0	8.363734E-5	-9.570090E+1	-1.615478E+0	8.105244E+0
9.578124E-1	7.129142E-4	-2.555563E+1	8.314110E-5	-1.045882E+2	6.313545E-1	8.418137E+0
9.599609E-1	7.399291E-4	-5.124674E+1	9.008481E-5	-1.117611E+2	3.042825E+0	7.149849E+0
9.621093E-1	7.504231E-4	-7.477420E+1	8.103946E-5	-1.165913E+2	5.901244E+0	6.174132E+0
9.642578E-1	7.601833E-4	-9.546559E+1	8.102696E-5	-1.274038E+2	6.961622E+0	4.963043E+0
9.664062E-1	7.550112E-4	-1.153493E+2	9.053980E-5	-1.270128E+2	7.166813E+0	1.685841E+0
9.685546E-1	7.560201E-4	-1.349085E+2	8.407873E-5	-1.309478E+2	7.970336E+0	-6.210843E-1
9.707031E-1	7.490263E-4	-1.555096E+2	9.118118E-5	-1.377096E+2	6.821460E+0	-2.511196E+0
9.728515E-1	7.403619E-4	-1.750541E+2	8.476858E-5	-1.445653E+2	6.526266E+0	-4.431328E+0
9.749999E-1	7.125327E-4	1.646061E+2	8.766273E-5	-1.504883E+2	4.756906E+0	-5.737968E+0
9.771484E-1	6.566360E-4	1.426100E+2	8.556760E-5	-1.567855E+2	2.766614E+0	-6.685891E+0
9.792968E-1	6.098580E-4	1.214840E+2	8.759659E-5	-1.638405E+2	8.399873E-1	-6.714579E+0
9.814452E-1	5.551826E-4	9.733598E+1	8.665365E-5	-1.679625E+2	-1.525142E+0	-6.385357E+0
9.835937E-1	5.057136E-4	7.343220E+1	9.047781E-5	-1.746942E+2	-3.082375E+0	-5.186977E+0
9.857421E-1	4.665847E-4	5.086937E+1	8.921771E-5	1.762877E+2	-4.030849E+0	-4.261930E+0
9.878906E-1	4.179720E-4	2.644884E+1	9.413429E-5	1.750212E+2	-4.788792E+0	-2.315198E+0
9.900390E-1	3.991169E-4	-2.017746E+0	8.837194E-5	1.668384E+2	-5.431175E+0	-8.728847E-1
9.921874E-1	3.907034E-4	-3.012901E+1	9.073218E-5	1.618373E+2	-5.212544E+0	8.928153E-1
9.943359E-1	3.834243E-4	-5.856091E+1	9.285558E-5	1.528896E+2	-4.522630E+0	2.154488E+0
9.964843E-1	3.765037E-4	-8.709633E+1	9.318559E-5	1.490145E+2	-3.252859E+0	3.353978E+0
9.986327E-1	4.027268E-4	-1.112076E+2	8.634983E-5	1.355919E+2	-2.837342E+0	4.286737E+0
1.000781E+0	4.131914E-4	-1.339945E+2	8.253822E-5	1.341980E+2	-1.157899E+0	5.003571E+0
1.002930E+0	4.322578E-4	-1.601492E+2	9.275425E-5	1.295014E+2	5.671640E-1	4.388839E+0
1.005078E+0	4.323724E-4	1.741239E+2	9.160912E-5	1.210592E+2	1.836160E+0	3.772567E+0
1.007226E+0	4.381835E-4	1.516083E+2	9.593933E-5	1.148171E+2	2.657599E+0	2.735357E+0
1.009375E+0	4.082579E-4	1.306457E+2	9.055812E-5	1.089699E+2	3.189458E+0	1.665138E+0
1.011523E+0	3.831912E-4	1.130865E+2	9.689929E-5	1.020567E+2	2.881482E+0	7.565789E-1
1.013672E+0	3.563435E-4	9.087604E+1	9.164659E-5	9.675496E+1	2.867785E+0	-3.982586E-1
1.015820E+0	3.138572E-4	7.193841E+1	9.127767E-5	9.112585E+1	2.247475E+0	-1.130092E+0
1.017969E+0	2.718378E-4	5.796747E+1	9.062837E-5	8.459139E+1	1.681435E+0	-1.344163E+0
1.020117E+0	2.516378E-4	4.622744E+1	9.229367E-5	8.107224E+1	1.237638E+0	-1.557795E+0
1.022266E+0	2.336858E-4	3.247668E+1	8.697309E-5	7.405673E+1	1.009861E+0	-1.783187E+0
1.024414E+0	2.000508E-4	1.496791E+1	9.084750E-5	6.494717E+1	4.160614E-1	-1.686356E+0
1.026562E+0	1.668982E-4	-2.005766E+0	9.301239E-5	6.171546E+1	-2.055644E-1	-1.608919E+0
1.028711E+0	1.249495E-4	-1.960608E+1	9.013135E-5	5.542678E+1	-6.419660E-1	-1.339273E+0
1.030859E+0	7.257653E-5	-2.579066E+1	8.589667E-5	4.774659E+1	-7.605541E-1	-8.102898E-1
1.033008E+0	3.980189E-5	-3.122297E+1	9.397299E-5	4.261885E+1	-8.821313E-1	-4.068148E-1
1.035156E+0	2.581006E-5	3.455675E+0	9.505337E-5	3.925244E+1	-7.797610E-1	-1.588225E-1
1.037305E+0	2.550424E-5	1.747625E+1	9.050300E-5	3.286916E+1	-7.283034E-1	-7.480154E-2
1.039453E+0	3.085619E-5	4.791900E+1	8.855835E-5	2.331163E+1	-6.832155E-1	1.450845E-1
1.041601E+0	4.378563E-5	5.193711E+1	9.393607E-5	2.274863E+1	-5.930665E-1	2.273201E-1
1.043750E+0	6.026051E-5	5.150190E+1	8.901692E-5	1.524564E+1	-4.541165E-1	4.003501E-1
1.045898E+0	7.682421E-5	3.876348E+1	9.090942E-5	8.298616E+0	-2.716060E-1	4.284554E-1
1.048047E+0	8.688527E-5	3.005121E+1	9.413021E-5	2.416692E+0	-1.822628E-1	4.281302E-1
1.050195E+0	8.794299E-5	1.892991E+1	9.618869E-5	-4.413810E+0	-1.605629E-1	3.622783E-1
1.052344E+0	9.767160E-5	8.560567E+0	9.082594E-5	-1.231546E+1	4.777010E-3	3.832054E-1
1.054492E+0	9.949748E-5	4.955250E-1	9.226049E-5	-1.354434E+1	4.622475E-2	2.616265E-1
1.056641E+0	1.088428E-4	-8.660791E+0	9.970854E-5	-2.329065E+1	5.621709E-2	2.757118E-1
1.058789E+0	1.002730E-4	-1.424213E+1	9.520610E-5	-2.781208E+1	2.381883E-2	2.471195E-1
1.060937E+0	1.038670E-4	-2.265142E+1	9.948267E-5	-3.492609E+1	2.020347E-2	2.219679E-1
1.063086E+0	1.129890E-4	-2.882092E+1	1.008998E-4	-4.254142E+1	8.785926E-2	2.656039E-1
1.065234E+0	1.126935E-4	-3.678282E+1	9.836049E-5	-4.869773E+1	1.210350E-1	2.365438E-1
1.067383E+0	1.235379E-4	-4.604138E+1	9.467940E-5	-5.604525E+1	2.849641E-1	2.266633E-1
1.069531E+0	1.163169E-4	-5.430609E+1	9.899562E-5	-6.382258E+1	1.588003E-1	1.942595E-1
1.071680E+0	1.110003E-4	-5.963567E+1	9.686359E-5	-6.744760E+1	1.353096E-1	1.557589E-1
1.073828E+0	1.161619E-4	-6.841668E+1	9.557777E-5	-7.444286E+1	2.086492E-1	1.275925E-1
1.075976E+0	1.146298E-4	-7.485825E+1	1.003448E-4	-8.027753E+1	1.372531E-1	1.078882E-1
1.078125E+0	1.222308E-4	-8.309469E+1	9.965096E-5	-8.261211E+1	2.265458E-1	-1.033096E-2
1.080273E+0	1.148149E-4	-8.885737E+1	1.016769E-4	-9.296759E+1	1.263089E-1	8.093676E-2
1.082422E+0	1.179429E-4	-9.695931E+1	9.718846E-5	-1.003533E+2	2.114199E-1	7.184408E-2
1.084570E+0	1.123982E-4	-1.042026E+2	9.217572E-5	-1.028987E+2	2.190748E-1	-2.774770E-2
1.086719E+0	1.126465E-4	-1.152708E+2	9.633981E-5	-1.076719E+2	1.589939E-1	-1.546201E-1
1.088867E+0	1.105823E-4	-1.227094E+2	9.371032E-5	-1.150168E+2	1.694242E-1	-1.579586E-1
1.091016E+0	1.111811E-4	-1.287524E+2	9.476579E-5	-1.196600E+2	1.584780E-1	-1.854005E-1
1.093164E+0	1.062539E-4	-1.359502E+2	9.900396E-5	-1.258687E+2	5.665787E-2	-1.878674E-1
1.095312E+0	1.000879E-4	-1.436058E+2	1.022641E-4	-1.343335E+2	-3.406841E-2	-1.576979E-1
1.097461E+0	9.415663E-5	-1.498852E+2	1.018179E-4	-1.385852E+2	-9.317152E-2	-1.812022E-1
1.099609E+0	8.839636E-5	-1.464841E+2	9.479144E-5	-1.452267E+2	-6.768929E-2	-2.046356E-2
1.101758E+0	8.278300E-5	-1.531050E+2	9.796151E-5	-1.524229E+2	-1.550035E-1	-1.006007E-2
1.103906E+0	9.472042E-5	-1.547884E+2	1.006387E-4	-1.579198E+2	-6.021251E-2	5.141363E-2
1.106055E+0	9.160077E-5	-1.629326E+2	9.818195E-5	-1.631072E+2	-6.703478E-2	2.843076E-3
1.108203E+0	8.986557E-5	-1.636028E+2	1.024434E-4	-1.676544E+2	-1.249707E-1	6.197996E-2
1.110351E+0	8.996998E-5	-1.733332E+2	1.016860E-4	-1.758758E+2	-1.160887E-1	3.925087E-2
1.112500E+0	8.842706E-5	-1.763689E+2	1.037894E-4	-1.792840E+2	-1.491170E-1	4.332870E-2
1.114648E+0	1.006040E-4	1.778227E+2	9.544865E-5	1.688872E+2	4.122009E-2	1.637117E-1
1.116797E+0	1.002661E-4	1.684947E+2	9.708232E-5	1.652463E+2	3.113520E-2	5.852321E-2
1.118945E+0	9.928194E-5	1.693730E+2	1.000305E-4	1.618553E+2	-1.601450E-2	1.298534E-1
1.121094E+0	1.067123E-4	1.655381E+2	9.706961E-5	1.559826E+2	8.408486E-2	1.824933E-1
1.123242E+0	1.068716E-4	1.576154E+2	9.884109E-5	1.455304E+2	5.728417E-2	2.263726E-1
1.125391E+0	1.149557E-4	1.488616E+2	1.006085E-4	1.409475E+2	1.317216E-1	1.573232E-1
1.127539E+0	1.147869E-4	1.462590E+2	1.053955E-4	1.377704E+2	7.717539E-2	1.607658E-1
1.129687E+0	1.205611E-4	1.395822E+2	1.026315E-4	1.252832E+2	1.383067E-1	2.901296E-1
1.131836E+0	1.228487E-4	1.333473E+2	1.063339E-4	1.224633E+2	1.345284E-1	2.181472E-1
1.133984E+0	1.307243E-4	1.276244E+2	9.615799E-5	1.159456E+2	3.313300E-1	2.751915E-1
1.136133E+0	1.445652E-4	1.185549E+2	1.056980E-4	1.103383E+2	3.536795E-1	1.954686E-1
1.138281E+0	1.574566E-4	1.073901E+2	1.038349E-4	1.015174E+2	5.084545E-1	1.551572E-1
1.140430E+0	1.590608E-4	9.565415E+1	1.001772E-4	9.657162E+1	5.875909E-1	-2.542406E-2
1.142578E+0	1.723659E-4	8.397087E+1	1.034255E-4	9.323146E+1	6.448496E-1	-2.681929E-1
1.144726E+0	1.745834E-4	6.763503E+1	1.045503E-4	8.493434E+1	5.943140E-1	-4.965525E-1
1.146875E+0	1.801234E-4	5.095188E+1	1.044091E-4	8.207233E+1	4.768878E-1	-8.916348E-1
1.149023E+0	1.711165E-4	3.043695E+1	1.005312E-4	7.513089E+1	2.099950E-1	-1.197137E+0
1.151172E+0	1.568100E-4	1.036701E+1	1.005650E-4	7.022903E+1	-2.171053E-1	-1.348503E+0
1.153320E+0	1.394997E-4	-2.425333E+1	9.759849E-5	5.795182E+1	-8.061460E-1	-1.416115E+0
1.155469E+0	1.265506E-4	-6.455005E+1	1.017622E-4	5.919115E+1	-1.690744E+0	-1.034115E+0
1.157617E+0	1.412076E-4	-1.143878E+2	9.416954E-5	5.110169E+1	-2.451672E+0	-3.757121E-1
1.159766E+0	2.056446E-4	-1.704547E+2	1.043646E-4	4.241007E+1	-2.655082E+0	1.069277E+0
1.161914E+0	2.645445E-4	1.426393E+2	1.002743E-4	3.495597E+1	-1.801371E+0	2.513553E+0
1.164062E+0	3.049751E-4	1.090935E+2	1.021886E-4	3.129577E+1	-3.691996E-1	2.917008E+0
1.166211E+0	3.471420E-4	7.988730E+1	1.065820E-4	2.781161E+1	1.001843E+0	2.569231E+0
1.168359E+0	3.668881E-4	5.528746E+1	1.025347E-4	1.886638E+1	1.879277E+0	2.124422E+0
1.170508E+0	3.790286E-4	3.292472E+1	9.852656E-5	1.530881E+1	2.666572E+0	1.164226E+0
1.172656E+0	3.883776E-4	1.101160E+1	1.006583E-4	1.186356E+1	2.857950E+0	-5.737004E-2
1.174805E+0	3.876467E-4	-9.819051E+0	1.017247E-4	1.971201E+0	2.730345E+0	-7.786473E-1
1.176953E+0	3.845147E-4	-3.198899E+1	1.011256E-4	-2.602468E+0	2.313097E+0	-1.865807E+0
1.179101E+0	3.645841E-4	-5.689600E+1	1.039785E-4	-7.127534E+0	1.264669E+0	-2.676883E+0
1.181250E+0	3.257590E-4	-8.519762E+1	1.055478E-4	-1.617310E+1	1.048210E-1	-2.881843E+0
1.183398E+0	2.927749E-4	-1.146581E+2	1.062579E-4	-1.961636E+1	-1.242142E+0	-2.744663E+0
1.185547E+0	2.224850E-4	-1.548011E+2	1.062250E-4	-2.770985E+1	-2.263145E+0	-1.670708E+0
1.187695E+0	1.882668E-4	1.547262E+2	1.108338E-4	-3.466803E+1	-2.675860E+0	-2.772634E-1
1.189844E+0	1.694339E-4	1.013067E+2	1.037647E-4	-4.107415E+1	-2.293370E+0	9.967179E-1
1.191992E+0	1.992282E-4	5.366090E+1	1.106516E-4	-4.427048E+1	-1.248446E+0	1.783276E+0
1.194141E+0	2.266145E-4	1.154917E+1	1.105067E-4	-5.157082E+1	-7.283676E-2	1.829120E+0
1.196289E+0	2.366594E-4	-2.031011E+1	1.144306E-4	-5.716922E+1	6.547519E-1	1.240577E+0
1.198437E+0	2.271017E-4	-4.834761E+1	1.097128E-4	-6.627465E+1	9.694670E-1	6.371471E-1
1.200586E+0	2.059627E-4	-6.664281E+1	1.084332E-4	-7.014210E+1	8.959018E-1	1.159347E-1
1.202734E+0	1.784405E-4	-8.164484E+1	1.070358E-4	-7.736023E+1	6.624513E-1	-1.245513E-1
1.204883E+0	1.629159E-4	-9.435909E+1	1.022367E-4	-8.494389E+1	5.720502E-1	-2.606797E-1
1.207031E+0	1.510526E-4	-1.040948E+2	1.072087E-4	-9.041785E+1	3.690064E-1	-3.331444E-1
1.209180E+0	1.344347E-4	-1.084849E+2	1.037115E-4	-9.483743E+1	2.596390E-1	-3.058437E-1
1.211328E+0	1.196763E-4	-1.211926E+2	1.112436E-4	-9.988686E+1	2.277912E-3	-3.908875E-1
1.213476E+0	1.104493E-4	-1.226514E+2	1.101058E-4	-1.073485E+2	-3.244682E-2	-2.647452E-1
1.215625E+0	1.041769E-4	-1.258503E+2	1.103483E-4	-1.130516E+2	-7.938264E-2	-2.091372E-1
1.217773E+0	9.546881E-5	-1.332368E+2	1.078292E-4	-1.192216E+2	-1.409855E-1	-2.144184E-1
1.219922E+0	9.141034E-5	-1.363925E+2	1.053155E-4	-1.244540E+2	-1.508073E-1	-1.795490E-1
1.222070E+0	8.962559E-5	-1.342064E+2	1.119330E-4	-1.341119E+2	-1.992936E-1	-1.320635E-3
1.224219E+0	9.122833E-5	-1.401846E+2	1.052229E-4	-1.397078E+2	-1.330293E-1	-7.214863E-3
1.226367E+0	9.111877E-5	-1.429045E+2	1.145312E-4	-1.441259E+2	-2.046004E-1	1.695846E-2
1.228516E+0	9.908447E-5	-1.478403E+2	1.085799E-4	-1.517009E+2	-8.952183E-2	6.144120E-2
1.230664E+0	9.774423E-5	-1.506759E+2	1.115688E-4	-1.564654E+2	-1.283795E-1	8.837461E-2
1.232812E+0	1.030649E-4	-1.537897E+2	1.118034E-4	-1.637845E+2	-9.214982E-2	1.599935E-1
1.234961E+0	1.025008E-4	-1.591924E+2	1.085226E-4	-1.681237E+2	-6.694091E-2	1.466354E-1
1.237109E+0	1.034656E-4	-1.674360E+2	1.119726E-4	-1.728982E+2	-8.016975E-2	8.795715E-2
1.239258E+0	1.110748E-4	-1.683074E+2	1.105808E-4	1.784142E+2	-2.238658E-2	2.307089E-1
1.241406E+0	1.096138E-4	-1.762027E+2	1.132802E-4	1.746217E+2	-4.474736E-2	1.542997E-1
1.243555E+0	1.182871E-4	1.772687E+2	1.117837E-4	1.684440E+2	4.565207E-2	1.623371E-1
1.245703E+0	1.248307E-4	1.710554E+2	1.060089E-4	1.614032E+2	1.608795E-1	1.974361E-1
1.247851E+0	1.237685E-4	1.606075E+2	1.154822E-4	1.546242E+2	6.591534E-2	1.117181E-1
1.250000E+0	1.227895E-4	1.581453E+2	1.129671E-4	1.497356E+2	7.526188E-2	1.589669E-1
1.252148E+0	1.244164E-4	1.497618E+2	1.066587E-4	1.416536E+2	1.548300E-1	1.645253E-1
1.254297E+0	1.311608E-4	1.416758E+2	1.088751E-4	1.350831E+2	1.967244E-1	1.383112E-1
1.256445E+0	1.355431E-4	1.327847E+2	1.076247E-4	1.293343E+2	2.571222E-1	7.579660E-2
1.258594E+0	1.337788E-4	1.278947E+2	1.108228E-4	1.242429E+2	2.046905E-1	7.688621E-2
1.260742E+0	1.391761E-4	1.184099E+2	1.092698E-4	1.157431E+2	2.723129E-1	5.926189E-2
1.262890E+0	1.314743E-4	1.116637E+2	1.147300E-4	1.124374E+2	1.458408E-1	-1.547393E-2
1.265039E+0	1.285724E-4	1.020256E+2	1.065203E-4	1.037316E+2	2.064875E-1	-3.593417E-2
1.267187E+0	1.266221E-4	9.671689E+1	1.080005E-4	1.015621E+2	1.682318E-1	-9.902754E-2
1.269336E+0	1.274948E-4	8.905637E+1	1.075920E-4	9.406377E+1	1.804614E-1	-1.034306E-1
1.271484E+0	1.198145E-4	7.749264E+1	1.124110E-4	8.787564E+1	4.840751E-2	-1.920973E-1
1.273633E+0	1.259054E-4	7.070396E+1	1.066939E-4	8.286351E+1	1.535870E-1	-2.485620E-1
1.275781E+0	1.050540E-4	6.523561E+1	1.102276E-4	7.337933E+1	-5.654645E-2	-1.350079E-1
1.277930E+0	1.046535E-4	5.885456E+1	1.103131E-4	6.995822E+1	-6.906410E-2	-1.827041E-1
1.280078E+0	1.019911E-4	5.127134E+1	1.118518E-4	6.091818E+1	-1.010526E-1	-1.528016E-1
1.282226E+0	9.052775E-5	4.926125E+1	1.137729E-4	5.833574E+1	-2.142706E-1	-1.254947E-1
1.284375E+0	8.585371E-5	4.143058E+1	1.112026E-4	5.218039E+1	-2.415010E-1	-1.440029E-1
1.286523E+0	8.560910E-5	3.966520E+1	1.112523E-4	4.411454E+1	-2.328150E-1	-5.969629E-2
1.288672E+0	8.115344E-5	4.455561E+1	1.153376E-4	4.249413E+1	-2.968389E-1	2.531039E-2
1.290820E+0	7.863027E-5	4.989828E+1	1.160120E-4	3.616010E+1	-3.416134E-1	1.609622E-1
1.292969E+0	9.227825E-5	4.423505E+1	1.179452E-4	3.055215E+1	-2.398218E-1	1.850711E-1
1.295117E+0	9.561933E-5	4.622931E+1	1.108948E-4	2.539094E+1	-1.941494E-1	3.067316E-1
1.297265E+0	1.165722E-4	4.432852E+1	1.180013E-4	1.496600E+1	-1.390203E-1	4.843954E-1
1.299414E+0	1.470150E-4	3.929996E+1	1.162612E-4	1.192928E+1	1.229609E-1	5.813588E-1
1.301562E+0	1.715374E-4	2.904151E+1	1.133103E-4	1.799598E+0	3.459569E-1	6.929730E-1
1.303711E+0	2.152189E-4	1.572591E+1	1.154331E-4	-2.685864E-1	7.922709E-1	5.137391E-1
1.305859E+0	2.506289E-4	-5.944898E+0	1.163409E-4	-8.360901E+0	1.152348E+0	9.081234E-2
1.308008E+0	2.728146E-4	-3.110989E+1	1.186266E-4	-1.403687E+1	1.198428E+0	-6.751917E-1
1.310156E+0	2.583352E-4	-5.893885E+1	1.173224E-4	-2.184524E+1	7.563686E-1	-1.328023E+0
1.312305E+0	2.285572E-4	-9.164095E+1	1.204967E-4	-2.645465E+1	-2.039749E-1	-1.721675E+0
1.314453E+0	1.682220E-4	-1.317782E+2	1.203709E-4	-3.221083E+1	-1.232280E+0	-1.378092E+0
1.316601E+0	1.166942E-4	1.664960E+2	1.180963E-4	-3.946260E+1	-1.888436E+0	-4.325247E-1
1.318750E+0	1.231544E-4	9.813136E+1	1.210300E-4	-4.667392E+1	-1.831542E+0	5.864736E-1
1.320898E+0	1.766843E-4	4.232410E+1	1.163269E-4	-5.122390E+1	-1.093994E+0	1.515949E+0
1.323047E+0	2.465640E-4	6.794374E+0	1.183946E-4	-5.887734E+1	-1.420592E-1	1.897630E+0
1.325195E+0	2.992509E-4	-2.336595E+1	1.211319E-4	-6.234050E+1	9.205945E-1	1.553855E+0
1.327344E+0	3.308649E-4	-5.095839E+1	1.203844E-4	-6.888521E+1	1.614970E+0	8.459641E-1
1.329492E+0	3.381883E-4	-8.021877E+1	1.162216E-4	-7.768959E+1	1.907023E+0	-1.284067E-1
1.331640E+0	3.060012E-4	-1.088808E+2	1.215560E-4	-8.293174E+1	1.263576E+0	-1.101530E+0
1.333789E+0	2.292712E-4	-1.387947E+2	1.223759E-4	-9.024333E+1	2.401599E-1	-1.404281E+0
1.335937E+0	1.302262E-4	-1.597767E+2	1.159936E-4	-9.786504E+1	-4.713958E-1	-9.904728E-1
1.338086E+0	5.719819E-5	-1.535267E+2	1.176267E-4	-1.014497E+2	-7.011383E-1	-3.835870E-1
1.340234E+0	5.062069E-5	-1.018992E+2	1.142920E-4	-1.053809E+2	-5.579108E-1	2.689761E-2
1.342383E+0	7.853237E-5	-9.383349E+1	1.153664E-4	-1.141451E+2	-3.616069E-1	2.362959E-1
1.344531E+0	9.718584E-5	-1.044933E+2	1.205508E-4	-1.181302E+2	-2.165451E-1	1.900719E-1
1.346680E+0	1.172621E-4	-1.152399E+2	1.144029E-4	-1.264487E+2	5.440963E-3	1.992432E-1
1.348828E+0	1.168404E-4	-1.203936E+2	1.235471E-4	-1.302793E+2	-6.832635E-2	1.623635E-1
1.350976E+0	1.292465E-4	-1.298897E+2	1.165542E-4	-1.374874E+2	9.916095E-2	1.466145E-1
1.353125E+0	1.288861E-4	-1.384625E+2	1.178644E-4	-1.450088E+2	8.638206E-2	1.246670E-1
1.355273E+0	1.291632E-4	-1.458067E+2	1.229364E-4	-1.508585E+2	4.656932E-2	9.251645E-2
1.357422E+0	1.233642E-4	-1.525948E+2	1.157957E-4	-1.557576E+2	6.373804E-2	5.877941E-2
1.359570E+0	1.272850E-4	-1.584025E+2	1.217114E-4	-1.629588E+2	4.248861E-2	8.307643E-2
1.361719E+0	1.288742E-4	-1.654712E+2	1.226902E-4	-1.690361E+2	4.837085E-2	6.531314E-2
1.363867E+0	1.296482E-4	-1.719038E+2	1.143084E-4	-1.748941E+2	1.326523E-1	5.916751E-2
1.366015E+0	1.266191E-4	-1.789800E+2	1.189206E-4	-1.788738E+2	6.473464E-2	-1.973530E-3
1.368164E+0	1.288053E-4	1.745792E+2	1.207725E-4	1.723911E+2	6.573420E-2	4.071971E-2
1.370312E+0	1.223805E-4	1.699380E+2	1.201978E-4	1.689182E+2	1.799796E-2	1.812112E-2
1.372461E+0	1.265416E-4	1.590021E+2	1.154378E-4	1.601693E+2	9.596115E-2	-2.232944E-2
1.374609E+0	1.268899E-4	1.539051E+2	1.203639E-4	1.586320E+2	5.063331E-2	-8.687440E-2
1.376758E+0	1.258870E-4	1.496937E+2	1.220102E-4	1.511904E+2	3.142238E-2	-2.694930E-2
1.378906E+0	1.265384E-4	1.430641E+2	1.221457E-4	1.452250E+2	3.522610E-2	-3.906189E-2
1.381055E+0	1.256722E-4	1.384381E+2	1.272267E-4	1.387770E+2	-1.223563E-2	-5.842616E-3
1.383203E+0	1.255806E-4	1.331589E+2	1.197266E-4	1.330110E+2	4.889124E-2	2.707553E-3
1.385351E+0	1.191967E-4	1.242464E+2	1.273869E-4	1.248627E+2	-6.434803E-2	-1.006470E-2
1.387500E+0	1.281920E-4	1.177245E+2	1.257070E-4	1.184823E+2	1.967900E-2	-1.348717E-2
1.389648E+0	1.246728E-4	1.103802E+2	1.251885E-4	1.129136E+2	-5.092737E-3	-4.401968E-2
1.391797E+0	1.245275E-4	1.079130E+2	1.151739E-4	1.073914E+2	8.116804E-2	9.842834E-3
1.393945E+0	1.250015E-4	1.016405E+2	1.183512E-4	9.977106E+1	5.562908E-2	3.445517E-2
1.396094E+0	1.289107E-4	9.611093E+1	1.219630E-4	9.295999E+1	5.536771E-2	5.809777E-2
1.398242E+0	1.232282E-4	9.063110E+1	1.182851E-4	8.996494E+1	4.171930E-2	1.211229E-2
1.400390E+0	1.226675E-4	8.337315E+1	1.215788E-4	8.238319E+1	8.804088E-3	1.743191E-2
1.402539E+0	1.279973E-4	7.765363E+1	1.224367E-4	7.659946E+1	4.523918E-2	1.923325E-2
1.404687E+0	1.273048E-4	7.437391E+1	1.208530E-4	7.032212E+1	5.075268E-2	7.443027E-2
1.406836E+0	1.305841E-4	6.511575E+1	1.200085E-4	6.428479E+1	8.800932E-2	1.578049E-2
1.408984E+0	1.295602E-4	5.978411E+1	1.221408E-4	5.823111E+1	6.035502E-2	2.874792E-2
1.411133E+0	1.265787E-4	5.300461E+1	1.196358E-4	5.398987E+1	5.787720E-2	-1.819308E-2
1.413281E+0	1.269530E-4	4.450698E+1	1.217481E-4	4.739571E+1	4.142635E-2	-5.255101E-2
1.415430E+0	1.304748E-4	3.911323E+1	1.220357E-4	4.060316E+1	6.879125E-2	-2.779931E-2
1.417578E+0	1.284999E-4	2.842252E+1	1.168178E-4	3.836576E+1	8.347992E-2	-1.899402E-1
1.419726E+0	1.259931E-4	2.546347E+1	1.206864E-4	2.793600E+1	4.299907E-2	-4.503732E-2
1.421875E+0	1.189936E-4	1.937211E+1	1.205656E-4	2.614288E+1	-1.992183E-2	-1.163602E-1
1.424023E+0	1.187360E-4	1.292223E+1	1.202124E-4	1.995847E+1	-1.972023E-2	-1.209927E-1
1.426172E+0	1.178022E-4	7.718991E+0	1.261651E-4	1.177877E+1	-6.862831E-2	-6.610441E-2
1.428320E+0	1.089267E-4	5.729073E-1	1.228223E-4	3.286639E+0	-1.141304E-1	-4.198934E-2
1.430469E+0	1.011199E-4	-3.114259E+0	1.306240E-4	3.901275E-1	-2.273180E-1	-4.731864E-2
1.432617E+0	8.947788E-5	-2.998718E+0	1.240024E-4	-7.449992E+0	-2.805947E-1	5.600288E-2
1.434765E+0	9.705307E-5	9.806424E+0	1.223674E-4	-1.220441E+1	-2.646803E-1	2.972502E-1
1.436914E+0	1.339588E-4	1.382950E+1	1.269932E-4	-1.719952E+1	-9.609221E-2	5.437459E-1
1.439062E+0	1.817247E-4	5.268313E-1	1.278328E-4	-2.108099E+1	3.216813E-1	5.234994E-1
1.441211E+0	2.159215E-4	-2.045007E+1	1.278222E-4	-2.980142E+1	6.667841E-1	2.744805E-1
1.443359E+0	2.302362E-4	-4.312053E+1	1.281208E-4	-3.461497E+1	7.772598E-1	-2.657896E-1
1.445508E+0	2.130663E-4	-6.771168E+1	1.312397E-4	-4.112859E+1	4.518647E-1	-7.265038E-1
1.447656E+0	1.679184E-4	-8.785234E+1	1.298990E-4	-4.766106E+1	-1.252588E-2	-8.342228E-1
1.449805E+0	1.036249E-4	-1.071585E+2	1.325483E-4	-5.365229E+1	-5.350418E-1	-6.284974E-1
1.451953E+0	3.601795E-5	-1.022791E+2	1.368670E-4	-6.199636E+1	-7.992448E-1	-1.701489E-1
1.454101E+0	6.424250E-5	-1.844761E+1	1.267164E-4	-6.789944E+1	-6.704198E-1	3.852326E-1
1.456250E+0	1.400037E-4	-3.209834E+1	1.374707E-4	-7.405435E+1	-2.426392E-1	6.808786E-1
1.458398E+0	1.876943E-4	-5.742178E+1	1.310493E-4	-8.261545E+1	2.959986E-1	6.096758E-1
1.460547E+0	1.991808E-4	-8.050576E+1	1.295612E-4	-8.311959E+1	5.357497E-1	7.010945E-2
1.462695E+0	1.743668E-4	-9.705013E+1	1.397377E-4	-9.379972E+1	2.458076E-1	-7.075103E-2
1.464844E+0	1.607185E-4	-1.089561E+2	1.320706E-4	-9.932269E+1	1.997534E-1	-2.036428E-1
1.466992E+0	1.468563E-4	-1.129724E+2	1.300385E-4	-1.085679E+2	1.259942E-1	-8.672949E-2
1.469140E+0	1.364656E-4	-1.219049E+2	1.362713E-4	-1.135544E+2	-9.191114E-3	-1.454354E-1
1.471289E+0	1.211885E-4	-1.235341E+2	1.321079E-4	-1.181293E+2	-8.673361E-2	-8.640629E-2
1.473437E+0	1.259995E-4	-1.289275E+2	1.262864E-4	-1.233612E+2	-6.976484E-3	-9.677715E-2
1.475586E+0	1.235464E-4	-1.324428E+2	1.299360E-4	-1.292745E+2	-5.062832E-2	-5.255123E-2
1.477734E+0	1.278327E-4	-1.373409E+2	1.318998E-4	-1.392621E+2	-3.137956E-2	3.249125E-2
1.479883E+0	1.227780E-4	-1.413609E+2	1.336098E-4	-1.436617E+2	-8.181121E-2	3.689111E-2
1.482031E+0	1.259895E-4	-1.450644E+2	1.284162E-4	-1.510160E+2	-2.418545E-2	1.017289E-1
1.484180E+0	1.287818E-4	-1.537148E+2	1.308096E-4	-1.554953E+2	-1.597724E-2	3.058893E-2
1.486328E+0	1.294977E-4	-1.604036E+2	1.305698E-4	-1.589852E+2	-8.514826E-3	-2.454997E-2
1.488476E+0	1.313845E-4	-1.630177E+2	1.354217E-4	-1.695293E+2	-3.607082E-2	1.100236E-1
1.490625E+0	1.360804E-4	-1.693751E+2	1.239094E-4	-1.742275E+2	9.428886E-2	9.289792E-2
1.492773E+0	1.327240E-4	-1.788820E+2	1.244117E-4	1.789838E+2	6.607285E-2	3.972833E-2
1.494922E+0	1.277112E-4	1.780129E+2	1.236847E-4	1.764374E+2	3.216421E-2	2.838926E-2
1.497070E+0	1.352502E-4	1.737335E+2	1.302085E-4	1.674589E+2	3.249776E-2	1.135255E-1
1.499219E+0	1.338954E-4	1.661038E+2	1.227542E-4	1.637357E+2	8.982871E-2	4.506953E-2
1.501367E+0	1.387655E-4	1.583834E+2	1.250719E-4	1.581595E+2	1.094774E-1	4.335629E-3
1.503515E+0	1.416587E-4	1.523080E+2	1.296779E-4	1.520613E+2	9.237879E-2	4.703514E-3
1.505664E+0	1.364229E-4	1.452065E+2	1.266069E-4	1.452129E+2	7.753131E-2	-1.203614E-4
1.507812E+0	1.368678E-4	1.386732E+2	1.250836E-4	1.399624E+2	9.393361E-2	-2.461852E-2
1.509961E+0	1.367988E-4	1.313690E+2	1.281662E-4	1.343753E+2	6.588581E-2	-5.597823E-2
1.512109E+0	1.330541E-4	1.263078E+2	1.306779E-4	1.284808E+2	1.745146E-2	-3.860638E-2
1.514258E+0	1.342984E-4	1.182663E+2	1.265706E-4	1.197125E+2	6.071727E-2	-2.677920E-2
1.516406E+0	1.340185E-4	1.137948E+2	1.272337E-4	1.187098E+2	4.945231E-2	-9.024657E-2
1.518554E+0	1.301729E-4	1.076120E+2	1.368211E-4	1.079421E+2	-4.860625E-2	-5.481356E-3
1.520703E+0	1.308427E-4	1.011780E+2	1.305832E-4	1.036211E+2	1.076479E-3	-4.271193E-2
1.522851E+0	1.337646E-4	9.534177E+1	1.301857E-4	9.750977E+1	2.675525E-2	-3.886968E-2
1.525000E+0	1.281116E-4	9.017825E+1	1.345803E-4	9.087582E+1	-4.813628E-2	-1.158941E-2
1.527148E+0	1.353092E-4	8.508569E+1	1.343912E-4	8.535509E+1	6.819675E-3	-4.734017E-3
1.529297E+0	1.359469E-4	7.842717E+1	1.351728E-4	8.046709E+1	5.089383E-3	-3.579965E-2
1.531445E+0	1.341762E-4	7.405411E+1	1.388066E-4	7.155974E+1	-3.427453E-2	4.206941E-2
1.533594E+0	1.305249E-4	6.610587E+1	1.338892E-4	6.553739E+1	-2.517548E-2	9.672378E-3
1.535742E+0	1.362187E-4	6.301871E+1	1.329100E-4	5.885655E+1	2.219126E-2	7.438634E-2
1.537890E+0	1.371354E-4	5.517027E+1	1.359732E-4	5.450210E+1	8.478694E-3	1.176118E-2
1.540039E+0	1.428810E-4	5.064640E+1	1.373359E-4	4.895743E+1	3.992420E-2	3.066386E-2
1.542187E+0	1.370248E-4	4.219925E+1	1.329630E-4	4.095102E+1	3.030380E-2	2.244947E-2
1.544336E+0	1.429646E-4	3.120729E+1	1.294097E-4	3.810902E+1	9.673879E-2	-1.327536E-1
1.546484E+0	1.378185E-4	2.195407E+1	1.359088E-4	3.049297E+1	2.810862E-3	-1.505672E-1
1.548633E+0	1.235446E-4	1.494573E+1	1.324243E-4	2.041762E+1	-7.130625E-2	-8.896321E-2
1.550781E+0	1.037877E-4	1.245125E+1	1.344988E-4	1.880202E+1	-2.330728E-1	-8.535748E-2
1.552929E+0	1.054011E-4	2.402715E+1	1.321607E-4	1.172098E+1	-2.208027E-1	1.699804E-1
1.555078E+0	1.240700E-4	2.526256E+1	1.321181E-4	6.922036E+0	-1.086185E-1	2.954958E-1
1.557226E+0	1.598028E-4	1.857524E+1	1.330312E-4	2.797987E+0	1.559874E-1	3.266158E-1
1.559375E+0	1.701035E-4	2.459290E+0	1.325972E-4	-6.661329E+0	2.666395E-1	2.033503E-1
1.561523E+0	1.711706E-4	-1.314749E+1	1.299517E-4	-1.092041E+1	3.161914E-1	-5.118598E-2
1.563672E+0	1.588977E-4	-2.565640E+1	1.339738E-4	-1.709459E+1	1.728182E-1	-1.765726E-1
1.565820E+0	1.332956E-4	-3.534189E+1	1.414977E-4	-2.449029E+1	-7.481167E-2	-1.773528E-1
1.567969E+0	1.148861E-4	-3.700313E+1	1.417211E-4	-2.972252E+1	-1.958867E-1	-1.027327E-1
1.570117E+0	1.175650E-4	-3.383174E+1	1.371591E-4	-3.508194E+1	-1.430608E-1	1.870147E-2
1.572265E+0	1.290978E-4	-3.617412E+1	1.416756E-4	-4.163382E+1	-9.291275E-2	8.669868E-2
1.574414E+0	1.448725E-4	-4.206483E+1	1.420965E-4	-5.021735E+1	9.232675E-3	1.445791E-1
1.576562E+0	1.465599E-4	-5.113866E+1	1.458208E-4	-5.398707E+1	3.826795E-3	4.994553E-2
1.578711E+0	1.479283E-4	-5.823638E+1	1.410402E-4	-6.098129E+1	4.763446E-2	5.022821E-2
1.580859E+0	1.458580E-4	-6.570071E+1	1.399118E-4	-6.547775E+1	4.249174E-2	-4.056758E-3
1.583008E+0	1.508511E-4	-7.324675E+1	1.442775E-4	-7.253294E+1	4.548106E-2	-1.302563E-2
1.585156E+0	1.492773E-4	-7.881052E+1	1.430011E-4	-7.860281E+1	4.388231E-2	-3.784323E-3
1.587304E+0	1.529961E-4	-8.462836E+1	1.438929E-4	-8.384697E+1	6.316484E-2	-1.450016E-2
1.589453E+0	1.453171E-4	-9.365919E+1	1.443703E-4	-9.508815E+1	6.245109E-3	2.510101E-2
1.591601E+0	1.417450E-4	-9.898911E+1	1.420475E-4	-9.928571E+1	-2.142940E-3	5.165599E-3
1.593750E+0	1.456048E-4	-1.051695E+2	1.419542E-4	-1.065624E+2	2.541366E-2	2.493343E-2
1.595898E+0	1.537017E-4	-1.109173E+2	1.423394E-4	-1.117278E+2	7.971737E-2	1.527459E-2
1.598047E+0	1.417908E-4	-1.181545E+2	1.393059E-4	-1.193101E+2	1.763071E-2	2.052740E-2
1.600195E+0	1.441929E-4	-1.237942E+2	1.449280E-4	-1.254987E+2	-5.512402E-3	2.959388E-2
1.602344E+0	1.486564E-4	-1.305639E+2	1.458815E-4	-1.321961E+2	1.860815E-2	2.902521E-2
1.604492E+0	1.506622E-4	-1.349845E+2	1.436291E-4	-1.405806E+2	4.396776E-2	1.022902E-1
1.606640E+0	1.467023E-4	-1.432015E+2	1.411468E-4	-1.443038E+2	3.916739E-2	1.999476E-2
1.608789E+0	1.466841E-4	-1.481682E+2	1.416410E-4	-1.505933E+2	3.467731E-2	4.381990E-2
1.610937E+0	1.441261E-4	-1.548667E+2	1.426669E-4	-1.557188E+2	1.011630E-2	1.502351E-2
1.613086E+0	1.447477E-4	-1.616629E+2	1.435735E-4	-1.606528E+2	8.021722E-3	-1.777283E-2
1.615234E+0	1.448634E-4	-1.665682E+2	1.382324E-4	-1.665451E+2	4.796986E-2	-4.225111E-4
1.617383E+0	1.363807E-4	-1.723048E+2	1.384081E-4	-1.716042E+2	-1.472165E-2	-1.204836E-2
1.619531E+0	1.418307E-4	-1.793700E+2	1.402505E-4	-1.785528E+2	1.116412E-2	-1.442304E-2
1.621679E+0	1.356274E-4	1.759731E+2	1.369032E-4	1.751202E+2	-9.428754E-3	1.474665E-2
1.623828E+0	1.408488E-4	1.689633E+2	1.411615E-4	1.707780E+2	-2.715614E-3	-3.159705E-2
1.625976E+0	1.407276E-4	1.631042E+2	1.435986E-4	1.627158E+2	-2.001575E-2	6.643277E-3
1.628125E+0	1.390606E-4	1.570901E+2	1.437593E-4	1.577077E+2	-3.274069E-2	-1.042664E-2
1.630273E+0	1.407878E-4	1.530528E+2	1.389234E-4	1.504206E+2	1.235110E-2	4.654072E-2
1.632422E+0	1.402731E-4	1.470357E+2	1.397058E-4	1.465920E+2	4.030570E-3	7.775394E-3
1.634570E+0	1.366800E-4	1.403228E+2	1.352867E-4	1.421477E+2	9.786461E-3	-3.217310E-2
1.636719E+0	1.448809E-4	1.372050E+2	1.435544E-4	1.365173E+2	9.167703E-3	1.211325E-2
1.638867E+0	1.379091E-4	1.312345E+2	1.435796E-4	1.283132E+2	-4.074197E-2	4.895145E-2
1.641015E+0	1.396544E-4	1.224692E+2	1.492063E-4	1.242520E+2	-6.447114E-2	-2.911906E-2
1.643164E+0	1.452771E-4	1.202275E+2	1.387038E-4	1.164420E+2	4.510573E-2	6.915020E-2
1.645312E+0	1.419177E-4	1.116917E+2	1.438801E-4	1.103259E+2	-1.391936E-2	2.351035E-2
1.647461E+0	1.501648E-4	1.055074E+2	1.439892E-4	1.046601E+2	4.277530E-2	1.542187E-2
1.649609E+0	1.563469E-4	9.792153E+1	1.504156E-4	9.925057E+1	3.915312E-2	-2.410865E-2
1.651758E+0	1.456583E-4	8.927649E+1	1.370957E-4	9.163743E+1	6.155523E-2	-4.376741E-2
1.653906E+0	1.480184E-4	8.617702E+1	1.513111E-4	8.709386E+1	-2.188637E-2	-1.565299E-2
1.656054E+0	1.529764E-4	7.931387E+1	1.491031E-4	8.004564E+1	2.589365E-2	-1.310322E-2
1.658203E+0	1.406978E-4	7.386800E+1	1.481272E-4	7.245599E+1	-5.044397E-2	2.340581E-2
1.660351E+0	1.451619E-4	6.671354E+1	1.526508E-4	6.669888E+1	-4.905906E-2	2.433128E-4
1.662500E+0	1.501656E-4	6.075982E+1	1.387251E-4	5.923115E+1	8.208360E-2	2.887719E-2
1.664648E+0	1.500981E-4	5.533000E+1	1.461010E-4	5.421082E+1	2.716248E-2	2.006650E-2
1.666797E+0	1.480309E-4	4.766682E+1	1.471197E-4	4.753391E+1	6.190889E-3	2.334082E-3
1.668945E+0	1.487983E-4	4.144585E+1	1.505162E-4	4.243251E+1	-1.155997E-2	-1.702308E-2
1.671094E+0	1.521082E-4	3.455903E+1	1.525444E-4	3.434319E+1	-2.866571E-3	3.756338E-3
1.673242E+0	1.511119E-4	2.699459E+1	1.468094E-4	2.911111E+1	2.860450E-2	-3.801419E-2
1.675390E+0	1.466509E-4	2.409877E+1	1.436492E-4	2.144024E+1	1.979726E-2	4.735268E-2
1.677539E+0	1.485779E-4	1.819998E+1	1.445097E-4	1.554466E+1	2.704782E-2	4.763169E-2
1.679687E+0	1.458614E-4	1.149810E+1	1.417067E-4	1.245176E+1	2.917643E-2	-1.713172E-2
1.681836E+0	1.468238E-4	7.751681E+0	1.405351E-4	5.878691E+0	4.419008E-2	3.414657E-2
1.683984E+0	1.478329E-4	-2.554218E-1	1.403271E-4	-1.794036E+0	5.310806E-2	2.828684E-2
1.686133E+0	1.457383E-4	-4.004170E+0	1.425112E-4	-6.112904E+0	2.195200E-2	3.762927E-2
1.688281E+0	1.411129E-4	-1.182526E+1	1.443975E-4	-1.381810E+1	-2.333799E-2	3.398359E-2
1.690429E+0	1.435403E-4	-1.714685E+1	1.472254E-4	-1.856816E+1	-2.533029E-2	2.418314E-2
1.692578E+0	1.464700E-4	-2.422007E+1	1.320433E-4	-2.471123E+1	1.092166E-1	9.508836E-3
1.694726E+0	1.457173E-4	-2.973571E+1	1.402612E-4	-2.990042E+1	3.889527E-2	2.986554E-3
1.696875E+0	1.484780E-4	-3.407515E+1	1.436639E-4	-3.693754E+1	3.222001E-2	5.161073E-2
1.699023E+0	1.493211E-4	-4.016548E+1	1.412444E-4	-3.898272E+1	5.695720E-2	-2.182193E-2
1.701172E+0	1.511164E-4	-4.791611E+1	1.410194E-4	-4.565697E+1	7.076719E-2	-4.224163E-2
1.703320E+0	1.487913E-4	-5.345620E+1	1.485798E-4	-5.272647E+1	1.342258E-3	-1.275398E-2
1.705469E+0	1.519827E-4	-5.693406E+1	1.481455E-4	-5.682956E+1	2.589986E-2	-1.871109E-3
1.707617E+0	1.463522E-4	-6.372002E+1	1.548877E-4	-6.283337E+1	-5.522080E-2	-1.462159E-2
1.709765E+0	1.490066E-4	-6.976752E+1	1.515238E-4	-6.746481E+1	-1.740666E-2	-3.951158E-2
1.711914E+0	1.525556E-4	-7.670746E+1	1.575651E-4	-7.785889E+1	-3.198871E-2	1.945601E-2
1.714062E+0	1.596465E-4	-8.341491E+1	1.495299E-4	-8.245628E+1	6.750660E-2	-1.786239E-2
1.716211E+0	1.534336E-4	-8.739021E+1	1.588784E-4	-8.825317E+1	-3.437977E-2	1.454478E-2
1.718359E+0	1.586131E-4	-9.759215E+1	1.494453E-4	-9.430658E+1	5.960097E-2	-6.082846E-2
1.720508E+0	1.625550E-4	-1.012071E+2	1.483370E-4	-1.027828E+2	9.543494E-2	3.013332E-2
1.722656E+0	1.582128E-4	-1.095790E+2	1.579066E-4	-1.083625E+2	1.713295E-3	-2.127150E-2
1.724804E+0	1.643344E-4	-1.134336E+2	1.615448E-4	-1.167040E+2	1.561157E-2	5.803338E-2
1.726953E+0	1.672438E-4	-1.216907E+2	1.607422E-4	-1.222070E+2	4.040513E-2	9.375485E-3
1.729101E+0	1.624273E-4	-1.283434E+2	1.522228E-4	-1.274978E+2	6.692040E-2	-1.574729E-2
1.731250E+0	1.586038E-4	-1.345405E+2	1.551742E-4	-1.379578E+2	2.028419E-2	6.092521E-2
1.733398E+0	1.581290E-4	-1.411227E+2	1.620860E-4	-1.409179E+2	-2.441920E-2	-3.487164E-3
1.735547E+0	1.620165E-4	-1.491061E+2	1.558762E-4	-1.477643E+2	3.910715E-2	-2.433912E-2
1.737695E+0	1.598139E-4	-1.551748E+2	1.580283E-4	-1.528768E+2	1.048595E-2	-4.054998E-2
1.739844E+0	1.522300E-4	-1.619878E+2	1.555334E-4	-1.634234E+2	-2.154639E-2	2.452121E-2
1.741992E+0	1.589940E-4	-1.658397E+2	1.572871E-4	-1.664067E+2	1.080263E-2	1.000325E-2
1.744140E+0	1.521951E-4	-1.717656E+2	1.492077E-4	-1.762521E+2	1.689620E-2	7.979039E-2
1.746289E+0	1.486840E-4	1.797691E+2	1.454970E-4	1.789204E+2	2.179212E-2	1.513651E-2
1.748437E+0	1.487588E-4	1.745908E+2	1.551079E-4	1.720119E+2	-4.190478E-2	4.315330E-2
1.750586E+0	1.523279E-4	1.688105E+2	1.547822E-4	1.677906E+2	-1.601239E-2	1.751743E-2
1.752734E+0	1.508222E-4	1.606061E+2	1.508449E-4	1.619166E+2	-4.120115E-4	-2.286710E-2
1.754883E+0	1.372499E-4	1.552101E+2	1.470452E-4	1.555522E+2	-6.663085E-2	-5.573000E-3
1.757031E+0	1.464672E-4	1.510856E+2	1.407278E-4	1.525807E+2	4.042937E-2	-2.715556E-2
1.759179E+0	1.416575E-4	1.446758E+2	1.431077E-4	1.461461E+2	-1.045953E-2	-2.539874E-2
1.761328E+0	1.506342E-4	1.400438E+2	1.433525E-4	1.385119E+2	5.042021E-2	2.809146E-2
1.763476E+0	1.451254E-4	1.337467E+2	1.509391E-4	1.323294E+2	-3.881101E-2	2.378135E-2
1.765625E+0	1.486917E-4	1.267337E+2	1.379326E-4	1.258529E+2	7.787521E-2	1.657133E-2
1.767773E+0	1.450066E-4	1.213322E+2	1.430761E-4	1.244056E+2	1.203508E-2	-5.433865E-2
1.769922E+0	1.504015E-4	1.186517E+2	1.421400E-4	1.169947E+2	5.767981E-2	3.059674E-2
1.772070E+0	1.468036E-4	1.121028E+2	1.463429E-4	1.128094E+2	3.071802E-3	-1.237101E-2
1.774219E+0	1.450083E-4	1.061504E+2	1.511403E-4	1.045146E+2	-4.096257E-2	2.738805E-2
1.776367E+0	1.467698E-4	1.001010E+2	1.446039E-4	9.865560E+1	1.465521E-2	2.560213E-2
1.778515E+0	1.460789E-4	9.496854E+1	1.461299E-4	9.528291E+1	-3.640517E-4	-5.484849E-3
1.780664E+0	1.522397E-4	8.753390E+1	1.401541E-4	8.861796E+1	8.603638E-2	-2.055071E-2
1.782812E+0	1.448264E-4	8.169845E+1	1.493160E-4	8.437932E+1	-3.112932E-2	-4.536658E-2
1.784961E+0	1.542952E-4	7.792065E+1	1.537578E-4	7.570101E+1	2.742184E-3	3.886570E-2
1.787109E+0	1.439716E-4	7.059599E+1	1.507136E-4	7.074777E+1	-4.473720E-2	-2.530555E-3
1.789258E+0	1.533757E-4	6.434860E+1	1.553023E-4	6.480473E+1	-1.243678E-2	-7.862128E-3
1.791406E+0	1.579753E-4	5.838990E+1	1.552121E-4	5.811907E+1	1.779137E-2	4.811009E-3
1.793554E+0	1.589282E-4	5.191720E+1	1.533717E-4	5.094227E+1	3.607897E-2	1.763135E-2
1.795703E+0	1.629570E-4	4.506741E+1	1.562159E-4	4.679232E+1	4.267977E-2	-3.139974E-2
1.797851E+0	1.604769E-4	4.020751E+1	1.571177E-4	3.996333E+1	2.137087E-2	4.352849E-3
1.800000E+0	1.636291E-4	3.282444E+1	1.567191E-4	3.302287E+1	4.408536E-2	-3.615950E-3
