4.035156E-1	4.200510E-5	3.265966E+1	4.258224E-5	2.333601E+1	-2.658555E-2	1.598153E-1
4.070313E-1	3.723893E-5	2.491856E+1	4.396255E-5	1.767853E+1	-1.596934E-1	1.067519E-1
4.105469E-1	3.933725E-5	5.613600E+0	3.903948E-5	8.549260E+0	6.305073E-3	-5.160515E-2
4.140625E-1	3.218319E-5	1.293784E+1	5.337194E-5	-7.015712E-1	-4.140068E-1	1.421934E-1
4.175781E-1	3.952755E-5	-7.546838E+0	4.819626E-5	-5.284805E+0	-1.805018E-1	-3.237055E-2
4.210938E-1	4.813940E-5	-2.076361E+1	4.296197E-5	-2.578366E+1	1.162138E-1	9.804966E-2
4.246094E-1	5.013367E-5	-3.096731E+1	4.351904E-5	-3.940385E+1	1.395282E-1	1.690135E-1
4.281250E-1	4.004150E-5	-4.168198E+1	4.148400E-5	-3.787490E+1	-3.690244E-2	-6.408840E-2
4.316406E-1	4.098358E-5	-6.308286E+1	4.348351E-5	-4.914749E+1	-8.523136E-2	-2.269817E-1
4.351563E-1	4.650434E-5	-6.139547E+1	5.049890E-5	-6.514368E+1	-8.107175E-2	6.020091E-2
4.386719E-1	3.971647E-5	-7.577720E+1	3.938889E-5	-7.858829E+1	7.103214E-3	4.945096E-2
4.421875E-1	4.867161E-5	-7.567323E+1	5.110233E-5	-7.745583E+1	-4.802666E-2	2.962758E-2
4.457031E-1	3.966261E-5	-8.861975E+1	4.084517E-5	-9.188323E+1	-3.052700E-2	5.527949E-2
4.492188E-1	4.408146E-5	-1.033150E+2	4.361644E-5	-8.915440E+1	-2.004858E-2	-2.472489E-1
4.527344E-1	3.920230E-5	-1.165073E+2	4.308518E-5	-1.094062E+2	-9.710018E-2	-1.124797E-1
4.562500E-1	3.886906E-5	-1.182697E+2	4.875262E-5	-1.185522E+2	-2.027385E-1	3.930974E-3
4.597656E-1	4.851658E-5	-1.243629E+2	4.737194E-5	-1.399585E+2	-1.354355E-2	2.753419E-1
4.632813E-1	4.746476E-5	-1.405073E+2	4.848200E-5	-1.359905E+2	-2.402236E-2	-7.709906E-2
4.667969E-1	4.752888E-5	-1.551929E+2	4.082413E-5	-1.460159E+2	1.493332E-1	-1.856779E-1
4.703125E-1	4.966270E-5	-1.622115E+2	4.570663E-5	-1.560555E+2	8.028803E-2	-1.165175E-1
4.738281E-1	5.335995E-5	-1.672185E+2	4.661589E-5	-1.705798E+2	1.427038E-1	6.711459E-2
4.773438E-1	5.332892E-5	-1.783831E+2	5.226868E-5	1.784994E+2	1.877451E-2	5.548694E-2
4.808594E-1	5.038322E-5	1.681842E+2	5.179992E-5	1.753984E+2	-3.504935E-2	-1.221446E-1
4.843750E-1	4.689469E-5	1.626441E+2	5.083897E-5	1.545380E+2	-8.679997E-2	1.300668E-1
4.878906E-1	4.333772E-5	1.413353E+2	4.212053E-5	1.552183E+2	-1.158670E-3	-2.468737E-1
4.914063E-1	4.148827E-5	1.381287E+2	5.623097E-5	1.435246E+2	-2.654506E-1	-6.938233E-2
4.949219E-1	4.780158E-5	1.283788E+2	4.563733E-5	1.263065E+2	4.673778E-2	3.787541E-2
4.984375E-1	5.132220E-5	1.210368E+2	5.155284E-5	1.197689E+2	-4.717598E-3	2.202823E-2
5.019531E-1	4.346588E-5	1.125314E+2	4.425714E-5	1.077062E+2	-2.135937E-2	8.261223E-2
5.054688E-1	4.446707E-5	9.809461E+1	5.076394E-5	1.039958E+2	-1.286842E-1	-9.006002E-2
5.089844E-1	4.711723E-5	9.234470E+1	4.797802E-5	9.515858E+1	-1.912543E-2	-4.821096E-2
5.125000E-1	4.630711E-5	8.214188E+1	4.544746E-5	8.375997E+1	1.850896E-2	-2.877136E-2
5.160156E-1	4.916840E-5	7.065645E+1	6.081448E-5	8.133431E+1	-2.055013E-1	-1.498041E-1
5.195312E-1	4.683114E-5	6.846842E+1	4.773519E-5	7.267685E+1	-2.158410E-2	-7.199511E-2
5.230469E-1	4.554004E-5	5.286302E+1	5.644677E-5	5.386990E+1	-1.933461E-1	-1.417709E-2
5.265625E-1	5.336525E-5	4.402718E+1	5.589145E-5	4.585435E+1	-4.568379E-2	-3.044359E-2
5.300781E-1	6.241939E-5	3.373083E+1	5.468725E-5	3.719435E+1	1.393036E-1	-6.895472E-2
5.335937E-1	4.851324E-5	1.611624E+1	6.003679E-5	2.422817E+1	-2.000267E-1	-1.140230E-1
5.371094E-1	5.131129E-5	1.931251E+1	5.154260E-5	1.088151E+1	-1.524610E-2	1.459603E-1
5.406250E-1	4.801451E-5	-9.531427E+0	5.110929E-5	-9.567463E-2	-7.326288E-2	-1.540145E-1
5.441406E-1	5.589021E-5	-1.935754E+1	5.321817E-5	-1.219666E+1	4.201758E-2	-1.309147E-1
5.476563E-1	6.054256E-5	-2.272169E+1	5.086810E-5	-2.138837E+1	1.898649E-1	-2.769414E-2
5.511719E-1	5.762110E-5	-2.780988E+1	4.999957E-5	-3.575278E+1	1.413758E-1	1.592501E-1
5.546875E-1	5.360386E-5	-3.730296E+1	5.452130E-5	-4.055659E+1	-1.841198E-2	5.580100E-2
5.582031E-1	5.032474E-5	-4.977549E+1	5.719978E-5	-4.383901E+1	-1.249117E-1	-9.099473E-2
5.617188E-1	5.789641E-5	-5.916653E+1	5.886946E-5	-5.346272E+1	-2.139815E-2	-9.774317E-2
5.652344E-1	5.455230E-5	-6.634900E+1	5.464042E-5	-6.551740E+1	-1.717884E-3	-1.449024E-2
5.687500E-1	6.018162E-5	-8.062440E+1	5.919904E-5	-8.386096E+1	1.497637E-2	5.739569E-2
5.722656E-1	4.960779E-5	-8.015766E+1	5.263331E-5	-8.634738E+1	-6.297756E-2	1.016231E-1
5.757813E-1	4.768570E-5	-1.018653E+2	5.827049E-5	-1.009315E+2	-1.817579E-1	-1.333680E-2
5.792969E-1	6.192341E-5	-1.099375E+2	5.893859E-5	-1.068476E+2	4.911544E-2	-5.663258E-2
5.828125E-1	5.120224E-5	-1.168361E+2	6.325934E-5	-1.195139E+2	-1.914818E-1	3.781479E-2
5.863281E-1	5.289493E-5	-1.336554E+2	5.563260E-5	-1.370224E+2	-5.085105E-2	5.584126E-2
5.898437E-1	6.022430E-5	-1.441646E+2	5.936313E-5	-1.396082E+2	1.130059E-2	-8.059282E-2
5.933594E-1	5.924733E-5	-1.511020E+2	5.728452E-5	-1.467840E+2	3.132850E-2	-7.787182E-2
5.968750E-1	5.967991E-5	-1.613258E+2	5.702918E-5	-1.556765E+2	4.139756E-2	-1.030147E-1
6.003906E-1	5.538361E-5	-1.718766E+2	4.910181E-5	-1.717543E+2	1.279316E-1	-2.407616E-3
6.039063E-1	6.310668E-5	1.774633E+2	5.706028E-5	1.799112E+2	1.049559E-1	-4.723679E-2
6.074219E-1	5.462997E-5	1.700469E+2	4.756862E-5	1.722816E+2	1.475721E-1	-4.478132E-2
6.109375E-1	5.108591E-5	1.572423E+2	5.937485E-5	1.604413E+2	-1.409443E-1	-4.801363E-2
6.144531E-1	5.811156E-5	1.534056E+2	5.897014E-5	1.484158E+2	-1.829420E-2	8.571203E-2
6.179688E-1	5.348944E-5	1.428455E+2	5.329209E-5	1.377994E+2	-1.869260E-4	8.828297E-2
6.214844E-1	4.996463E-5	1.334341E+2	6.454878E-5	1.307676E+2	-2.267781E-1	3.601113E-2
6.250000E-1	6.148302E-5	1.274062E+2	6.087502E-5	1.184200E+2	-2.408922E-3	1.577566E-1
6.285156E-1	5.524186E-5	1.122246E+2	5.920364E-5	1.136129E+2	-6.719174E-2	-2.260675E-2
6.320313E-1	6.017294E-5	9.951827E+1	6.249128E-5	1.058656E+2	-4.300123E-2	-1.064539E-1
6.355469E-1	6.220944E-5	9.755117E+1	5.993276E-5	9.520479E+1	3.711697E-2	4.249583E-2
6.390625E-1	6.243400E-5	8.129341E+1	5.787014E-5	8.060345E+1	7.878559E-2	1.299144E-2
6.425781E-1	6.258609E-5	7.360869E+1	6.088487E-5	7.488776E+1	2.768546E-2	-2.294584E-2
6.460938E-1	6.470157E-5	6.060477E+1	5.928549E-5	6.032383E+1	9.134279E-2	5.351255E-3
6.496094E-1	6.146819E-5	5.066422E+1	6.638143E-5	5.490761E+1	-7.655365E-2	-6.851680E-2
6.531250E-1	6.294862E-5	4.570331E+1	6.228592E-5	4.605214E+1	1.062091E-2	-6.152971E-3
6.566406E-1	5.814484E-5	3.079928E+1	6.852249E-5	3.229162E+1	-1.517366E-1	-2.209907E-2
6.601562E-1	5.872970E-5	2.171895E+1	6.722572E-5	2.182844E+1	-1.263821E-1	-1.669452E-3
6.636719E-1	5.811278E-5	1.719695E+1	6.043751E-5	1.324297E+1	-4.075371E-2	6.630284E-2
6.671875E-1	6.957866E-5	-1.826620E+0	7.541089E-5	-2.403394E+0	-7.738611E-2	9.287904E-3
6.707031E-1	6.499641E-5	-9.417837E+0	6.373753E-5	-5.825030E+0	1.774679E-2	-6.390293E-2
6.742188E-1	5.870677E-5	-1.767812E+1	6.794443E-5	-2.110785E+1	-1.375066E-1	5.169068E-2
6.777344E-1	6.682295E-5	-3.147836E+1	6.227103E-5	-2.626320E+1	6.865630E-2	-9.754045E-2
6.812500E-1	5.802024E-5	-4.381779E+1	6.739992E-5	-3.580314E+1	-1.475728E-1	-1.200231E-1
6.847656E-1	6.535052E-5	-4.579762E+1	7.163245E-5	-5.311071E+1	-9.511794E-2	1.161282E-1
6.882813E-1	6.177252E-5	-6.053478E+1	6.465638E-5	-5.994205E+1	-4.465399E-2	-9.883493E-3
6.917969E-1	6.313398E-5	-7.517746E+1	7.315289E-5	-7.395335E+1	-1.371555E-1	-1.843726E-2
6.953125E-1	6.563047E-5	-7.879600E+1	6.437251E-5	-8.201492E+1	1.793333E-2	5.724850E-2
6.988281E-1	6.528924E-5	-9.143436E+1	6.659671E-5	-8.916783E+1	-2.039962E-2	-3.877166E-2
7.023438E-1	5.986051E-5	-9.521320E+1	6.185525E-5	-9.854276E+1	-3.388209E-2	5.620612E-2
7.058594E-1	5.774710E-5	-1.111901E+2	6.349634E-5	-1.127722E+2	-9.089113E-2	2.510947E-2
7.093750E-1	6.478990E-5	-1.209828E+2	5.817132E-5	-1.196074E+2	1.134565E-1	-2.673395E-2
7.128906E-1	5.574665E-5	-1.291135E+2	6.702034E-5	-1.269925E+2	-1.687828E-1	-3.078442E-2
7.164063E-1	6.470992E-5	-1.384856E+2	6.632005E-5	-1.376851E+2	-2.437341E-2	-1.363172E-2
7.199219E-1	6.792205E-5	-1.515196E+2	6.458880E-5	-1.449425E+2	4.468622E-2	-1.204512E-1
7.234375E-1	6.488481E-5	-1.542189E+2	6.840011E-5	-1.547277E+2	-5.143059E-2	8.423741E-3
7.269531E-1	6.192497E-5	-1.703526E+2	6.896456E-5	-1.675816E+2	-1.031254E-1	-4.340946E-2
7.304687E-1	6.569630E-5	-1.787640E+2	7.258075E-5	-1.761677E+2	-9.578142E-2	-4.100181E-2
7.339844E-1	7.054231E-5	1.693177E+2	7.226008E-5	1.697821E+2	-2.380411E-2	-7.912543E-3
7.375000E-1	6.616436E-5	1.633224E+2	6.985621E-5	1.645202E+2	-5.305624E-2	-1.979927E-2
7.410156E-1	6.248946E-5	1.516961E+2	6.983797E-5	1.491117E+2	-1.061324E-1	4.034642E-2
7.445313E-1	6.438935E-5	1.447123E+2	7.359577E-5	1.431260E+2	-1.254297E-1	2.421968E-2
7.480469E-1	6.589855E-5	1.319385E+2	7.151614E-5	1.299105E+2	-7.912711E-2	3.260817E-2
7.515625E-1	6.016603E-5	1.267510E+2	7.559855E-5	1.197343E+2	-2.100983E-1	9.722144E-2
7.550781E-1	6.229635E-5	1.084182E+2	6.521952E-5	1.158283E+2	-5.279771E-2	-1.231899E-1
7.585938E-1	6.806653E-5	1.072183E+2	7.220786E-5	9.962424E+1	-6.562062E-2	1.245742E-1
7.621094E-1	6.960782E-5	9.322496E+1	7.304320E-5	9.642900E+1	-4.852182E-2	-5.326319E-2
7.656250E-1	6.433635E-5	8.350407E+1	6.960330E-5	8.463271E+1	-7.585031E-2	-1.820670E-2
7.691406E-1	7.310120E-5	7.480822E+1	7.318127E-5	7.684048E+1	-1.722426E-3	-3.542339E-2
7.726563E-1	7.517605E-5	6.461520E+1	7.192513E-5	6.631795E+1	4.473714E-2	-3.105726E-2
7.761719E-1	7.127016E-5	5.504118E+1	7.856574E-5	5.572072E+1	-9.292336E-2	-1.075862E-2
7.796875E-1	7.243532E-5	4.002868E+1	7.263311E-5	4.580774E+1	-7.791722E-3	-1.004185E-1
7.832031E-1	7.376661E-5	2.818825E+1	7.421694E-5	3.781068E+1	-2.005171E-2	-1.661405E-1
7.867188E-1	6.987779E-5	2.536170E+1	6.785092E-5	2.235863E+1	2.845811E-2	5.395446E-2
7.902344E-1	7.497226E-5	1.384055E+1	7.656311E-5	1.478300E+1	-2.091075E-2	-1.610635E-2
7.937500E-1	7.973875E-5	3.776062E+0	7.885525E-5	5.382700E+0	1.080654E-2	-2.835158E-2
7.972656E-1	6.608328E-5	-9.158447E+0	8.046631E-5	-1.143449E+1	-1.793939E-1	3.261528E-2
8.007812E-1	6.518720E-5	-1.743239E+1	7.235206E-5	-1.867697E+1	-9.924028E-2	1.956940E-2
8.042969E-1	7.196968E-5	-2.352340E+1	7.224311E-5	-3.545507E+1	-2.530823E-2	2.059625E-1
8.078125E-1	7.180482E-5	-4.076437E+1	7.443163E-5	-3.962361E+1	-3.548279E-2	-1.920609E-2
8.113281E-1	6.323309E-5	-4.415075E+1	7.027540E-5	-4.489386E+1	-1.002859E-1	1.166969E-2
8.148438E-1	7.243740E-5	-5.463226E+1	7.558139E-5	-5.715845E+1	-4.252881E-2	4.224260E-2
8.183594E-1	6.889208E-5	-7.312643E+1	7.785846E-5	-6.932645E+1	-1.171079E-1	-5.864132E-2
8.218750E-1	6.828499E-5	-8.281051E+1	7.485615E-5	-7.753622E+1	-9.164612E-2	-8.385435E-2
8.253906E-1	6.540102E-5	-8.927103E+1	7.389580E-5	-8.644444E+1	-1.160330E-1	-4.364442E-2
8.289063E-1	6.807764E-5	-1.004893E+2	8.240860E-5	-9.305555E+1	-1.808445E-1	-1.068804E-1
8.324219E-1	7.128088E-5	-1.068956E+2	7.879554E-5	-1.096923E+2	-9.644656E-2	4.413897E-2
8.359375E-1	7.040377E-5	-1.200299E+2	7.684108E-5	-1.126595E+2	-9.134458E-2	-1.175364E-1
8.394531E-1	6.966833E-5	-1.304266E+2	7.233963E-5	-1.272954E+2	-3.836500E-2	-5.260549E-2
8.429688E-1	6.734900E-5	-1.383405E+2	7.490761E-5	-1.349922E+2	-1.024406E-1	-5.251214E-2
8.464844E-1	7.033787E-5	-1.481738E+2	7.682516E-5	-1.473624E+2	-8.453406E-2	-1.296533E-2
8.500000E-1	7.544495E-5	-1.570597E+2	8.583296E-5	-1.522028E+2	-1.241820E-1	-7.442046E-2
8.535156E-1	7.526150E-5	-1.696150E+2	8.637876E-5	-1.659970E+2	-1.304402E-1	-5.498233E-2
8.570313E-1	7.319693E-5	-1.784625E+2	7.604173E-5	-1.757494E+2	-3.849002E-2	-4.556399E-2
8.605469E-1	6.738456E-5	1.718705E+2	7.720874E-5	1.729481E+2	-1.273962E-1	-1.641358E-2
8.640625E-1	7.413543E-5	1.626320E+2	8.301203E-5	1.619102E+2	-1.070024E-1	1.125039E-2
8.675781E-1	7.232324E-5	1.492909E+2	7.990583E-5	1.521331E+2	-9.600746E-2	-4.488004E-2
8.710937E-1	7.048150E-5	1.484857E+2	8.062142E-5	1.428497E+2	-1.299981E-1	8.585636E-2
8.746094E-1	7.702186E-5	1.342980E+2	7.824963E-5	1.311006E+2	-1.722270E-2	5.490104E-2
8.781250E-1	7.167862E-5	1.256532E+2	8.051300E-5	1.248676E+2	-1.098098E-1	1.220644E-2
8.816406E-1	7.239103E-5	1.122386E+2	8.441759E-5	1.159347E+2	-1.442488E-1	-5.528046E-2
8.851563E-1	7.304840E-5	1.018568E+2	8.065651E-5	1.036006E+2	-9.474672E-2	-2.755994E-2
8.886719E-1	7.097158E-5	9.360760E+1	8.092776E-5	9.565582E+1	-1.235858E-1	-3.134357E-2
8.921875E-1	7.384362E-5	8.612418E+1	8.155332E-5	8.422475E+1	-9.503321E-2	3.001183E-2
8.957031E-1	7.076496E-5	7.407649E+1	7.792080E-5	7.834903E+1	-9.435862E-2	-6.765903E-2
8.992188E-1	7.703184E-5	6.534992E+1	8.242200E-5	6.771370E+1	-6.619235E-2	-3.854680E-2
9.027344E-1	7.421894E-5	5.660445E+1	8.335867E-5	5.467048E+1	-1.101506E-1	3.004752E-2
9.062500E-1	7.620517E-5	3.898179E+1	8.080251E-5	4.615039E+1	-6.426802E-2	-1.176895E-1
9.097656E-1	7.334913E-5	3.291513E+1	8.488177E-5	3.469835E+1	-1.362856E-1	-2.689012E-2
9.132813E-1	8.135090E-5	2.294334E+1	8.913910E-5	2.480995E+1	-8.785558E-2	-2.972681E-2
9.167969E-1	7.545969E-5	1.556979E+1	8.638288E-5	1.428376E+1	-1.266709E-1	1.960556E-2
9.203125E-1	8.462843E-5	6.379282E+0	8.312728E-5	4.503340E+0	1.751282E-2	3.332667E-2
9.238281E-1	8.556574E-5	-6.089642E+0	8.780479E-5	-2.971653E+0	-2.694293E-2	-5.300530E-2
9.273438E-1	9.241427E-5	-1.578777E+1	8.437361E-5	-1.900560E+1	9.357137E-2	6.148151E-2
9.308594E-1	1.131576E-4	-3.110781E+1	8.590909E-5	-3.018456E+1	3.170074E-1	-2.122377E-2
9.343750E-1	1.307979E-4	-4.981715E+1	8.736381E-5	-3.607073E+1	4.542800E-1	-3.557638E-1
9.378906E-1	1.323337E-4	-7.628663E+1	8.618995E-5	-5.030396E+1	3.801874E-1	-6.726457E-1
9.414063E-1	1.309254E-4	-9.436746E+1	8.980527E-5	-5.663556E+1	1.530132E-1	-8.921758E-1
9.449219E-1	1.388342E-4	-1.209580E+2	8.319783E-5	-6.611097E+1	-3.921326E-2	-1.364378E+0
9.484375E-1	1.345350E-4	-1.456998E+2	8.506956E-5	-7.711767E+1	-4.224989E-1	-1.472257E+0
9.519531E-1	1.350084E-4	-1.706956E+2	8.480415E-5	-8.678365E+1	-8.311575E-1	-1.583024E+0
9.554688E-1	1.389093E-4	1.577188E+2	8.397183E-5	-1.005583E+2	-1.336106E+0	-1.619732E+0
9.589844E-1	1.513995E-4	1.228001E+2	8.616426E-5	-1.070963E+2	-2.131876E+0	-1.343975E+0
9.625000E-1	1.668413E-4	8.620386E+1	8.255697E-5	-1.143713E+2	-2.892013E+0	-7.102248E-1
9.660156E-1	1.812847E-4	5.201178E+1	8.899970E-5	-1.258708E+2	-3.035523E+0	7.525895E-2
9.695313E-1	2.118842E-4	1.844509E+1	8.612896E-5	-1.319644E+2	-3.139229E+0	1.214783E+0
9.730469E-1	2.289550E-4	-1.224636E+1	8.611698E-5	-1.438011E+2	-2.763577E+0	1.989528E+0
9.765625E-1	2.505077E-4	-3.986005E+1	9.144827E-5	-1.536070E+2	-2.103126E+0	2.507406E+0
9.800781E-1	2.559808E-4	-6.573811E+1	8.868732E-5	-1.632084E+2	-1.375258E+0	2.861831E+0
9.835938E-1	2.706275E-4	-8.648498E+1	8.979390E-5	-1.730153E+2	-8.175993E-1	3.008349E+0
9.871094E-1	2.878519E-4	-1.045750E+2	9.187786E-5	1.782219E+2	-3.060573E-1	3.055165E+0
9.906250E-1	3.217775E-4	-1.234542E+2	9.546091E-5	1.641388E+2	1.882911E-2	3.213118E+0
9.941406E-1	3.509847E-4	-1.423492E+2	8.897224E-5	1.567626E+2	9.192440E-1	3.446530E+0
9.976563E-1	3.704331E-4	-1.633520E+2	8.645915E-5	1.478288E+2	1.821066E+0	3.224657E+0
1.001172E+0	3.858253E-4	-1.790533E+2	9.439766E-5	1.374700E+2	1.965918E+0	2.812260E+0
1.004687E+0	4.273512E-4	1.626169E+2	9.493725E-5	1.256972E+2	2.598777E+0	2.703973E+0
1.008203E+0	4.710298E-4	1.429400E+2	8.748812E-5	1.147466E+2	3.745168E+0	2.543633E+0
1.011719E+0	5.068178E-4	1.204402E+2	9.017166E-5	1.031324E+2	4.366090E+0	1.672152E+0
1.015234E+0	5.325323E-4	9.733122E+1	8.604145E-5	1.001499E+2	5.181765E+0	-3.043590E-1
1.018750E+0	5.794270E-4	7.648176E+1	9.101725E-5	8.656783E+1	5.267739E+0	-1.114882E+0
1.022266E+0	6.391010E-4	5.352824E+1	8.892197E-5	7.821232E+1	5.530475E+0	-3.001485E+0
1.025781E+0	6.812706E-4	2.835289E+1	8.972438E-5	6.583138E+1	5.025608E+0	-4.620019E+0
1.029297E+0	7.245146E-4	1.053487E+0	9.091701E-5	5.434204E+1	3.763731E+0	-6.388372E+0
1.032813E+0	7.487400E-4	-2.993762E+1	8.673211E-5	4.718259E+1	9.243028E-1	-8.415587E+0
1.036328E+0	7.579923E-4	-6.365532E+1	9.053136E-5	3.368811E+1	-2.070169E+0	-8.304030E+0
1.039844E+0	7.715653E-4	-9.737060E+1	9.089745E-5	2.498757E+1	-5.543028E+0	-7.170232E+0
1.043359E+0	7.439806E-4	-1.348773E+2	9.113942E-5	1.355355E+1	-7.955038E+0	-4.273607E+0
1.046875E+0	7.247961E-4	-1.729940E+2	9.463821E-5	7.269075E+0	-8.658518E+0	3.516452E-2
1.050391E+0	7.041218E-4	1.492460E+2	9.544619E-5	-4.012477E+0	-7.588140E+0	3.319473E+0
1.053906E+0	7.248747E-4	1.097985E+2	9.327255E-5	-1.300511E+1	-5.210338E+0	6.532262E+0
1.057422E+0	8.210490E-4	6.874287E+1	9.771869E-5	-2.208432E+1	-1.121299E+0	8.401294E+0
1.060938E+0	8.344159E-4	2.718547E+1	9.441637E-5	-3.416636E+1	3.237018E+0	7.755720E+0
1.064453E+0	8.650101E-4	-1.030129E+1	9.641479E-5	-4.555162E+1	6.326680E+0	5.178049E+0
1.067969E+0	8.364132E-4	-4.682900E+1	9.674190E-5	-5.167101E+1	7.614967E+0	7.297805E-1
1.071484E+0	7.538266E-4	-8.132133E+1	9.757894E-5	-6.292291E+1	6.330419E+0	-2.438281E+0
1.075000E+0	6.773769E-4	-1.169288E+2	9.982698E-5	-7.489063E+1	4.039590E+0	-4.543750E+0
1.078516E+0	5.981260E-4	-1.522108E+2	9.548927E-5	-8.544646E+1	1.471157E+0	-5.755746E+0
1.082031E+0	5.525656E-4	1.665630E+2	9.968102E-5	-9.288675E+1	-2.014973E+0	-5.449626E+0
1.085547E+0	4.833776E-4	1.216453E+2	9.638437E-5	-1.041975E+2	-4.493668E+0	-3.597992E+0
1.089063E+0	4.295317E-4	7.005447E+1	9.466922E-5	-1.165837E+2	-5.506767E+0	-5.244935E-1
1.092578E+0	4.080693E-4	1.394553E+1	9.820297E-5	-1.216573E+2	-3.969039E+0	2.907211E+0
1.096094E+0	4.118710E-4	-2.884940E+1	9.704666E-5	-1.348690E+2	-2.171215E+0	4.079243E+0
1.099609E+0	4.552460E-4	-6.943466E+1	9.387565E-5	-1.439021E+2	2.986166E-1	4.672348E+0
1.103125E+0	4.737139E-4	-1.080559E+2	9.665363E-5	-1.525171E+2	2.498073E+0	3.432893E+0
1.106641E+0	4.545503E-4	-1.454053E+2	1.031859E-4	-1.655798E+2	3.134888E+0	1.519253E+0
1.110156E+0	4.047738E-4	-1.793183E+2	9.766792E-5	-1.700708E+2	3.090525E+0	-6.660012E-1
1.113672E+0	3.460123E-4	1.495881E+2	9.933304E-5	-1.796351E+2	1.992785E+0	-1.782416E+0
1.117187E+0	2.669919E-4	1.204056E+2	9.910065E-5	1.685802E+2	7.966279E-1	-2.007627E+0
1.120703E+0	1.709367E-4	9.274065E+1	1.005540E-4	1.551042E+2	-2.114620E-1	-1.506000E+0
1.124219E+0	8.675917E-5	7.637105E+1	1.056876E-4	1.448671E+2	-6.990857E-1	-7.637610E-1
1.127734E+0	4.132762E-5	7.581858E+1	9.730402E-5	1.370514E+2	-7.955996E-1	-3.723080E-1
1.131250E+0	2.835253E-5	1.232203E+2	1.001795E-4	1.255416E+2	-7.172150E-1	-1.146312E-2
1.134766E+0	5.327298E-5	1.509885E+2	1.063311E-4	1.149686E+2	-5.947764E-1	2.946272E-1
1.138281E+0	9.009038E-5	1.380436E+2	9.675941E-5	1.114985E+2	-1.670752E-1	4.160999E-1
1.141797E+0	1.042983E-4	1.203976E+2	9.490654E-5	9.460824E+1	-1.049869E-2	4.781169E-1
1.145313E+0	1.051957E-4	1.025581E+2	1.031002E-4	8.783636E+1	-1.317095E-2	2.592900E-1
1.148828E+0	1.114746E-4	9.234130E+1	1.066764E-4	7.684563E+1	6.994709E-3	2.791824E-1
1.152344E+0	1.139607E-4	8.141290E+1	1.007153E-4	6.636876E+1	9.273197E-2	2.936991E-1
1.155859E+0	1.231377E-4	6.951562E+1	1.012934E-4	5.564301E+1	1.801946E-1	2.914700E-1
1.159375E+0	1.269238E-4	5.436948E+1	9.608358E-5	5.028135E+1	3.176117E-1	9.417321E-2
1.162891E+0	1.206190E-4	4.358504E+1	9.931695E-5	3.755036E+1	2.077554E-1	1.276794E-1
1.166406E+0	1.238110E-4	2.925976E+1	1.055499E-4	2.989984E+1	1.729360E-1	-1.310400E-2
1.169922E+0	1.197474E-4	1.826604E+1	1.075228E-4	1.998170E+1	1.131938E-1	-3.334335E-2
1.173438E+0	1.184685E-4	7.705993E+0	9.604138E-5	7.616604E+0	2.335137E-1	1.924446E-3
1.176953E+0	1.140643E-4	-4.157488E+0	1.071397E-4	8.969794E-1	6.049157E-2	-9.379693E-2
1.180469E+0	1.142309E-4	-1.667485E+1	1.026496E-4	-9.635245E+0	1.044348E-1	-1.363825E-1
1.183984E+0	1.112109E-4	-2.570741E+1	9.842201E-5	-2.001657E+1	1.243704E-1	-1.120455E-1
1.187500E+0	1.010632E-4	-3.588142E+1	1.031856E-4	-3.210266E+1	-2.269808E-2	-6.454844E-2
1.191016E+0	9.735885E-5	-4.050039E+1	1.063148E-4	-4.373628E+1	-8.570000E-2	5.169183E-2
1.194531E+0	1.061223E-4	-4.774876E+1	1.048947E-4	-5.033533E+1	1.067242E-2	4.565698E-2
1.198047E+0	1.097634E-4	-5.687732E+1	1.078439E-4	-6.178091E+1	1.407367E-2	8.700079E-2
1.201563E+0	1.041694E-4	-6.982460E+1	1.102841E-4	-7.064314E+1	-5.554137E-2	1.349366E-2
1.205078E+0	9.807463E-5	-7.811194E+1	1.091293E-4	-8.239620E+1	-1.038101E-1	6.713728E-2
1.208594E+0	1.017427E-4	-7.845277E+1	1.107957E-4	-9.448033E+1	-1.174038E-1	2.535399E-1
1.212109E+0	1.228161E-4	-8.441442E+1	1.072645E-4	-1.039407E+2	7.913369E-2	3.826984E-1
1.215625E+0	1.349929E-4	-9.995605E+1	1.140044E-4	-1.114871E+2	1.602032E-1	2.367009E-1
1.219141E+0	1.514127E-4	-1.125618E+2	1.062633E-4	-1.229359E+2	4.015898E-1	2.565850E-1
1.222656E+0	1.662299E-4	-1.282766E+2	1.073573E-4	-1.312479E+2	5.462984E-1	8.026140E-2
1.226172E+0	1.828594E-4	-1.469754E+2	1.065738E-4	-1.433051E+2	7.122815E-1	-1.098370E-1
1.229688E+0	1.822105E-4	-1.717038E+2	1.059909E-4	-1.537709E+2	6.355961E-1	-5.293205E-1
1.233203E+0	1.801530E-4	1.623506E+2	1.062859E-4	-1.620275E+2	3.778163E-1	-9.872164E-1
1.236719E+0	1.555078E-4	1.273357E+2	1.111760E-4	-1.720655E+2	-3.133212E-1	-1.218599E+0
1.240234E+0	1.395951E-4	7.149857E+1	1.157344E-4	1.768047E+2	-1.318400E+0	-1.163384E+0
1.243750E+0	1.908077E-4	-2.450655E+1	1.088542E-4	1.682126E+2	-2.709860E+0	3.859342E-1
1.247266E+0	3.002202E-4	-1.040800E+2	1.115795E-4	1.569951E+2	-1.417425E+0	2.658063E+0
1.250781E+0	3.722222E-4	-1.553978E+2	1.104526E-4	1.512889E+2	1.013353E+0	2.702429E+0
1.254297E+0	4.131859E-4	1.607762E+2	1.088580E-4	1.407069E+2	2.565163E+0	1.302499E+0
1.257812E+0	4.145001E-4	1.210395E+2	1.080998E-4	1.292711E+2	2.794916E+0	-5.489924E-1
1.261328E+0	3.843661E-4	8.190070E+1	1.078382E-4	1.167616E+2	1.924646E+0	-2.037296E+0
1.264844E+0	3.407928E-4	3.469104E+1	1.109994E-4	1.076905E+2	-1.023263E-1	-2.936059E+0
1.268359E+0	2.504887E-4	-2.810670E+1	1.111682E-4	9.896296E+1	-2.358221E+0	-1.797868E+0
1.271875E+0	2.146053E-4	-1.250542E+2	1.110739E-4	9.159485E+1	-2.550133E+0	1.153290E+0
1.275391E+0	2.563543E-4	1.497884E+2	1.098018E-4	7.750323E+1	-2.895982E-1	2.223995E+0
1.278906E+0	2.504821E-4	9.465307E+1	1.133882E-4	7.015277E+1	1.010160E+0	9.160956E-1
1.282422E+0	2.048527E-4	6.162858E+1	1.093713E-4	5.903801E+1	8.710882E-1	8.465703E-2
1.285938E+0	1.669361E-4	3.895799E+1	1.128928E-4	4.833958E+1	4.589350E-1	-2.410435E-1
1.289453E+0	1.435412E-4	2.705599E+1	1.108243E-4	3.834442E+1	2.701572E-1	-2.535357E-1
1.292969E+0	1.219920E-4	1.582227E+1	1.084626E-4	2.948331E+1	9.291903E-2	-2.656377E-1
1.296484E+0	1.006399E-4	8.249332E+0	1.069553E-4	2.117560E+1	-8.289203E-2	-2.104883E-1
1.300000E+0	9.797203E-5	-6.105032E-2	1.125963E-4	9.905095E+0	-1.430122E-1	-1.505880E-1
1.303516E+0	9.448809E-5	-4.253501E+0	1.120045E-4	3.857723E+0	-1.648297E-1	-1.190293E-1
1.307031E+0	9.796132E-5	-6.023705E+0	1.158577E-4	-7.927267E+0	-1.549352E-1	2.808628E-2
1.310547E+0	9.937261E-5	-1.033231E+1	1.122434E-4	-1.869624E+1	-1.240849E-1	1.287805E-1
1.314063E+0	1.099298E-4	-1.850595E+1	1.163327E-4	-2.802396E+1	-6.804819E-2	1.562564E-1
1.317578E+0	1.132615E-4	-2.913210E+1	1.167162E-4	-4.029068E+1	-4.794427E-2	1.877970E-1
1.321094E+0	1.290364E-4	-3.853880E+1	1.186598E-4	-5.054346E+1	6.366657E-2	2.261797E-1
1.324609E+0	1.349862E-4	-5.300398E+1	1.203034E-4	-5.983658E+1	1.140793E-1	1.334889E-1
1.328125E+0	1.398430E-4	-6.329868E+1	1.238201E-4	-7.150032E+1	1.178533E-1	1.611178E-1
1.331641E+0	1.439239E-4	-7.509750E+1	1.215243E-4	-8.097672E+1	1.780925E-1	1.213122E-1
1.335156E+0	1.427370E-4	-8.949722E+1	1.237657E-4	-9.206159E+1	1.521291E-1	5.159995E-2
1.338672E+0	1.440195E-4	-9.962125E+1	1.176419E-4	-1.023514E+2	2.228299E-1	5.831211E-2
1.342188E+0	1.445150E-4	-1.163550E+2	1.191561E-4	-1.113795E+2	2.082508E-1	-1.051877E-1
1.345703E+0	1.400533E-4	-1.253848E+2	1.198870E-4	-1.177290E+2	1.577978E-1	-1.556310E-1
1.349219E+0	1.344200E-4	-1.389877E+2	1.202566E-4	-1.324305E+2	1.104644E-1	-1.276446E-1
1.352734E+0	1.167750E-4	-1.540526E+2	1.208204E-4	-1.415188E+2	-5.651665E-2	-2.097492E-1
1.356250E+0	1.050496E-4	-1.616142E+2	1.151110E-4	-1.485828E+2	-1.109084E-1	-2.057762E-1
1.359766E+0	1.056107E-4	-1.707257E+2	1.173270E-4	-1.622410E+2	-1.097120E-1	-1.328114E-1
1.363281E+0	9.397802E-5	-1.703220E+2	1.218873E-4	-1.689707E+2	-2.291905E-1	-1.818263E-2
1.366797E+0	8.695135E-5	-1.765329E+2	1.191376E-4	-1.774044E+2	-2.702447E-1	1.110083E-2
1.370313E+0	8.554405E-5	-1.735958E+2	1.198785E-4	1.693439E+2	-3.178108E-1	2.093515E-1
1.373828E+0	1.215568E-4	-1.692649E+2	1.165214E-4	1.602500E+2	-1.009984E-1	5.292375E-1
1.377344E+0	1.900341E-4	1.775138E+2	1.280824E-4	1.524728E+2	3.442274E-1	6.279950E-1
1.380859E+0	2.662044E-4	1.468479E+2	1.207174E-4	1.420573E+2	1.197483E+0	1.841647E-1
1.384375E+0	2.964862E-4	1.048303E+2	1.189410E-4	1.312816E+2	1.231762E+0	-1.110348E+0
1.387891E+0	2.211637E-4	4.934816E+1	1.222573E-4	1.202542E+2	-4.082424E-1	-1.709477E+0
1.391406E+0	1.144888E-4	-3.505924E+1	1.167330E-4	1.098775E+2	-1.802782E+0	-5.634361E-1
1.394922E+0	1.627495E-4	-1.507352E+2	1.241693E-4	9.789994E+1	-1.477498E+0	1.220634E+0
1.398437E+0	2.862801E-4	1.469708E+2	1.213972E-4	8.901167E+1	2.510872E-1	1.998984E+0
1.401953E+0	3.432136E-4	9.589416E+1	1.277763E-4	7.897314E+1	1.569763E+0	7.817836E-1
1.405469E+0	2.939484E-4	4.888002E+1	1.217561E-4	6.968847E+1	1.256767E+0	-8.576461E-1
1.408984E+0	1.594196E-4	7.335202E+0	1.203718E-4	6.005669E+1	-1.978282E-1	-1.053821E+0
1.412500E+0	5.446765E-5	8.838300E+0	1.197492E-4	5.077880E+1	-6.616664E-1	-3.040013E-1
1.416016E+0	7.599362E-5	5.732122E+1	1.203244E-4	4.275323E+1	-3.887323E-1	1.588587E-1
1.419531E+0	1.071722E-4	4.733524E+1	1.242938E-4	3.157656E+1	-1.701594E-1	2.341750E-1
1.423047E+0	1.218253E-4	3.414616E+1	1.198198E-4	2.116511E+1	-9.245694E-3	2.283885E-1
1.426563E+0	1.304414E-4	1.941718E+1	1.115548E-4	1.304070E+1	1.620696E-1	1.298640E-1
1.430078E+0	1.275192E-4	8.850285E+0	1.224104E-4	4.556648E+0	3.881134E-2	7.799260E-2
1.433594E+0	1.359848E-4	-1.841892E+0	1.292200E-4	-5.569184E+0	5.012506E-2	6.841086E-2
1.437109E+0	1.351082E-4	-1.552101E+1	1.224070E-4	-1.726043E+1	1.032534E-1	3.350353E-2
1.440625E+0	1.351840E-4	-2.509655E+1	1.252744E-4	-2.581462E+1	7.901841E-2	1.352371E-2
1.444141E+0	1.355969E-4	-3.715860E+1	1.287916E-4	-3.540112E+1	5.234437E-2	-3.228954E-2
1.447656E+0	1.343754E-4	-4.638007E+1	1.347702E-4	-4.480884E+1	-3.304320E-3	-2.733938E-2
1.451172E+0	1.315889E-4	-5.685321E+1	1.328061E-4	-5.465221E+1	-9.896234E-3	-3.805326E-2
1.454688E+0	1.353992E-4	-6.627676E+1	1.329443E-4	-6.757319E+1	1.820492E-2	2.304283E-2
1.458203E+0	1.324666E-4	-7.838025E+1	1.304689E-4	-7.789273E+1	1.527494E-2	-8.639010E-3
1.461719E+0	1.326399E-4	-8.936670E+1	1.351240E-4	-9.152208E+1	-1.907834E-2	3.691820E-2
1.465234E+0	1.407680E-4	-9.690742E+1	1.378381E-4	-1.001320E+2	1.963917E-2	5.744548E-2
1.468750E+0	1.387213E-4	-1.068026E+2	1.310599E-4	-1.119494E+2	5.418967E-2	9.495192E-2
1.472266E+0	1.356175E-4	-1.168436E+2	1.311642E-4	-1.218189E+2	3.005635E-2	8.967082E-2
1.475781E+0	1.429025E-4	-1.303808E+2	1.345257E-4	-1.300659E+2	6.225310E-2	-5.838246E-3
1.479297E+0	1.425189E-4	-1.421134E+2	1.268149E-4	-1.400548E+2	1.231087E-1	-4.036994E-2
1.482813E+0	1.378729E-4	-1.505108E+2	1.290505E-4	-1.508824E+2	6.834147E-2	6.928979E-3
1.486328E+0	1.412815E-4	-1.622317E+2	1.312438E-4	-1.594165E+2	7.518217E-2	-5.287110E-2
1.489844E+0	1.326236E-4	-1.741366E+2	1.285912E-4	-1.697475E+2	2.833365E-2	-7.892918E-2
1.493359E+0	1.285357E-4	1.785634E+2	1.280056E-4	-1.783708E+2	2.704070E-3	-5.370426E-2
1.496875E+0	1.193991E-4	1.662275E+2	1.262553E-4	1.713636E+2	-5.810136E-2	-8.466043E-2
1.500391E+0	1.103804E-4	1.597161E+2	1.255031E-4	1.616701E+2	-1.210080E-1	-2.998853E-2
1.503906E+0	9.759216E-5	1.700202E+2	1.312844E-4	1.504213E+2	-2.997032E-1	2.493493E-1
1.507422E+0	1.576757E-4	1.703796E+2	1.238345E-4	1.427731E+2	1.283163E-1	5.900325E-1
1.510938E+0	2.176465E-4	1.370693E+2	1.250842E-4	1.311604E+2	7.307550E-1	1.791279E-1
1.514453E+0	2.087247E-4	9.828838E+1	1.267766E-4	1.220699E+2	5.066017E-1	-6.639101E-1
1.517969E+0	1.102096E-4	6.064987E+1	1.286415E-4	1.103285E+2	-4.456393E-1	-6.531856E-1
1.521484E+0	4.993825E-5	1.527496E+2	1.272143E-4	1.048400E+2	-7.368714E-1	2.913083E-1
1.525000E+0	1.582612E-4	1.239457E+2	1.324203E-4	9.284289E+1	2.333137E-2	6.173814E-1
1.528516E+0	1.809492E-4	8.987868E+1	1.341291E-4	8.280285E+1	3.387929E-1	1.661820E-1
1.532031E+0	1.599364E-4	6.882791E+1	1.363086E-4	7.549487E+1	1.654061E-1	-1.362225E-1
1.535547E+0	1.409826E-4	5.716969E+1	1.349320E-4	6.421995E+1	3.694166E-2	-1.282438E-1
1.539062E+0	1.317521E-4	4.799494E+1	1.347553E-4	5.332746E+1	-2.651776E-2	-9.086453E-2
1.542578E+0	1.242483E-4	3.924425E+1	1.326458E-4	4.407426E+1	-6.663399E-2	-7.886927E-2
1.546094E+0	1.293969E-4	3.574076E+1	1.329751E-4	3.228827E+1	-2.867488E-2	5.860039E-2
1.549609E+0	1.305654E-4	2.708935E+1	1.333642E-4	2.167600E+1	-2.535253E-2	9.236044E-2
1.553125E+0	1.319781E-4	1.666692E+1	1.319019E-4	1.323161E+1	-1.220247E-3	5.995617E-2
1.556641E+0	1.398867E-4	6.337328E+0	1.299149E-4	3.901282E+0	7.578332E-2	4.576669E-2
1.560156E+0	1.378076E-4	-1.302417E+0	1.317741E-4	-5.124477E+0	4.346073E-2	6.971012E-2
1.563672E+0	1.404253E-4	-1.149054E+1	1.385228E-4	-1.339340E+1	1.317519E-2	3.366111E-2
1.567188E+0	1.483846E-4	-2.437893E+1	1.416320E-4	-2.294978E+1	4.735118E-2	-2.612989E-2
1.570703E+0	1.469751E-4	-3.629723E+1	1.380728E-4	-3.538240E+1	6.433972E-2	-1.699554E-2
1.574219E+0	1.469470E-4	-4.313714E+1	1.365632E-4	-4.415454E+1	7.586695E-2	1.910616E-2
1.577734E+0	1.477128E-4	-5.741867E+1	1.473339E-4	-5.408251E+1	8.726398E-4	-5.834374E-2
1.581250E+0	1.442881E-4	-6.521176E+1	1.409609E-4	-6.591017E+1	2.352766E-2	1.247696E-2
1.584766E+0	1.408978E-4	-7.829738E+1	1.455971E-4	-7.817179E+1	-3.227838E-2	-2.121210E-3
1.588281E+0	1.432065E-4	-8.581245E+1	1.428138E-4	-8.366193E+1	2.043493E-3	-3.762803E-2
1.591797E+0	1.447021E-4	-9.864677E+1	1.464662E-4	-9.875337E+1	-1.204613E-2	1.838111E-3
1.595313E+0	1.410483E-4	-1.086487E+2	1.406667E-4	-1.085146E+2	2.710049E-3	-2.346834E-3
1.598828E+0	1.443814E-4	-1.147363E+2	1.406737E-4	-1.185983E+2	2.402606E-2	6.912881E-2
1.602344E+0	1.498020E-4	-1.270101E+2	1.445208E-4	-1.278113E+2	3.644150E-2	1.449411E-2
1.605859E+0	1.588707E-4	-1.414201E+2	1.408331E-4	-1.367091E+2	1.242668E-1	-9.264886E-2
1.609375E+0	1.486065E-4	-1.533515E+2	1.380874E-4	-1.495835E+2	7.385077E-2	-7.072271E-2
1.612891E+0	1.310724E-4	-1.677667E+2	1.403439E-4	-1.580336E+2	-7.950585E-2	-1.578903E-1
1.616406E+0	1.100606E-4	-1.635656E+2	1.414489E-4	-1.670734E+2	-2.233634E-1	4.760726E-2
1.619922E+0	1.314129E-4	-1.611457E+2	1.392792E-4	-1.781867E+2	-9.790367E-2	2.765045E-1
1.623438E+0	1.650822E-4	-1.781855E+2	1.369057E-4	1.725943E+2	1.902303E-1	1.932059E-1
1.626953E+0	1.696724E-4	1.554332E+2	1.386719E-4	1.630722E+2	2.126942E-1	-1.626482E-1
1.630469E+0	1.270439E-4	1.424414E+2	1.316448E-4	1.551497E+2	-5.859050E-2	-2.122991E-1
1.633984E+0	1.265483E-4	1.472004E+2	1.364490E-4	1.437563E+2	-7.423478E-2	5.571569E-2
1.637500E+0	1.337038E-4	1.389025E+2	1.394158E-4	1.357705E+2	-4.240346E-2	5.239798E-2
1.641016E+0	1.412166E-4	1.285668E+2	1.372549E-4	1.275969E+2	2.871640E-2	1.741572E-2
1.644531E+0	1.523897E-4	1.155274E+2	1.410842E-4	1.161019E+2	8.007870E-2	-1.083022E-2
1.648047E+0	1.525626E-4	1.066380E+2	1.411412E-4	1.054377E+2	8.068462E-2	2.264278E-2
1.651563E+0	1.480290E-4	9.423402E+1	1.464875E-4	9.488453E+1	1.045795E-2	-1.147277E-2
1.655078E+0	1.485419E-4	8.402084E+1	1.479897E-4	8.458141E+1	3.683301E-3	-9.820142E-3
1.658594E+0	1.474861E-4	7.397617E+1	1.452660E-4	7.332320E+1	1.521707E-2	1.157040E-2
1.662109E+0	1.476672E-4	6.491956E+1	1.434027E-4	6.532004E+1	2.971278E-2	-7.197495E-3
1.665625E+0	1.460470E-4	5.254426E+1	1.506973E-4	5.330204E+1	-3.094331E-2	-1.281725E-2
1.669141E+0	1.531843E-4	4.345745E+1	1.428971E-4	4.412205E+1	7.191815E-2	-1.243423E-2
1.672656E+0	1.506401E-4	3.354196E+1	1.442200E-4	3.177295E+1	4.401820E-2	3.224436E-2
1.676172E+0	1.487383E-4	2.199986E+1	1.448862E-4	2.058116E+1	2.627239E-2	2.541671E-2
1.679687E+0	1.466600E-4	1.372475E+1	1.466909E-4	1.421639E+1	-2.474536E-4	-8.578824E-3
1.683203E+0	1.460351E-4	4.255531E+0	1.415460E-4	3.705299E+0	3.166720E-2	9.907776E-3
1.686719E+0	1.482050E-4	-6.760553E+0	1.367065E-4	-7.529060E+0	8.401333E-2	1.454072E-2
1.690234E+0	1.460499E-4	-1.390941E+1	1.412663E-4	-1.636223E+1	3.291506E-2	4.424590E-2
1.693750E+0	1.422801E-4	-2.689444E+1	1.434625E-4	-2.267051E+1	-1.093569E-2	-7.304767E-2
1.697266E+0	1.403799E-4	-3.253552E+1	1.429893E-4	-3.572253E+1	-1.976730E-2	5.458059E-2
1.700781E+0	1.446016E-4	-4.340923E+1	1.394928E-4	-4.406801E+1	3.655559E-2	1.191872E-2
1.704297E+0	1.442555E-4	-5.126396E+1	1.416675E-4	-5.366486E+1	1.737426E-2	4.265662E-2
1.707813E+0	1.592771E-4	-5.959492E+1	1.446201E-4	-6.242611E+1	1.000040E-1	5.439943E-2
1.711328E+0	1.606570E-4	-7.375622E+1	1.504079E-4	-7.434871E+1	6.808492E-2	1.104535E-2
1.714844E+0	1.526774E-4	-8.377700E+1	1.527605E-4	-8.157148E+1	-1.284372E-3	-3.846315E-2
1.718359E+0	1.467446E-4	-9.589435E+1	1.598388E-4	-9.392989E+1	-8.246086E-2	-3.147135E-2
1.721875E+0	1.523651E-4	-1.019286E+2	1.558864E-4	-1.031577E+2	-2.281377E-2	2.096566E-2
1.725391E+0	1.636660E-4	-1.102105E+2	1.577520E-4	-1.178768E+2	2.821597E-2	1.384045E-1
1.728906E+0	1.641183E-4	-1.261308E+2	1.600363E-4	-1.265009E+2	2.548532E-2	6.624177E-3
1.732422E+0	1.578319E-4	-1.366201E+2	1.564536E-4	-1.349241E+2	8.367710E-3	-2.985720E-2
1.735938E+0	1.529355E-4	-1.467249E+2	1.566101E-4	-1.470556E+2	-2.347963E-2	5.636347E-3
1.739453E+0	1.589323E-4	-1.552095E+2	1.519733E-4	-1.585426E+2	4.402187E-2	6.080308E-2
1.742969E+0	1.523482E-4	-1.669006E+2	1.549051E-4	-1.685995E+2	-1.693855E-2	2.915769E-2
1.746484E+0	1.536529E-4	-1.793488E+2	1.564943E-4	1.798883E+2	-1.824361E-2	1.307297E-2
1.750000E+0	1.551745E-4	1.712336E+2	1.467319E-4	1.696769E+2	5.714729E-2	2.872928E-2
1.753516E+0	1.520802E-4	1.642461E+2	1.453840E-4	1.610459E+2	4.442746E-2	5.839622E-2
1.757031E+0	1.431050E-4	1.550291E+2	1.457651E-4	1.522330E+2	-1.941804E-2	4.789155E-2
1.760547E+0	1.506008E-4	1.428166E+2	1.415224E-4	1.415539E+2	6.388974E-2	2.345009E-2
1.764063E+0	1.455688E-4	1.353036E+2	1.414479E-4	1.344400E+2	2.901680E-2	1.551120E-2
1.767578E+0	1.464771E-4	1.265770E+2	1.378825E-4	1.254031E+2	6.210982E-2	2.176400E-2
1.771094E+0	1.434382E-4	1.140694E+2	1.464283E-4	1.161894E+2	-2.109071E-2	-3.623714E-2
1.774609E+0	1.469231E-4	1.067521E+2	1.481329E-4	1.049319E+2	-8.667446E-3	3.150373E-2
1.778125E+0	1.446363E-4	9.801870E+1	1.395656E-4	9.772466E+1	3.631837E-2	5.318397E-3
1.781641E+0	1.496024E-4	8.894589E+1	1.505739E-4	8.833224E+1	-6.508965E-3	1.064091E-2
1.785156E+0	1.524129E-4	7.690102E+1	1.473694E-4	7.831635E+1	3.390800E-2	-2.554497E-2
1.788672E+0	1.542688E-4	6.730526E+1	1.530144E-4	7.036219E+1	6.763296E-3	-5.376536E-2
1.792188E+0	1.551232E-4	5.875903E+1	1.523144E-4	5.925119E+1	1.840323E-2	-8.748108E-3
1.795703E+0	1.493928E-4	4.760175E+1	1.501802E-4	4.826084E+1	-5.308850E-3	-1.144273E-2
1.799219E+0	1.575665E-4	3.840083E+1	1.486519E-4	3.803795E+1	5.994837E-2	6.713221E-3
1.802734E+0	1.590183E-4	3.023653E+1	1.541861E-4	2.646076E+1	2.910143E-2	6.791573E-2
1.806250E+0	1.578470E-4	1.757256E+1	1.526067E-4	1.868634E+1	3.414318E-2	-2.010537E-2
1.809766E+0	1.515644E-4	4.801857E+0	1.595404E-4	7.771701E+0	-5.126952E-2	-4.922016E-2
1.813281E+0	1.585115E-4	-5.184252E+0	1.527443E-4	-5.407085E+0	3.774937E-2	4.036004E-3
1.816797E+0	1.562172E-4	-9.982733E+0	1.626942E-4	-1.586199E+1	-4.486151E-2	9.835449E-2
1.820313E+0	1.575961E-4	-2.239582E+1	1.545574E-4	-2.159031E+1	1.955989E-2	-1.433473E-2
1.823828E+0	1.565341E-4	-3.362509E+1	1.541351E-4	-3.317901E+1	1.553349E-2	-7.906661E-3
1.827344E+0	1.506801E-4	-4.345108E+1	1.611716E-4	-4.282322E+1	-6.515135E-2	-1.024469E-2
1.830859E+0	1.593092E-4	-5.428877E+1	1.492452E-4	-5.354134E+1	6.734183E-2	-1.392439E-2
1.834375E+0	1.615526E-4	-6.274121E+1	1.573504E-4	-6.363833E+1	2.658015E-2	1.607520E-2
1.837891E+0	1.590164E-4	-7.121828E+1	1.605350E-4	-7.195190E+1	-9.540815E-3	1.268262E-2
1.841406E+0	1.633053E-4	-8.097147E+1	1.542839E-4	-8.148467E+1	5.843027E-2	9.480645E-3
1.844922E+0	1.519618E-4	-9.370924E+1	1.496030E-4	-9.340972E+1	1.575318E-2	-5.310010E-3
1.848438E+0	1.530746E-4	-1.007636E+2	1.527637E-4	-1.038844E+2	5.491235E-4	5.455210E-2
1.851953E+0	1.565695E-4	-1.140477E+2	1.594026E-4	-1.118546E+2	-1.849269E-2	-3.758733E-2
1.855469E+0	1.619663E-4	-1.219059E+2	1.566172E-4	-1.227573E+2	3.403980E-2	1.536669E-2
1.858984E+0	1.603381E-4	-1.331750E+2	1.586812E-4	-1.316469E+2	1.008234E-2	-2.694567E-2
1.862500E+0	1.587120E-4	-1.404627E+2	1.561936E-4	-1.427002E+2	1.534886E-2	3.967131E-2
1.866016E+0	1.583679E-4	-1.530707E+2	1.547814E-4	-1.526670E+2	2.314599E-2	-7.209098E-3
1.869531E+0	1.574423E-4	-1.636329E+2	1.582288E-4	-1.620943E+2	-5.329395E-3	-2.671694E-2
1.873047E+0	1.616501E-4	-1.726730E+2	1.527798E-4	-1.716209E+2	5.788100E-2	-1.942764E-2
1.876563E+0	1.552603E-4	1.776158E+2	1.553037E-4	1.783495E+2	-3.614186E-4	-1.280155E-2
1.880078E+0	1.578470E-4	1.679421E+2	1.519405E-4	1.673058E+2	3.880971E-2	1.153701E-2
1.883594E+0	1.568072E-4	1.553618E+2	1.559124E-4	1.590276E+2	3.681338E-3	-6.430358E-2
1.887109E+0	1.566455E-4	1.479332E+2	1.588042E-4	1.488239E+2	-1.371266E-2	-1.533371E-2
1.890625E+0	1.591887E-4	1.392144E+2	1.602943E-4	1.408280E+2	-7.291119E-3	-2.796469E-2
1.894141E+0	1.612851E-4	1.297573E+2	1.572241E-4	1.278195E+2	2.524273E-2	3.468795E-2
1.897656E+0	1.570136E-4	1.207107E+2	1.522918E-4	1.187757E+2	3.041705E-2	3.481261E-2
1.901172E+0	1.586661E-4	1.120345E+2	1.588497E-4	1.114441E+2	-1.208838E-3	1.029233E-2
1.904688E+0	1.607125E-4	1.024805E+2	1.627387E-4	1.009057E+2	-1.282363E-2	2.713982E-2
1.908203E+0	1.656849E-4	9.189113E+1	1.593422E-4	8.960059E+1	3.897473E-2	4.155772E-2
1.911719E+0	1.683993E-4	8.056047E+1	1.663275E-4	8.091125E+1	1.243717E-2	-6.198487E-3
1.915234E+0	1.692173E-4	7.082024E+1	1.699909E-4	6.961067E+1	-4.772646E-3	2.101335E-2
1.918750E+0	1.647319E-4	6.138138E+1	1.625220E-4	5.915306E+1	1.283108E-2	3.941041E-2
1.922266E+0	1.647250E-4	5.017833E+1	1.621610E-4	5.198458E+1	1.530672E-2	-3.201816E-2
1.925781E+0	1.643870E-4	3.841599E+1	1.655713E-4	4.082768E+1	-8.032209E-3	-4.177852E-2
1.929297E+0	1.722679E-4	3.076668E+1	1.621754E-4	3.038735E+1	6.220872E-2	7.032517E-3
1.932813E+0	1.647041E-4	1.922202E+1	1.654654E-4	2.158624E+1	-5.448260E-3	-4.106192E-2
1.936328E+0	1.710845E-4	1.083476E+1	1.633911E-4	1.142539E+1	4.703016E-2	-1.079363E-2
1.939844E+0	1.680579E-4	2.297429E+0	1.631260E-4	2.180948E+0	3.023156E-2	2.094440E-3
1.943359E+0	1.670750E-4	-8.531300E+0	1.624572E-4	-7.424459E+0	2.823283E-2	-1.986589E-2
1.946875E+0	1.616567E-4	-1.598517E+1	1.596074E-4	-1.800263E+1	1.221182E-2	3.565605E-2
1.950391E+0	1.666876E-4	-2.688001E+1	1.607068E-4	-2.493235E+1	3.661639E-2	-3.525136E-2
1.953906E+0	1.711502E-4	-3.736465E+1	1.639208E-4	-3.590201E+1	4.376282E-2	-2.665085E-2
1.957422E+0	1.679770E-4	-4.486226E+1	1.621799E-4	-4.515759E+1	3.573111E-2	5.338704E-3
1.960938E+0	1.686695E-4	-5.440075E+1	1.719285E-4	-5.498748E+1	-1.900699E-2	1.004608E-2
1.964453E+0	1.721374E-4	-6.316751E+1	1.657893E-4	-6.322181E+1	3.828970E-2	9.840018E-4
1.967969E+0	1.771783E-4	-7.405602E+1	1.741087E-4	-7.451783E+1	1.759731E-2	8.202119E-3
1.971484E+0	1.798319E-4	-8.453694E+1	1.769921E-4	-8.263807E+1	1.548684E-2	-3.366712E-2
1.975000E+0	1.768589E-4	-9.220636E+1	1.825332E-4	-9.434466E+1	-3.176108E-2	3.615183E-2
1.978516E+0	1.873898E-4	-1.053312E+2	1.856664E-4	-1.040006E+2	9.010087E-3	-2.343681E-2
1.982031E+0	1.954141E-4	-1.154312E+2	1.924154E-4	-1.143264E+2	1.539571E-2	-1.958169E-2
1.985547E+0	1.946381E-4	-1.257168E+2	1.908592E-4	-1.243800E+2	1.952186E-2	-2.379135E-2
1.989063E+0	1.987013E-4	-1.363246E+2	1.988918E-4	-1.366624E+2	-9.751703E-4	5.890041E-3
1.992578E+0	1.990846E-4	-1.474004E+2	1.980741E-4	-1.467047E+2	5.027534E-3	-1.220390E-2
1.996094E+0	1.966190E-4	-1.580559E+2	1.987931E-4	-1.589331E+2	-1.105241E-2	1.514200E-2
1.999609E+0	2.081577E-4	-1.692425E+2	2.011949E-4	-1.700658E+2	3.450043E-2	1.486607E-2
2.003125E+0	1.949401E-4	-1.783176E+2	1.916071E-4	1.798872E+2	1.689562E-2	3.187196E-2
2.006641E+0	1.931402E-4	1.708149E+2	1.992677E-4	1.689441E+2	-3.126672E-2	3.164196E-2
2.010156E+0	1.980262E-4	1.598022E+2	1.997239E-4	1.587169E+2	-8.678105E-3	1.877992E-2
2.013672E+0	1.915847E-4	1.467007E+2	1.924907E-4	1.505003E+2	-6.894444E-3	-6.595503E-2
2.017187E+0	1.920717E-4	1.393216E+2	1.895347E-4	1.385960E+2	1.330415E-2	1.283328E-2
2.020703E+0	1.886034E-4	1.313929E+2	1.908969E-4	1.282824E+2	-1.346990E-2	5.360988E-2
2.024219E+0	1.913736E-4	1.175704E+2	1.927978E-4	1.171980E+2	-7.407980E-3	6.451548E-3
2.027734E+0	1.804816E-4	1.086629E+2	1.904778E-4	1.072588E+2	-5.276411E-2	2.321777E-2
2.031250E+0	1.835305E-4	9.767780E+1	1.875438E-4	9.917612E+1	-2.173386E-2	-2.558810E-2
2.034766E+0	1.863285E-4	8.909432E+1	1.924588E-4	8.926466E+1	-3.185681E-2	-2.878292E-3
2.038281E+0	1.981168E-4	7.982879E+1	1.885599E-4	8.081872E+1	5.052681E-2	-1.815232E-2
2.041797E+0	1.996086E-4	7.167512E+1	1.902723E-4	6.899684E+1	4.792216E-2	4.902063E-2
2.045313E+0	1.878782E-4	6.110410E+1	1.974952E-4	6.022014E+1	-4.880807E-2	1.467617E-2
2.048828E+0	1.951151E-4	5.000276E+1	1.971939E-4	5.111745E+1	-1.072916E-2	-1.924870E-2
2.052344E+0	1.942362E-4	4.176537E+1	1.967018E-4	4.118652E+1	-1.258510E-2	9.976033E-3
2.055859E+0	1.884016E-4	3.112344E+1	1.968814E-4	2.983034E+1	-4.331430E-2	2.159497E-2
2.059375E+0	1.989383E-4	1.963356E+1	1.975796E-4	2.102621E+1	6.579307E-3	-2.447107E-2
2.062891E+0	2.067159E-4	7.430642E+0	2.042059E-4	1.056377E+1	1.077838E-2	-5.532796E-2
2.066406E+0	1.951600E-4	2.449780E-1	1.980549E-4	-4.415879E-1	-1.468740E-2	1.180740E-2
2.069922E+0	1.951405E-4	-1.191486E+1	1.982587E-4	-9.005083E+0	-1.699695E-2	-4.996496E-2
2.073438E+0	2.094487E-4	-2.156276E+1	2.022557E-4	-2.074804E+1	3.545920E-2	-1.472475E-2
2.076953E+0	2.008476E-4	-3.165803E+1	2.050450E-4	-3.098328E+1	-2.053855E-2	-1.153527E-2
2.080469E+0	1.971674E-4	-4.253133E+1	2.034957E-4	-4.368185E+1	-3.129329E-2	1.945460E-2
2.083984E+0	1.953671E-4	-5.307687E+1	2.032799E-4	-5.320439E+1	-3.892802E-2	2.139007E-3
2.087500E+0	2.013002E-4	-6.065550E+1	2.040588E-4	-6.101655E+1	-1.353824E-2	6.216282E-3
2.091016E+0	2.010374E-4	-7.066396E+1	2.085282E-4	-7.275782E+1	-3.656594E-2	3.522414E-2
2.094531E+0	1.958398E-4	-8.301726E+1	1.987661E-4	-7.973454E+1	-1.633904E-2	-5.641989E-2
2.098047E+0	2.067036E-4	-9.379646E+1	1.935299E-4	-9.339704E+1	6.804467E-2	-7.445667E-3
2.101562E+0	2.067187E-4	-1.031961E+2	2.043563E-4	-1.019045E+2	1.130319E-2	-2.280134E-2
2.105078E+0	2.087901E-4	-1.095544E+2	1.972415E-4	-1.138469E+2	5.558126E-2	7.923060E-2
2.108594E+0	2.013062E-4	-1.235247E+2	2.022507E-4	-1.240329E+2	-4.709099E-3	8.828226E-3
2.112109E+0	2.051764E-4	-1.341607E+2	2.035712E-4	-1.328243E+2	7.611051E-3	-2.350637E-2
2.115625E+0	2.052603E-4	-1.448669E+2	2.086612E-4	-1.424775E+2	-1.715394E-2	-4.101131E-2
2.119141E+0	1.951881E-4	-1.540667E+2	1.964621E-4	-1.567769E+2	-7.595985E-3	4.697765E-2
2.122656E+0	2.103412E-4	-1.625458E+2	2.043269E-4	-1.650121E+2	2.848113E-2	4.429839E-2
2.126172E+0	1.987621E-4	-1.758836E+2	1.954348E-4	-1.766192E+2	1.694130E-2	1.305686E-2
2.129688E+0	2.033562E-4	1.760898E+2	1.907718E-4	1.721801E+2	6.348496E-2	7.268201E-2
2.133203E+0	2.002591E-4	1.651166E+2	1.972317E-4	1.650745E+2	1.534919E-2	7.460621E-4
2.136719E+0	1.982199E-4	1.561039E+2	2.039985E-4	1.554176E+2	-2.839638E-2	1.163861E-2
2.140234E+0	1.952174E-4	1.447872E+2	1.929098E-4	1.458582E+2	1.178528E-2	-1.891498E-2
2.143750E+0	1.939934E-4	1.357256E+2	1.973609E-4	1.340105E+2	-1.750300E-2	2.941899E-2
2.147266E+0	1.979678E-4	1.277899E+2	1.966315E-4	1.242584E+2	4.884140E-3	6.201590E-2
2.150781E+0	1.950843E-4	1.135336E+2	1.915851E-4	1.133476E+2	1.825910E-2	3.305599E-3
2.154297E+0	1.957450E-4	1.090937E+2	1.912854E-4	1.063709E+2	2.215858E-2	4.861144E-2
2.157813E+0	1.980302E-4	9.319933E+1	2.000412E-4	9.399592E+1	-1.014860E-2	-1.376291E-2
2.161328E+0	1.907606E-4	8.692953E+1	1.859508E-4	8.478447E+1	2.514712E-2	3.839777E-2
2.164844E+0	1.956861E-4	7.672706E+1	2.025175E-4	7.691551E+1	-3.373762E-2	-3.178119E-3
2.168359E+0	1.973571E-4	6.528059E+1	1.978689E-4	6.662802E+1	-2.862360E-3	-2.345410E-2
2.171875E+0	1.882299E-4	5.690388E+1	1.986391E-4	5.842244E+1	-5.273538E-2	-2.511206E-2
2.175391E+0	1.925421E-4	4.531681E+1	1.973561E-4	4.465464E+1	-2.445761E-2	1.127489E-2
2.178906E+0	1.996988E-4	3.740333E+1	1.905181E-4	3.753675E+1	4.818523E-2	-2.440828E-3
2.182422E+0	2.126651E-4	2.694121E+1	2.035333E-4	2.718694E+1	4.485676E-2	-4.481207E-3
2.185938E+0	2.018285E-4	1.599522E+1	1.934689E-4	1.254196E+1	4.131482E-2	6.283694E-2
2.189453E+0	2.018482E-4	5.667367E+0	1.980070E-4	3.398724E+0	1.860032E-2	4.035287E-2
2.192969E+0	1.948608E-4	-6.020340E+0	1.943658E-4	-6.326034E+0	2.532475E-3	5.348929E-3
2.196484E+0	1.899414E-4	-1.527872E+1	2.082746E-4	-1.582755E+1	-8.806601E-2	8.735583E-3
2.200000E+0	1.955681E-4	-2.536033E+1	1.951399E-4	-2.520304E+1	2.190547E-3	-2.751249E-3
