7.021484E-1	6.517370E-5	-1.039341E+2	6.846670E-5	-9.782638E+1	-5.349974E-2	-1.012807E-1
7.042969E-1	6.287845E-5	-1.031417E+2	6.194590E-5	-1.044175E+2	1.480264E-2	2.260025E-2
7.064453E-1	6.368595E-5	-1.162709E+2	6.143822E-5	-1.122080E+2	3.398013E-2	-7.344369E-2
7.085937E-1	6.837786E-5	-1.136577E+2	6.135428E-5	-1.170532E+2	1.125193E-1	6.600814E-2
7.107422E-1	6.426170E-5	-1.241691E+2	6.434022E-5	-1.253239E+2	-1.423246E-3	2.012910E-2
7.128906E-1	5.886276E-5	-1.294487E+2	6.470762E-5	-1.314921E+2	-9.090569E-2	3.243575E-2
7.150391E-1	6.770880E-5	-1.382880E+2	6.575193E-5	-1.368194E+2	2.942315E-2	-2.639186E-2
7.171875E-1	5.946980E-5	-1.451172E+2	6.616961E-5	-1.385482E+2	-1.071525E-1	-1.028165E-1
7.193359E-1	6.424968E-5	-1.457634E+2	6.552535E-5	-1.473833E+2	-1.986021E-2	2.771848E-2
7.214844E-1	6.541906E-5	-1.559650E+2	6.496931E-5	-1.563751E+2	6.896706E-3	7.207082E-3
7.236328E-1	6.433159E-5	-1.630548E+2	7.546027E-5	-1.575440E+2	-1.514176E-1	-8.187063E-2
7.257812E-1	6.265884E-5	-1.684684E+2	6.928584E-5	-1.636038E+2	-9.890484E-2	-7.669031E-2
7.279297E-1	6.773575E-5	-1.716465E+2	6.850097E-5	-1.719256E+2	-1.118267E-2	4.816779E-3
7.300781E-1	6.761302E-5	-1.787276E+2	6.616865E-5	1.783161E+2	2.046873E-2	5.270007E-2
7.322266E-1	6.790323E-5	1.790576E+2	6.561879E-5	1.769414E+2	3.410806E-2	3.821180E-2
7.343750E-1	6.557027E-5	1.671730E+2	6.544875E-5	1.707767E+2	-1.242799E-4	-6.297167E-2
7.365234E-1	6.635539E-5	1.604004E+2	7.175888E-5	1.614368E+2	-7.545192E-2	-1.672560E-2
7.386719E-1	7.110211E-5	1.586793E+2	7.416030E-5	1.536961E+2	-4.486148E-2	8.328159E-2
7.408203E-1	5.886275E-5	1.461913E+2	6.576812E-5	1.422868E+2	-1.070731E-1	6.094411E-2
7.429687E-1	6.777940E-5	1.419755E+2	6.890737E-5	1.413032E+2	-1.643708E-2	1.154151E-2
7.451172E-1	6.205474E-5	1.364944E+2	7.210240E-5	1.358924E+2	-1.394001E-1	9.042554E-3
7.472656E-1	6.790107E-5	1.339062E+2	7.050009E-5	1.337605E+2	-3.686860E-2	2.449195E-3
7.494141E-1	6.807105E-5	1.266152E+2	6.579152E-5	1.304838E+2	3.229023E-2	-6.980615E-2
7.515625E-1	6.602920E-5	1.235421E+2	6.975534E-5	1.209941E+2	-5.435313E-2	4.208160E-2
7.537109E-1	6.858241E-5	1.161548E+2	6.891142E-5	1.131808E+2	-6.114779E-3	5.163508E-2
7.558594E-1	6.646724E-5	1.091589E+2	7.274430E-5	1.069887E+2	-8.694473E-2	3.460047E-2
7.580078E-1	6.869206E-5	1.007432E+2	7.076506E-5	1.075904E+2	-3.621755E-2	-1.157294E-1
7.601562E-1	6.666493E-5	9.686464E+1	7.078226E-5	9.764056E+1	-5.825532E-2	-1.275422E-2
7.623047E-1	6.657373E-5	9.006775E+1	6.923720E-5	9.190712E+1	-3.896421E-2	-3.086280E-2
7.644531E-1	7.222986E-5	8.414885E+1	6.893293E-5	9.020217E+1	4.198559E-2	-1.104976E-1
7.666015E-1	7.251574E-5	8.272182E+1	6.630174E-5	7.627443E+1	8.680565E-2	1.228151E-1
7.687500E-1	6.344193E-5	7.306076E+1	7.158627E-5	7.240679E+1	-1.138273E-1	1.011515E-2
7.708984E-1	6.673882E-5	6.546251E+1	6.671400E-5	6.861853E+1	-1.145210E-3	-5.507557E-2
7.730469E-1	6.601049E-5	6.248514E+1	6.699158E-5	6.358126E+1	-1.482529E-2	-1.884958E-2
7.751953E-1	7.025992E-5	5.721251E+1	7.602636E-5	5.166872E+1	-8.017048E-2	8.927909E-2
7.773437E-1	7.433438E-5	4.728059E+1	7.384858E-5	4.985007E+1	5.566303E-3	-4.512577E-2
7.794922E-1	6.747882E-5	3.909999E+1	7.278613E-5	4.246154E+1	-7.451164E-2	-5.436090E-2
7.816406E-1	6.987907E-5	3.543839E+1	7.116897E-5	3.367078E+1	-1.859169E-2	3.028666E-2
7.837890E-1	6.755809E-5	2.218681E+1	8.284862E-5	3.234144E+1	-1.973333E-1	-1.437665E-1
7.859375E-1	6.859040E-5	2.162254E+1	6.887977E-5	2.307248E+1	-4.519929E-3	-2.519722E-2
7.880859E-1	6.871404E-5	1.453095E+1	6.767468E-5	2.237036E+1	5.868904E-3	-1.384918E-1
7.902344E-1	7.398771E-5	1.105567E+1	7.884221E-5	1.283719E+1	-6.202595E-2	-2.917420E-2
7.923828E-1	7.221800E-5	5.045122E+0	7.620831E-5	5.863605E+0	-5.245725E-2	-1.353678E-2
7.945312E-1	6.974811E-5	-1.818225E+0	7.544329E-5	-3.994048E+0	-7.615610E-2	3.510010E-2
7.966797E-1	7.609428E-5	-9.906970E+0	7.986464E-5	-1.056263E+1	-4.727176E-2	1.090295E-2
7.988281E-1	7.447129E-5	-1.340058E+1	7.491636E-5	-1.592648E+1	-6.906718E-3	4.380917E-2
8.009765E-1	7.106223E-5	-2.067514E+1	8.155246E-5	-2.038462E+1	-1.286429E-1	-4.418281E-3
8.031250E-1	7.199313E-5	-2.816885E+1	8.567330E-5	-2.515596E+1	-1.608399E-1	-4.416783E-2
8.052734E-1	7.089999E-5	-3.245802E+1	8.012264E-5	-3.233395E+1	-1.151087E-1	-1.916173E-3
8.074218E-1	6.769020E-5	-3.850239E+1	7.623203E-5	-4.302784E+1	-1.148187E-1	7.006091E-2
8.095703E-1	7.134480E-5	-4.106472E+1	7.464586E-5	-4.713347E+1	-4.957936E-2	1.010464E-1
8.117187E-1	6.919057E-5	-5.318709E+1	7.478441E-5	-5.041888E+1	-7.587918E-2	-4.468310E-2
8.138672E-1	6.875759E-5	-5.783467E+1	7.056953E-5	-5.242008E+1	-3.002342E-2	-9.193899E-2
8.160156E-1	7.444827E-5	-6.635851E+1	7.727743E-5	-6.297403E+1	-3.829072E-2	-5.687464E-2
8.181640E-1	7.113042E-5	-6.731194E+1	7.278998E-5	-6.595519E+1	-2.307325E-2	-2.313771E-2
8.203125E-1	7.492591E-5	-8.015374E+1	7.427343E-5	-7.837730E+1	8.300007E-3	-3.127209E-2
8.224609E-1	6.511188E-5	-8.377563E+1	7.824462E-5	-8.040250E+1	-1.692838E-1	-4.896269E-2
8.246093E-1	7.134386E-5	-9.237763E+1	8.165769E-5	-8.888860E+1	-1.279251E-1	-5.317079E-2
8.267578E-1	7.593023E-5	-9.478177E+1	7.237163E-5	-8.967730E+1	4.501032E-2	-9.334686E-2
8.289062E-1	7.024596E-5	-1.000920E+2	8.007855E-5	-9.949100E+1	-1.228351E-1	-9.201297E-3
8.310547E-1	7.068856E-5	-1.048145E+2	7.856647E-5	-1.047390E+2	-1.002714E-1	-1.185594E-3
8.332031E-1	6.873334E-5	-1.132120E+2	7.654337E-5	-1.103267E+2	-1.031724E-1	-4.520065E-2
8.353515E-1	7.322322E-5	-1.190416E+2	7.622800E-5	-1.164061E+2	-4.043436E-2	-4.416940E-2
8.375000E-1	7.111417E-5	-1.228167E+2	7.457152E-5	-1.218655E+2	-4.649429E-2	-1.583115E-2
8.396484E-1	6.979530E-5	-1.311749E+2	8.216454E-5	-1.253166E+2	-1.549787E-1	-8.670293E-2
8.417968E-1	7.108400E-5	-1.359168E+2	7.932353E-5	-1.350186E+2	-1.039826E-1	-1.404761E-2
8.439453E-1	6.053932E-5	-1.424876E+2	7.355688E-5	-1.401385E+2	-1.776643E-1	-3.373428E-2
8.460937E-1	7.523935E-5	-1.491347E+2	8.051118E-5	-1.453342E+2	-6.753459E-2	-6.194246E-2
8.482422E-1	7.140156E-5	-1.563456E+2	7.475504E-5	-1.529373E+2	-4.654901E-2	-5.678403E-2
8.503906E-1	7.677954E-5	-1.606889E+2	8.469349E-5	-1.547242E+2	-9.835025E-2	-9.420560E-2
8.525390E-1	7.977668E-5	-1.684626E+2	7.544509E-5	-1.646029E+2	5.501546E-2	-7.117826E-2
8.546875E-1	7.254916E-5	-1.737726E+2	8.674438E-5	-1.653396E+2	-1.726869E-1	-1.226539E-1
8.568359E-1	7.342370E-5	-1.760713E+2	7.861362E-5	-1.793187E+2	-6.751783E-2	5.290772E-2
8.589843E-1	6.828299E-5	1.730328E+2	7.975900E-5	1.734554E+2	-1.439069E-1	-6.314453E-3
8.611328E-1	7.454029E-5	1.729198E+2	8.047136E-5	1.702996E+2	-7.467254E-2	4.234578E-2
8.632812E-1	6.723550E-5	1.603108E+2	8.509465E-5	1.634366E+2	-2.110495E-1	-4.308434E-2
8.654296E-1	8.087204E-5	1.579696E+2	8.341458E-5	1.586224E+2	-3.054369E-2	-1.104599E-2
8.675781E-1	6.825732E-5	1.471075E+2	7.703988E-5	1.536616E+2	-1.197906E-1	-1.011292E-1
8.697265E-1	7.255931E-5	1.406639E+2	8.044091E-5	1.450966E+2	-1.006781E-1	-6.971537E-2
8.718750E-1	6.927489E-5	1.342039E+2	8.211521E-5	1.417871E+2	-1.637477E-1	-1.113303E-1
8.740234E-1	6.495625E-5	1.301066E+2	8.204627E-5	1.354350E+2	-2.117185E-1	-7.352078E-2
8.761718E-1	7.598046E-5	1.226266E+2	7.833978E-5	1.249812E+2	-3.093537E-2	-3.984665E-2
8.783203E-1	6.801770E-5	1.168437E+2	8.349586E-5	1.194479E+2	-1.862177E-1	-3.701342E-2
8.804687E-1	6.758548E-5	1.159014E+2	8.454687E-5	1.116349E+2	-2.028305E-1	5.947077E-2
8.826171E-1	7.403304E-5	1.083023E+2	8.320565E-5	1.105917E+2	-1.109504E-1	-3.554318E-2
8.847656E-1	7.287368E-5	9.744982E+1	8.193433E-5	1.052469E+2	-1.188072E-1	-1.206627E-1
8.869140E-1	7.175285E-5	9.436826E+1	8.512191E-5	9.509629E+1	-1.571258E-1	-1.071057E-2
8.890625E-1	7.354610E-5	8.762650E+1	7.520268E-5	8.949305E+1	-2.254711E-2	-3.185419E-2
8.912109E-1	7.232675E-5	8.545295E+1	8.087915E-5	8.433675E+1	-1.059126E-1	1.742025E-2
8.933593E-1	7.367588E-5	7.958124E+1	8.267089E-5	8.133707E+1	-1.092235E-1	-2.730641E-2
8.955078E-1	7.127749E-5	7.073714E+1	8.042507E-5	7.188742E+1	-1.139190E-1	-1.779151E-2
8.976562E-1	7.083953E-5	6.384803E+1	8.613877E-5	6.616522E+1	-1.782840E-1	-3.325046E-2
8.998046E-1	7.405627E-5	6.046524E+1	8.078680E-5	6.160380E+1	-8.349323E-2	-1.821487E-2
9.019531E-1	7.682876E-5	5.569626E+1	8.318538E-5	5.605557E+1	-7.643327E-2	-5.791895E-3
9.041015E-1	7.527295E-5	4.391309E+1	8.579480E-5	4.954189E+1	-1.268702E-1	-8.605425E-2
9.062500E-1	7.766387E-5	4.008375E+1	8.170951E-5	4.291616E+1	-5.067364E-2	-4.696810E-2
9.083984E-1	7.831649E-5	3.840900E+1	8.423744E-5	3.835965E+1	-7.028916E-2	8.007787E-4
9.105468E-1	7.808655E-5	2.689792E+1	8.097788E-5	3.299482E+1	-4.115953E-2	-1.024180E-1
9.126953E-1	7.749609E-5	2.162738E+1	8.366213E-5	2.365384E+1	-7.428099E-2	-3.275486E-2
9.148437E-1	8.255616E-5	1.584626E+1	8.605541E-5	2.046482E+1	-4.377787E-2	-7.724757E-2
9.169921E-1	8.354647E-5	1.118534E+1	8.878919E-5	1.130089E+1	-5.904874E-2	-1.897645E-3
9.191406E-1	8.758001E-5	2.388510E+0	8.805621E-5	5.173892E+0	-6.582952E-3	-4.833214E-2
9.212890E-1	8.832988E-5	2.545971E+0	8.902614E-5	2.463636E+0	-7.821873E-3	1.425778E-3
9.234374E-1	9.355209E-5	-1.103719E+1	8.394435E-5	-3.674186E+0	1.052640E-1	-1.428231E-1
9.255859E-1	1.028509E-4	-1.692886E+1	8.993302E-5	-1.424690E+1	1.423862E-1	-5.351308E-2
9.277343E-1	1.144399E-4	-2.425873E+1	8.567000E-5	-1.834238E+1	3.287070E-1	-1.376917E-1
9.298828E-1	1.237759E-4	-3.759516E+1	9.188719E-5	-2.464225E+1	3.127660E-1	-3.019397E-1
9.320312E-1	1.331173E-4	-5.084908E+1	9.148701E-5	-3.132140E+1	3.713467E-1	-4.863650E-1
9.341796E-1	1.336101E-4	-6.718983E+1	8.912525E-5	-3.661447E+1	2.906900E-1	-7.625629E-1
9.363281E-1	1.341312E-4	-7.867069E+1	8.292925E-5	-4.499697E+1	3.460284E-1	-8.967977E-1
9.384765E-1	1.307131E-4	-9.438936E+1	8.249209E-5	-5.663251E+1	2.527737E-1	-9.702406E-1
9.406249E-1	1.346887E-4	-1.088634E+2	8.982643E-5	-5.567914E+1	-1.014745E-1	-1.200396E+0
9.427734E-1	1.372390E-4	-1.235983E+2	8.742006E-5	-6.466126E+1	-1.899739E-1	-1.344760E+0
9.449218E-1	1.335098E-4	-1.389702E+2	8.439441E-5	-6.820351E+1	-4.788729E-1	-1.493677E+0
9.470703E-1	1.311377E-4	-1.545974E+2	8.637997E-5	-7.530882E+1	-7.178330E-1	-1.491697E+0
9.492187E-1	1.329237E-4	-1.698393E+2	8.683559E-5	-8.559144E+1	-8.465801E-1	-1.523044E+0
9.513671E-1	1.383904E-4	1.694011E+2	8.686886E-5	-9.076132E+1	-1.272190E+0	-1.569671E+0
9.535156E-1	1.413721E-4	1.499458E+2	8.637916E-5	-9.160958E+1	-1.779549E+0	-1.439067E+0
9.556640E-1	1.491419E-4	1.267971E+2	8.363734E-5	-9.570090E+1	-2.314753E+0	-1.204665E+0
9.578124E-1	1.527962E-4	1.034435E+2	8.314110E-5	-1.045882E+2	-2.622198E+0	-8.636896E-1
9.599609E-1	1.614158E-4	8.347010E+1	9.008481E-5	-1.117611E+2	-2.728880E+0	-4.707374E-1
9.621093E-1	1.825191E-4	6.108638E+1	8.103946E-5	-1.165913E+2	-3.250375E+0	9.126248E-2
9.642578E-1	1.863135E-4	4.077548E+1	8.102696E-5	-1.274038E+2	-3.250639E+0	4.710324E-1
9.664062E-1	2.087823E-4	2.096696E+1	9.053980E-5	-1.270128E+2	-2.955144E+0	1.222670E+0
9.685546E-1	2.174657E-4	2.881999E+0	8.407873E-5	-1.309478E+2	-2.791167E+0	1.865868E+0
9.707031E-1	2.358283E-4	-1.591074E+1	9.118118E-5	-1.377096E+2	-2.362859E+0	2.198164E+0
9.728515E-1	2.423837E-4	-3.223829E+1	8.476858E-5	-1.445653E+2	-2.086248E+0	2.644994E+0
9.749999E-1	2.462653E-4	-4.873534E+1	8.766273E-5	-1.504883E+2	-1.572220E+0	2.750340E+0
9.771484E-1	2.511938E-4	-6.205368E+1	8.556760E-5	-1.567855E+2	-1.242165E+0	2.925613E+0
9.792968E-1	2.557802E-4	-7.313646E+1	8.759659E-5	-1.638405E+2	-1.035879E+0	2.919759E+0
9.814452E-1	2.733014E-4	-8.534650E+1	8.665365E-5	-1.679625E+2	-5.946584E-1	3.127796E+0
9.835937E-1	2.890597E-4	-9.711168E+1	9.047781E-5	-1.746942E+2	-3.130088E-1	3.120076E+0
9.857421E-1	3.108828E-4	-1.085901E+2	8.921771E-5	1.762877E+2	-1.053150E-1	3.367724E+0
9.878906E-1	3.278214E-4	-1.196881E+2	9.413429E-5	1.750212E+2	4.557300E-1	3.163631E+0
9.900390E-1	3.439580E-4	-1.325802E+2	8.837194E-5	1.668384E+2	9.117781E-1	3.390286E+0
9.921874E-1	3.522772E-4	-1.462929E+2	9.073218E-5	1.618373E+2	1.397317E+0	3.054095E+0
9.943359E-1	3.619717E-4	-1.571693E+2	9.285558E-5	1.528896E+2	1.508798E+0	2.983634E+0
9.964843E-1	3.735022E-4	-1.680538E+2	9.318559E-5	1.490145E+2	1.934635E+0	2.730058E+0
9.986327E-1	3.999547E-4	-1.786160E+2	8.634983E-5	1.355919E+2	2.229584E+0	3.320138E+0
1.000781E+0	4.101499E-4	1.719559E+2	8.253822E-5	1.341980E+2	2.928684E+0	3.042779E+0
1.002930E+0	4.324602E-4	1.605876E+2	9.275425E-5	1.295014E+2	2.992865E+0	2.407339E+0
1.005078E+0	4.620697E-4	1.491939E+2	9.160912E-5	1.210592E+2	3.447944E+0	2.378444E+0
1.007226E+0	4.820605E-4	1.361394E+2	9.593933E-5	1.148171E+2	3.680701E+0	1.827028E+0
1.009375E+0	5.110099E-4	1.219572E+2	9.055812E-5	1.089699E+2	4.498549E+0	1.268156E+0
1.011523E+0	5.394159E-4	1.082316E+2	9.689929E-5	1.020567E+2	4.534471E+0	5.987829E-1
1.013672E+0	5.518944E-4	9.530277E+1	9.164659E-5	9.675496E+1	5.020051E+0	-1.526139E-1
1.015820E+0	5.829239E-4	8.282185E+1	9.127767E-5	9.112585E+1	5.319315E+0	-9.223389E-1
1.017969E+0	6.097193E-4	6.905981E+1	9.062837E-5	8.459139E+1	5.482012E+0	-1.801469E+0
1.020117E+0	6.512813E-4	5.488998E+1	9.229367E-5	8.107224E+1	5.332575E+0	-3.113578E+0
1.022266E+0	6.758046E-4	3.895691E+1	8.697309E-5	7.405673E+1	5.357260E+0	-4.467927E+0
1.024414E+0	7.073141E-4	2.330922E+1	9.084750E-5	6.494717E+1	4.818729E+0	-5.173005E+0
1.026562E+0	7.393109E-4	6.065154E+0	9.301239E-5	6.171546E+1	3.484892E+0	-6.562372E+0
1.028711E+0	7.678499E-4	-1.230381E+1	9.013135E-5	5.542678E+1	2.228466E+0	-7.883801E+0
1.030859E+0	7.676143E-4	-3.344661E+1	8.589667E-5	4.774659E+1	3.682037E-1	-8.831126E+0
1.033008E+0	7.630670E-4	-5.385339E+1	9.397299E-5	4.261885E+1	-1.915309E+0	-8.068315E+0
1.035156E+0	7.646528E-4	-7.457798E+1	9.505337E-5	3.925244E+1	-4.250210E+0	-7.358630E+0
1.037305E+0	7.716451E-4	-9.731697E+1	9.050300E-5	3.286916E+1	-6.501713E+0	-6.513596E+0
1.039453E+0	7.524953E-4	-1.186072E+2	8.855835E-5	2.331163E+1	-7.688443E+0	-5.240861E+0
1.041601E+0	7.528305E-4	-1.426373E+2	9.393607E-5	2.274863E+1	-8.755001E+0	-2.022060E+0
1.043750E+0	7.536376E-4	-1.676893E+2	8.901692E-5	1.524564E+1	-9.455124E+0	4.334876E-1
1.045898E+0	7.369842E-4	1.700792E+2	9.090942E-5	8.298616E+0	-8.700372E+0	2.534645E+0
1.048047E+0	7.207986E-4	1.477022E+2	9.413021E-5	2.416692E+0	-7.294435E+0	4.360829E+0
1.050195E+0	7.258322E-4	1.241047E+2	9.618869E-5	-4.413810E+0	-5.699353E+0	5.903981E+0
1.052344E+0	7.783714E-4	1.007176E+2	9.082594E-5	-1.231546E+1	-4.353087E+0	7.886723E+0
1.054492E+0	8.207067E-4	7.490366E+1	9.226049E-5	-1.354434E+1	-7.590715E-1	8.892275E+0
1.056641E+0	8.583550E-4	4.564574E+1	9.970854E-5	-2.329065E+1	2.093982E+0	8.033428E+0
1.058789E+0	8.658836E-4	2.410177E+1	9.520610E-5	-2.781208E+1	4.610108E+0	7.158399E+0
1.060937E+0	8.957809E-4	1.241777E-1	9.948267E-5	-3.492609E+1	6.371432E+0	5.171176E+0
1.063086E+0	8.910612E-4	-2.251864E+1	1.008998E-4	-4.254142E+1	7.297364E+0	3.023730E+0
1.065234E+0	8.518664E-4	-4.292133E+1	9.836049E-5	-4.869773E+1	7.616680E+0	8.716647E-1
1.067383E+0	8.180510E-4	-6.614603E+1	9.467940E-5	-5.604525E+1	7.506305E+0	-1.515323E+0
1.069531E+0	7.694415E-4	-8.782656E+1	9.899562E-5	-6.382258E+1	6.100294E+0	-3.161846E+0
1.071680E+0	7.234073E-4	-1.093422E+2	9.686359E-5	-6.744760E+1	4.559219E+0	-4.987057E+0
1.073828E+0	6.544044E-4	-1.305424E+2	9.557777E-5	-7.444286E+1	2.818830E+0	-5.682919E+0
1.075976E+0	5.986573E-4	-1.525529E+2	1.003448E-4	-8.027753E+1	8.163050E-1	-5.682800E+0
1.078125E+0	5.750324E-4	-1.754879E+2	9.965096E-5	-8.261211E+1	-1.289510E+0	-5.763198E+0
1.080273E+0	5.517869E-4	1.576905E+2	1.016769E-4	-9.296759E+1	-2.797403E+0	-5.120568E+0
1.082422E+0	5.038253E-4	1.300576E+2	9.718846E-5	-1.003533E+2	-4.303648E+0	-3.994972E+0
1.084570E+0	4.579942E-4	9.893808E+1	9.217572E-5	-1.028987E+2	-5.612189E+0	-1.848179E+0
1.086719E+0	4.298846E-4	6.670218E+1	9.633981E-5	-1.076719E+2	-5.440676E+0	4.374404E-1
1.088867E+0	4.200933E-4	3.164830E+1	9.371032E-5	-1.150168E+2	-4.745335E+0	2.463492E+0
1.091016E+0	4.104621E-4	2.756929E-2	9.476579E-5	-1.196600E+2	-3.145180E+0	3.762797E+0
1.093164E+0	4.082258E-4	-2.519200E+1	9.900396E-5	-1.258687E+2	-1.763917E+0	4.051946E+0
1.095312E+0	4.380301E-4	-4.966671E+1	1.022641E-4	-1.343335E+2	-6.018750E-1	4.264780E+0
1.097461E+0	4.693011E-4	-7.585790E+1	1.018179E-4	-1.385852E+2	1.112065E+0	4.096839E+0
1.099609E+0	4.768274E-4	-9.695290E+1	9.479144E-5	-1.452267E+2	2.348011E+0	3.754268E+0
1.101758E+0	4.604670E-4	-1.192879E+2	9.796151E-5	-1.524229E+2	2.936119E+0	2.569351E+0
1.103906E+0	4.605804E-4	-1.429032E+2	1.006387E-4	-1.579198E+2	3.420287E+0	1.185785E+0
1.106055E+0	4.360540E-4	-1.630650E+2	9.818195E-5	-1.631072E+2	3.441284E+0	3.271134E-3
1.108203E+0	3.928845E-4	1.758392E+2	1.024434E-4	-1.676544E+2	2.677084E+0	-1.089649E+0
1.110351E+0	3.407347E-4	1.574119E+2	1.016860E-4	-1.758758E+2	1.993232E+0	-1.506244E+0
1.112500E+0	3.064535E-4	1.411001E+2	1.037894E-4	-1.792840E+2	1.274532E+0	-1.882720E+0
1.114648E+0	2.726132E-4	1.234387E+2	9.544865E-5	1.688872E+2	1.003714E+0	-2.035332E+0
1.116797E+0	2.219813E-4	1.068495E+2	9.708232E-5	1.652463E+2	1.982164E-1	-1.947429E+0
1.118945E+0	1.654376E-4	9.325867E+1	1.000305E-4	1.618553E+2	-3.964501E-1	-1.539811E+0
1.121094E+0	1.074846E-4	8.029075E+1	9.706961E-5	1.559826E+2	-7.263468E-1	-1.072946E+0
1.123242E+0	6.415530E-5	7.436912E+1	9.884109E-5	1.455304E+2	-7.904101E-1	-6.143051E-1
1.125391E+0	4.306320E-5	8.652310E+1	1.006085E-4	1.409475E+2	-7.509836E-1	-3.481355E-1
1.127539E+0	3.316042E-5	1.124037E+2	1.053955E-4	1.377704E+2	-7.157067E-1	-1.347900E-1
1.129687E+0	3.124665E-5	1.455344E+2	1.026315E-4	1.252832E+2	-7.143654E-1	1.053830E-1
1.131836E+0	4.938498E-5	1.535713E+2	1.063339E-4	1.224633E+2	-6.023547E-1	2.399507E-1
1.133984E+0	7.060450E-5	1.510302E+2	9.615799E-5	1.159456E+2	-3.991559E-1	4.220391E-1
1.136133E+0	8.925759E-5	1.399708E+2	1.056980E-4	1.103383E+2	-2.659842E-1	4.175299E-1
1.138281E+0	9.246321E-5	1.265879E+2	1.038349E-4	1.015174E+2	-1.934120E-1	3.773271E-1
1.140430E+0	1.006859E-4	1.193755E+2	1.001772E-4	9.657162E+1	-7.348200E-2	3.895461E-1
1.142578E+0	1.050211E-4	1.052789E+2	1.034255E-4	9.323146E+1	-6.937142E-3	2.119416E-1
1.144726E+0	1.007403E-4	1.047603E+2	1.045503E-4	8.493434E+1	-9.355459E-2	3.268044E-1
1.146875E+0	1.124420E-4	1.005894E+2	1.044091E-4	8.207233E+1	2.118277E-2	3.420213E-1
1.149023E+0	1.106976E-4	9.028075E+1	1.005312E-4	7.513089E+1	6.285778E-2	2.877735E-1
1.151172E+0	1.185369E-4	8.021046E+1	1.005650E-4	7.022903E+1	1.608683E-1	2.043045E-1
1.153320E+0	1.194158E-4	7.529469E+1	9.759849E-5	5.795182E+1	1.679169E-1	3.647245E-1
1.155469E+0	1.188199E-4	6.541154E+1	1.017622E-4	5.919115E+1	1.607487E-1	1.265156E-1
1.157617E+0	1.292320E-4	5.946713E+1	9.416954E-5	5.110169E+1	3.577321E-1	1.996557E-1
1.159766E+0	1.251190E-4	5.051867E+1	1.043646E-4	4.241007E+1	1.868787E-1	1.690996E-1
1.161914E+0	1.284971E-4	4.207604E+1	1.002743E-4	3.495597E+1	2.715741E-1	1.588353E-1
1.164062E+0	1.265659E-4	3.388270E+1	1.021886E-4	3.129577E+1	2.372898E-1	5.590218E-2
1.166211E+0	1.230266E-4	2.640160E+1	1.065820E-4	2.781161E+1	1.539411E-1	-2.840344E-2
1.168359E+0	1.139061E-4	2.279350E+1	1.025347E-4	1.886638E+1	1.082945E-1	7.608299E-2
1.170508E+0	1.205594E-4	1.448067E+1	9.852656E-5	1.530881E+1	2.234955E-1	-1.768535E-2
1.172656E+0	1.260177E-4	8.068077E+0	1.006583E-4	1.186356E+1	2.491896E-1	-8.287217E-2
1.174805E+0	1.180661E-4	-3.129500E-1	1.017247E-4	1.971201E+0	1.597212E-1	-4.625790E-2
1.176953E+0	1.192332E-4	-8.294084E+0	1.011256E-4	-2.602468E+0	1.732478E-1	-1.169323E-1
1.179101E+0	1.150052E-4	-1.265035E+1	1.039785E-4	-7.127534E+0	1.009136E-1	-1.064484E-1
1.181250E+0	1.098938E-4	-2.159480E+1	1.055478E-4	-1.617310E+1	3.651770E-2	-9.837586E-2
1.183398E+0	1.082891E-4	-2.822658E+1	1.062579E-4	-1.961636E+1	7.630007E-3	-1.525736E-1
1.185547E+0	9.954553E-5	-3.183948E+1	1.062250E-4	-2.770985E+1	-6.531346E-2	-6.748503E-2
1.187695E+0	9.604034E-5	-3.674366E+1	1.108338E-4	-3.466803E+1	-1.340428E-1	-3.138440E-2
1.189844E+0	1.006242E-4	-3.967048E+1	1.037647E-4	-4.107415E+1	-3.055659E-2	2.375482E-2
1.191992E+0	1.005400E-4	-4.344629E+1	1.106516E-4	-4.427048E+1	-9.147633E-2	1.306986E-2
1.194141E+0	1.049368E-4	-4.652604E+1	1.105067E-4	-5.157082E+1	-5.408175E-2	8.350212E-2
1.196289E+0	1.081665E-4	-5.470562E+1	1.144306E-4	-5.716922E+1	-5.561515E-2	4.063164E-2
1.198437E+0	1.025864E-4	-6.197716E+1	1.097128E-4	-6.627465E+1	-6.758400E-2	7.006763E-2
1.200586E+0	1.044296E-4	-6.612907E+1	1.084332E-4	-7.014210E+1	-3.928358E-2	6.739939E-2
1.202734E+0	9.828529E-5	-7.340520E+1	1.070358E-4	-7.736023E+1	-8.393993E-2	6.333469E-2
1.204883E+0	1.018489E-4	-7.563362E+1	1.022367E-4	-8.494389E+1	-1.691646E-2	1.611670E-1
1.207031E+0	1.067869E-4	-7.686360E+1	1.072087E-4	-9.041785E+1	-3.167635E-2	2.334439E-1
1.209180E+0	1.171533E-4	-8.337814E+1	1.037115E-4	-9.483743E+1	1.070901E-1	2.244210E-1
1.211328E+0	1.246451E-4	-8.859573E+1	1.112436E-4	-9.988686E+1	9.878314E-2	2.193816E-1
1.213476E+0	1.319225E-4	-9.556204E+1	1.101058E-4	-1.073485E+2	1.728810E-1	2.447384E-1
1.215625E+0	1.413313E-4	-1.053388E+2	1.103483E-4	-1.130516E+2	2.691877E-1	1.718896E-1
1.217773E+0	1.481288E-4	-1.140835E+2	1.078292E-4	-1.192216E+2	3.682155E-1	1.230271E-1
1.219922E+0	1.618463E-4	-1.229844E+2	1.053155E-4	-1.244540E+2	5.362702E-1	3.941299E-2
1.222070E+0	1.741464E-4	-1.336050E+2	1.119330E-4	-1.341119E+2	5.557484E-1	1.376418E-2
1.224219E+0	1.785219E-4	-1.455125E+2	1.052229E-4	-1.397078E+2	6.879074E-1	-1.715913E-1
1.226367E+0	1.852373E-4	-1.588394E+2	1.145312E-4	-1.441259E+2	5.643160E-1	-4.107846E-1
1.228516E+0	1.808318E-4	-1.763117E+2	1.085799E-4	-1.517009E+2	5.141348E-1	-6.935703E-1
1.230664E+0	1.778996E-4	1.648304E+2	1.115688E-4	-1.564654E+2	2.443452E-1	-9.970583E-1
1.232812E+0	1.696826E-4	1.451351E+2	1.118034E-4	-1.637845E+2	-4.654445E-2	-1.180804E+0
1.234961E+0	1.522876E-4	1.236131E+2	1.085226E-4	-1.681237E+2	-4.803044E-1	-1.303500E+0
1.237109E+0	1.410236E-4	8.339514E+1	1.119726E-4	-1.728982E+2	-1.298427E+0	-1.223580E+0
1.239258E+0	1.406012E-4	3.127551E+1	1.105808E-4	1.784142E+2	-2.068025E+0	-6.899140E-1
1.241406E+0	1.842472E-4	-2.926500E+1	1.132802E-4	1.746217E+2	-2.487162E+0	6.586067E-1
1.243555E+0	2.510394E-4	-8.052258E+1	1.117837E-4	1.684440E+2	-1.806031E+0	2.096128E+0
1.245703E+0	3.236039E-4	-1.144974E+2	1.060089E-4	1.614032E+2	-6.861826E-1	3.036437E+0
1.247851E+0	3.777208E-4	-1.462431E+2	1.154822E-4	1.546242E+2	6.780959E-1	2.807529E+0
1.250000E+0	4.092384E-4	-1.737671E+2	1.129671E-4	1.497356E+2	1.912180E+0	2.154688E+0
1.252148E+0	4.224281E-4	1.612247E+2	1.066587E-4	1.416536E+2	2.731744E+0	1.326694E+0
1.254297E+0	4.279676E-4	1.374105E+2	1.088751E-4	1.350831E+2	2.927570E+0	1.596288E-1
1.256445E+0	4.177986E-4	1.124339E+2	1.076247E-4	1.293343E+2	2.714338E+0	-1.128531E+0
1.258594E+0	3.942398E-4	8.796832E+1	1.108228E-4	1.242429E+2	1.867934E+0	-2.104749E+0
1.260742E+0	3.747357E-4	6.288673E+1	1.092698E-4	1.157431E+2	1.070756E+0	-2.733701E+0
1.262890E+0	3.362557E-4	3.094384E+1	1.147300E-4	1.124374E+2	-5.664679E-1	-2.898602E+0
1.265039E+0	2.757320E-4	-9.423309E+0	1.065203E-4	1.037316E+2	-2.017861E+0	-2.380020E+0
1.267187E+0	2.277016E-4	-5.813291E+1	1.080005E-4	1.015621E+2	-2.977324E+0	-7.316300E-1
1.269336E+0	2.160867E-4	-1.191374E+2	1.075920E-4	9.406377E+1	-2.680527E+0	1.099755E+0
1.271484E+0	2.302569E-4	-1.747929E+2	1.124110E-4	8.787564E+1	-1.261388E+0	2.031602E+0
1.273633E+0	2.544344E-4	1.409602E+2	1.066939E-4	8.286351E+1	2.602911E-1	2.024482E+0
1.275781E+0	2.515033E-4	1.083041E+2	1.102276E-4	7.337933E+1	8.707536E-1	1.306258E+0
1.277930E+0	2.343231E-4	8.588539E+1	1.103131E-4	6.995822E+1	1.042620E+0	5.829030E-1
1.280078E+0	2.078047E-4	6.508240E+1	1.118518E-4	6.091818E+1	8.529527E-1	1.349090E-1
1.282226E+0	1.777124E-4	5.064139E+1	1.137729E-4	5.833574E+1	5.479288E-1	-2.091328E-1
1.284375E+0	1.617398E-4	3.900782E+1	1.112026E-4	5.218039E+1	4.161910E-1	-3.314494E-1
1.286523E+0	1.396521E-4	3.267996E+1	1.112523E-4	4.411454E+1	2.303588E-1	-2.488567E-1
1.288672E+0	1.272872E-4	2.484066E+1	1.153376E-4	4.249413E+1	5.163451E-2	-3.346786E-1
1.290820E+0	1.225664E-4	1.913611E+1	1.160120E-4	3.616010E+1	1.020426E-2	-3.093130E-1
1.292969E+0	1.109029E-4	1.505506E+1	1.179452E-4	3.055215E+1	-9.389346E-2	-2.512360E-1
1.295117E+0	1.084772E-4	8.864262E+0	1.108948E-4	2.539094E+1	-6.221280E-2	-2.782603E-1
1.297265E+0	1.032388E-4	5.079139E+0	1.180013E-4	1.496600E+1	-1.380979E-1	-1.502223E-1
1.299414E+0	9.374075E-5	5.620188E+0	1.162612E-4	1.192928E+1	-1.985889E-1	-8.860533E-2
1.301562E+0	9.125876E-5	1.874116E-1	1.133103E-4	1.799598E+0	-1.949308E-1	-2.265899E-2
1.303711E+0	9.646331E-5	-3.911666E-1	1.154331E-4	-2.685864E-1	-1.643377E-1	-1.787842E-3
1.305859E+0	9.754168E-5	-4.897741E+0	1.163409E-4	-8.360901E+0	-1.631184E-1	5.064578E-2
1.308008E+0	9.757182E-5	-6.245962E+0	1.186266E-4	-1.403687E+1	-1.850802E-1	1.114984E-1
1.310156E+0	1.012952E-4	-1.392218E+1	1.173224E-4	-2.184524E+1	-1.448501E-1	1.190127E-1
1.312305E+0	1.076653E-4	-1.484904E+1	1.204967E-4	-2.645465E+1	-1.247549E-1	1.797513E-1
1.314453E+0	1.124246E-4	-2.244117E+1	1.203709E-4	-3.221083E+1	-7.955987E-2	1.584857E-1
1.316601E+0	1.212772E-4	-2.772538E+1	1.180963E-4	-3.946260E+1	5.462486E-3	2.089025E-1
1.318750E+0	1.259340E-4	-3.602668E+1	1.210300E-4	-4.667392E+1	2.260463E-2	1.922480E-1
1.320898E+0	1.338501E-4	-4.248589E+1	1.163269E-4	-5.122390E+1	1.372825E-1	1.748009E-1
1.323047E+0	1.323401E-4	-4.824594E+1	1.183946E-4	-5.887734E+1	9.860079E-2	2.062208E-1
1.325195E+0	1.419552E-4	-5.645431E+1	1.211319E-4	-6.234050E+1	1.657272E-1	1.201822E-1
1.327344E+0	1.357187E-4	-6.226204E+1	1.203844E-4	-6.888521E+1	1.198539E-1	1.300305E-1
1.329492E+0	1.431049E-4	-7.226376E+1	1.162216E-4	-7.768959E+1	2.257937E-1	1.164292E-1
1.331640E+0	1.468753E-4	-7.940810E+1	1.215560E-4	-8.293174E+1	2.060090E-1	7.426214E-2
1.333789E+0	1.440419E-4	-8.908415E+1	1.223759E-4	-9.024333E+1	1.768038E-1	2.381176E-2
1.335937E+0	1.499603E-4	-9.607121E+1	1.159936E-4	-9.786504E+1	2.921990E-1	4.046970E-2
1.338086E+0	1.442934E-4	-1.043988E+2	1.176267E-4	-1.014497E+2	2.250816E-1	-6.311254E-2
1.340234E+0	1.400323E-4	-1.137757E+2	1.142920E-4	-1.053809E+2	2.120878E-1	-1.788731E-1
1.342383E+0	1.393224E-4	-1.163704E+2	1.153664E-4	-1.141451E+2	2.067407E-1	-4.689196E-2
1.344531E+0	1.341603E-4	-1.275635E+2	1.205508E-4	-1.181302E+2	9.784472E-2	-1.824026E-1
1.346680E+0	1.305047E-4	-1.353886E+2	1.144029E-4	-1.264487E+2	1.268885E-1	-1.772701E-1
1.348828E+0	1.324661E-4	-1.433448E+2	1.235471E-4	-1.302793E+2	4.443449E-2	-2.423847E-1
1.350976E+0	1.197609E-4	-1.520116E+2	1.165542E-4	-1.374874E+2	-5.324927E-3	-2.576887E-1
1.353125E+0	1.096756E-4	-1.542740E+2	1.178644E-4	-1.450088E+2	-8.161635E-2	-1.498184E-1
1.355273E+0	1.075509E-4	-1.601519E+2	1.229364E-4	-1.508585E+2	-1.366331E-1	-1.412796E-1
1.357422E+0	9.872884E-5	-1.672308E+2	1.157957E-4	-1.557576E+2	-1.644247E-1	-1.695927E-1
1.359570E+0	9.200207E-5	-1.620227E+2	1.217114E-4	-1.629588E+2	-2.441974E-1	1.234942E-2
1.361719E+0	9.325509E-5	-1.713388E+2	1.226902E-4	-1.690361E+2	-2.405279E-1	-3.053940E-2
1.363867E+0	8.543216E-5	-1.696772E+2	1.143084E-4	-1.748941E+2	-2.557129E-1	6.795679E-2
1.366015E+0	9.006075E-5	-1.663309E+2	1.189206E-4	-1.788738E+2	-2.607561E-1	1.644672E-1
1.368164E+0	9.508945E-5	-1.640799E+2	1.207725E-4	1.723911E+2	-2.781177E-1	3.143179E-1
1.370312E+0	1.146379E-4	-1.647109E+2	1.201978E-4	1.689182E+2	-1.455052E-1	4.236341E-1
1.372461E+0	1.465221E-4	-1.698648E+2	1.154378E-4	1.601693E+2	9.960031E-2	6.339823E-1
1.374609E+0	1.742072E-4	-1.770765E+2	1.203639E-4	1.586320E+2	3.191966E-1	5.954045E-1
1.376758E+0	2.233508E-4	1.690188E+2	1.220102E-4	1.511904E+2	7.426821E-1	5.604670E-1
1.378906E+0	2.679698E-4	1.494256E+2	1.221457E-4	1.452250E+2	1.187960E+0	1.606968E-1
1.381055E+0	2.990958E-4	1.227395E+2	1.272267E-4	1.387770E+2	1.259395E+0	-6.494716E-1
1.383203E+0	2.935094E-4	9.199508E+1	1.197266E-4	1.330110E+2	8.497213E-1	-1.608841E+0
1.385351E+0	2.443251E-4	5.504541E+1	1.273869E-4	1.248627E+2	-3.382693E-1	-1.800207E+0
1.387500E+0	1.705003E-4	1.068896E+1	1.257070E-4	1.184823E+2	-1.414474E+0	-1.291451E+0
1.389648E+0	1.217316E-4	-5.395911E+1	1.251885E-4	1.129136E+2	-1.946976E+0	-2.208437E-1
1.391797E+0	1.543203E-4	-1.234925E+2	1.151739E-4	1.073914E+2	-1.845328E+0	1.039579E+0
1.393945E+0	2.244355E-4	-1.711348E+2	1.183512E-4	9.977106E+1	-9.700195E-1	1.896115E+0
1.396094E+0	2.898201E-4	1.517835E+2	1.219630E-4	9.295999E+1	2.301510E-1	2.033103E+0
1.398242E+0	3.392825E-4	1.179945E+2	1.182851E-4	8.996494E+1	1.531903E+0	1.347913E+0
1.400390E+0	3.467641E-4	8.845880E+1	1.215788E-4	8.238319E+1	1.836155E+0	3.018765E-1
1.402539E+0	3.218401E-4	5.941398E+1	1.224367E-4	7.659946E+1	1.511265E+0	-7.766690E-1
1.404687E+0	2.607413E-4	3.093546E+1	1.208530E-4	7.032212E+1	6.674976E-1	-1.369048E+0
1.406836E+0	1.720129E-4	6.087889E+0	1.200085E-4	6.428479E+1	-2.446277E-1	-1.218144E+0
1.408984E+0	8.083470E-5	-4.614366E+0	1.221408E-4	5.823111E+1	-6.979527E-1	-5.888696E-1
1.411133E+0	4.480501E-5	3.612305E+1	1.196358E-4	5.398987E+1	-6.435501E-1	-1.149023E-1
1.413281E+0	7.170232E-5	6.134599E+1	1.217481E-4	4.739571E+1	-4.284307E-1	1.419815E-1
1.415430E+0	9.413745E-5	5.895237E+1	1.220357E-4	4.060316E+1	-2.678284E-1	2.428404E-1
1.417578E+0	1.061988E-4	5.128365E+1	1.168178E-4	3.836576E+1	-1.139102E-1	2.032329E-1
1.419726E+0	1.144730E-4	4.126012E+1	1.206864E-4	2.793600E+1	-7.701606E-2	2.185945E-1
1.421875E+0	1.294211E-4	3.335231E+1	1.205656E-4	2.614288E+1	6.496301E-2	1.347142E-1
1.424023E+0	1.305145E-4	2.400015E+1	1.202124E-4	1.995847E+1	8.299906E-2	7.652240E-2
1.426172E+0	1.353021E-4	1.764737E+1	1.261651E-4	1.177877E+1	6.680042E-2	1.096522E-1
1.428320E+0	1.387616E-4	1.062375E+1	1.228223E-4	3.286639E+0	1.205246E-1	1.442803E-1
1.430469E+0	1.384402E-4	2.985178E+0	1.306240E-4	3.901275E-1	5.875052E-2	4.798593E-2
1.432617E+0	1.314734E-4	-4.259672E+0	1.240024E-4	-7.449992E+0	5.860564E-2	5.900584E-2
1.434765E+0	1.371549E-4	-1.097619E+1	1.223674E-4	-1.220441E+1	1.205876E-1	2.402514E-2
1.436914E+0	1.390480E-4	-1.580288E+1	1.269932E-4	-1.719952E+1	9.459949E-2	2.668721E-2
1.439062E+0	1.332223E-4	-2.499612E+1	1.278328E-4	-2.108099E+1	3.972843E-2	-7.115741E-2
1.441211E+0	1.372551E-4	-3.123714E+1	1.278222E-4	-2.980142E+1	7.345994E-2	-2.690443E-2
1.443359E+0	1.395278E-4	-3.596453E+1	1.281208E-4	-3.461497E+1	8.873108E-2	-2.564900E-2
1.445508E+0	1.294910E-4	-4.314550E+1	1.312397E-4	-4.112859E+1	-1.393574E-2	-3.472550E-2
1.447656E+0	1.351323E-4	-4.786894E+1	1.298990E-4	-4.766106E+1	4.028061E-2	-3.774353E-3
1.449805E+0	1.320963E-4	-5.416741E+1	1.325483E-4	-5.365229E+1	-3.450355E-3	-8.959761E-3
1.451953E+0	1.390289E-4	-5.989592E+1	1.368670E-4	-6.199636E+1	1.511313E-2	3.723031E-2
1.454101E+0	1.328063E-4	-6.789658E+1	1.267164E-4	-6.789944E+1	4.805929E-2	5.231536E-5
1.456250E+0	1.313516E-4	-7.357016E+1	1.374707E-4	-7.405435E+1	-4.454615E-2	8.074455E-3
1.458398E+0	1.343768E-4	-8.107649E+1	1.310493E-4	-8.261545E+1	2.502134E-2	2.753861E-2
1.460547E+0	1.316810E-4	-8.566389E+1	1.295612E-4	-8.311959E+1	1.535945E-2	-4.511813E-2
1.462695E+0	1.366999E-4	-9.260491E+1	1.397377E-4	-9.379972E+1	-2.195200E-2	2.039855E-2
1.464844E+0	1.396219E-4	-1.005326E+2	1.320706E-4	-9.932269E+1	5.694054E-2	-2.232264E-2
1.466992E+0	1.378981E-4	-1.051063E+2	1.300385E-4	-1.085679E+2	5.850578E-2	6.402894E-2
1.469140E+0	1.393083E-4	-1.111078E+2	1.362713E-4	-1.135544E+2	2.135455E-2	4.363962E-2
1.471289E+0	1.416962E-4	-1.177347E+2	1.321079E-4	-1.181293E+2	7.255387E-2	7.386870E-3
1.473437E+0	1.418158E-4	-1.252542E+2	1.262864E-4	-1.233612E+2	1.223568E-1	-3.709514E-2
1.475586E+0	1.373507E-4	-1.297672E+2	1.299360E-4	-1.292745E+2	5.702516E-2	-9.089834E-3
1.477734E+0	1.364753E-4	-1.403027E+2	1.318998E-4	-1.392621E+2	3.451857E-2	-1.879088E-2
1.479883E+0	1.336642E-4	-1.439833E+2	1.336098E-4	-1.436617E+2	3.913966E-4	-5.615235E-3
1.482031E+0	1.330343E-4	-1.519058E+2	1.284162E-4	-1.510160E+2	3.583705E-2	-1.608778E-2
1.484180E+0	1.386054E-4	-1.595729E+2	1.308096E-4	-1.554953E+2	5.691434E-2	-7.534525E-2
1.486328E+0	1.336221E-4	-1.661345E+2	1.305698E-4	-1.589852E+2	1.542024E-2	-1.273646E-1
1.488476E+0	1.333091E-4	-1.730597E+2	1.354217E-4	-1.695293E+2	-1.746829E-2	-6.061749E-2
1.490625E+0	1.254880E-4	1.784030E+2	1.239094E-4	-1.742275E+2	4.374299E-3	-1.299018E-1
1.492773E+0	1.267137E-4	1.731717E+2	1.244117E-4	1.789838E+2	1.326731E-2	-1.031401E-1
1.494922E+0	1.163715E-4	1.666461E+2	1.236847E-4	1.764374E+2	-7.283276E-2	-1.600046E-1
1.497070E+0	1.084052E-4	1.632794E+2	1.302085E-4	1.674589E+2	-1.696632E-1	-6.067744E-2
1.499219E+0	9.656421E-5	1.617708E+2	1.227542E-4	1.637357E+2	-2.138156E-1	-2.697196E-2
1.501367E+0	9.355145E-5	1.739308E+2	1.250719E-4	1.581595E+2	-2.801770E-1	2.033000E-1
1.503515E+0	1.284556E-4	-1.793771E+2	1.296779E-4	1.520613E+2	-1.299750E-1	4.735969E-1
1.505664E+0	1.767852E-4	1.700901E+2	1.266069E-4	1.452129E+2	2.667680E-1	5.874015E-1
1.507812E+0	2.145673E-4	1.504729E+2	1.250836E-4	1.399624E+2	6.866094E-1	3.129143E-1
1.509961E+0	2.241560E-4	1.289542E+2	1.281662E-4	1.343753E+2	7.411252E-1	-1.652317E-1
1.512109E+0	2.056067E-4	1.048293E+2	1.306779E-4	1.284808E+2	4.412250E-1	-6.311990E-1
1.514258E+0	1.689778E-4	8.081611E+1	1.265706E-4	1.197125E+2	3.904462E-2	-8.382952E-1
1.516406E+0	8.605717E-5	5.624173E+1	1.272337E-4	1.187098E+2	-6.873524E-1	-5.997742E-1
1.518554E+0	2.626235E-5	1.215260E+2	1.368211E-4	1.079421E+2	-8.134227E-1	4.508231E-2
1.520703E+0	8.850092E-5	1.558770E+2	1.305832E-4	1.036211E+2	-5.851336E-1	5.359214E-1
1.522851E+0	1.549044E-4	1.323462E+2	1.301857E-4	9.750977E+1	-2.336901E-2	6.796976E-1
1.525000E+0	1.820014E-4	1.081966E+2	1.345803E-4	9.087582E+1	2.910371E-1	4.026270E-1
1.527148E+0	1.809917E-4	8.770584E+1	1.343912E-4	8.535509E+1	3.456193E-1	5.523951E-2
1.529297E+0	1.712945E-4	7.516107E+1	1.351728E-4	8.046709E+1	2.617960E-1	-1.171870E-1
1.531445E+0	1.502730E-4	6.551174E+1	1.388066E-4	7.155974E+1	7.658121E-2	-1.140652E-1
1.533594E+0	1.440549E-4	5.817043E+1	1.338892E-4	6.553739E+1	6.704473E-2	-1.379593E-1
1.535742E+0	1.324185E-4	5.540799E+1	1.329100E-4	5.885655E+1	-5.502089E-3	-5.992995E-2
1.537890E+0	1.249806E-4	5.113074E+1	1.359732E-4	5.450210E+1	-8.243461E-2	-5.405317E-2
1.540039E+0	1.265560E-4	4.659533E+1	1.373359E-4	4.895743E+1	-7.927594E-2	-3.797968E-2
1.542187E+0	1.308344E-4	4.575481E+1	1.329630E-4	4.095102E+1	-1.946541E-2	8.240311E-2
1.544336E+0	1.262076E-4	3.852586E+1	1.294097E-4	3.810902E+1	-2.476970E-2	7.095150E-3
1.546484E+0	1.263685E-4	3.025925E+1	1.359088E-4	3.049297E+1	-7.020407E-2	-3.792829E-3
1.548633E+0	1.354459E-4	2.614429E+1	1.324243E-4	2.041762E+1	1.771292E-2	1.020597E-1
1.550781E+0	1.316425E-4	2.229732E+1	1.344988E-4	1.880202E+1	-2.305731E-2	5.967194E-2
1.552929E+0	1.325973E-4	1.616884E+1	1.321607E-4	1.172098E+1	2.819245E-4	7.780805E-2
1.555078E+0	1.377467E-4	1.241279E+1	1.321181E-4	6.922036E+0	3.781897E-2	9.976157E-2
1.557226E+0	1.446809E-4	3.702337E+0	1.330312E-4	2.797987E+0	8.743572E-2	1.716539E-2
1.559375E+0	1.418560E-4	-2.405798E+0	1.325972E-4	-6.661329E+0	6.687703E-2	7.938622E-2
1.561523E+0	1.456606E-4	-1.103287E+1	1.299517E-4	-1.092041E+1	1.208804E-1	-2.200064E-3
1.563672E+0	1.446595E-4	-1.489443E+1	1.339738E-4	-1.709459E+1	7.896364E-2	4.145262E-2
1.565820E+0	1.456771E-4	-2.342643E+1	1.414977E-4	-2.449029E+1	2.935941E-2	1.911520E-2
1.567969E+0	1.500412E-4	-2.955277E+1	1.417211E-4	-2.972252E+1	5.870291E-2	3.136624E-3
1.570117E+0	1.457085E-4	-3.376621E+1	1.371591E-4	-3.508194E+1	6.205190E-2	2.439306E-2
1.572265E+0	1.485763E-4	-4.300312E+1	1.416756E-4	-4.163382E+1	4.840828E-2	-2.506046E-2
1.574414E+0	1.500766E-4	-4.790061E+1	1.420965E-4	-5.021735E+1	5.529645E-2	4.269391E-2
1.576562E+0	1.440358E-4	-5.527407E+1	1.458208E-4	-5.398707E+1	-1.249023E-2	-2.218556E-2
1.578711E+0	1.511978E-4	-6.325457E+1	1.410402E-4	-6.098129E+1	7.117551E-2	-4.252251E-2
1.580859E+0	1.485501E-4	-7.037600E+1	1.399118E-4	-6.547775E+1	5.786346E-2	-9.065834E-2
1.583008E+0	1.451142E-4	-7.358150E+1	1.442775E-4	-7.253294E+1	5.630815E-3	-1.840593E-2
1.585156E+0	1.425128E-4	-7.704295E+1	1.430011E-4	-7.860281E+1	-3.783963E-3	2.712838E-2
1.587304E+0	1.416447E-4	-8.458125E+1	1.438929E-4	-8.384697E+1	-1.570496E-2	-1.261503E-2
1.589453E+0	1.486847E-4	-9.252327E+1	1.443703E-4	-9.508815E+1	2.885251E-2	4.608799E-2
1.591601E+0	1.461909E-4	-9.784013E+1	1.420475E-4	-9.928571E+1	2.884157E-2	2.596332E-2
1.593750E+0	1.399321E-4	-1.029774E+2	1.419542E-4	-1.065624E+2	-1.617373E-2	6.163852E-2
1.595898E+0	1.459653E-4	-1.098519E+2	1.423394E-4	-1.117278E+2	2.492404E-2	3.356866E-2
1.598047E+0	1.509715E-4	-1.157091E+2	1.393059E-4	-1.193101E+2	8.160119E-2	6.806753E-2
1.600195E+0	1.583264E-4	-1.236387E+2	1.449280E-4	-1.254987E+2	9.187307E-2	3.545807E-2
1.602344E+0	1.545737E-4	-1.308995E+2	1.458815E-4	-1.321961E+2	5.931268E-2	2.397627E-2
1.604492E+0	1.563006E-4	-1.424693E+2	1.436291E-4	-1.405806E+2	8.763257E-2	-3.586575E-2
1.606640E+0	1.520534E-4	-1.479646E+2	1.411468E-4	-1.443038E+2	7.507319E-2	-6.878329E-2
1.608789E+0	1.434634E-4	-1.563585E+2	1.416410E-4	-1.505933E+2	7.743156E-3	-1.017445E-1
1.610937E+0	1.242176E-4	-1.656464E+2	1.426669E-4	-1.557188E+2	-1.423546E-1	-1.501088E-1
1.613086E+0	1.153671E-4	-1.669623E+2	1.435735E-4	-1.606528E+2	-2.013269E-1	-8.830837E-2
1.615234E+0	1.115074E-4	-1.580685E+2	1.382324E-4	-1.665451E+2	-2.021457E-1	1.189070E-1
1.617383E+0	1.304968E-4	-1.568584E+2	1.384081E-4	-1.716042E+2	-8.821207E-2	2.399823E-1
1.619531E+0	1.593266E-4	-1.621379E+2	1.402505E-4	-1.785528E+2	8.971113E-2	3.210274E-1
1.621679E+0	1.749381E-4	1.797090E+2	1.369032E-4	1.751202E+2	2.737273E-1	1.022311E-1
1.623828E+0	1.768443E-4	1.666288E+2	1.411615E-4	1.707780E+2	2.494965E-1	-9.064354E-2
1.625976E+0	1.643570E-4	1.543051E+2	1.435986E-4	1.627158E+2	1.322488E-1	-1.674120E-1
1.628125E+0	1.396073E-4	1.453432E+2	1.437593E-4	1.577077E+2	-5.140657E-2	-2.079457E-1
1.630273E+0	1.137709E-4	1.470408E+2	1.389234E-4	1.504206E+2	-1.824774E-1	-4.828056E-2
1.632422E+0	1.238584E-4	1.480175E+2	1.397058E-4	1.465920E+2	-1.137085E-1	2.205519E-2
1.634570E+0	1.340159E-4	1.453121E+2	1.352867E-4	1.421477E+2	-1.090381E-2	5.468260E-2
1.636719E+0	1.407825E-4	1.397882E+2	1.435544E-4	1.365173E+2	-2.090668E-2	5.595525E-2
1.638867E+0	1.503278E-4	1.337911E+2	1.435796E-4	1.283132E+2	4.221816E-2	9.994848E-2
1.641015E+0	1.516665E-4	1.248230E+2	1.492063E-4	1.242520E+2	1.643810E-2	1.012998E-2
1.643164E+0	1.462941E-4	1.212807E+2	1.387038E-4	1.164420E+2	5.096417E-2	8.896684E-2
1.645312E+0	1.462664E-4	1.104429E+2	1.438801E-4	1.103259E+2	1.658322E-2	2.075902E-3
1.647461E+0	1.510838E-4	1.045090E+2	1.439892E-4	1.046601E+2	4.926810E-2	-2.767128E-3
1.649609E+0	1.516518E-4	9.799220E+1	1.504156E-4	9.925057E+1	7.975410E-3	-2.214142E-2
1.651758E+0	1.452825E-4	9.274747E+1	1.370957E-4	9.163743E+1	5.951708E-2	2.052950E-2
1.653906E+0	1.542935E-4	8.535783E+1	1.513111E-4	8.709386E+1	1.924234E-2	-3.089193E-2
1.656054E+0	1.511930E-4	8.038104E+1	1.491031E-4	8.004564E+1	1.399910E-2	5.935851E-3
1.658203E+0	1.468999E-4	7.442024E+1	1.481272E-4	7.245599E+1	-8.868170E-3	3.399192E-2
1.660351E+0	1.462169E-4	6.605620E+1	1.526508E-4	6.669888E+1	-4.220809E-2	-1.074389E-2
1.662500E+0	1.490366E-4	6.055554E+1	1.387251E-4	5.923115E+1	7.404346E-2	2.483090E-2
1.664648E+0	1.534770E-4	5.326534E+1	1.461010E-4	5.421082E+1	5.034260E-2	-1.733405E-2
1.666797E+0	1.532163E-4	4.583192E+1	1.471197E-4	4.753391E+1	4.098027E-2	-3.093176E-2
1.668945E+0	1.456500E-4	4.469051E+1	1.505162E-4	4.243251E+1	-3.308143E-2	3.812555E-2
1.671094E+0	1.469124E-4	3.320600E+1	1.525444E-4	3.434319E+1	-3.711009E-2	-1.911367E-2
1.673242E+0	1.545072E-4	3.004667E+1	1.468094E-4	2.911111E+1	5.229367E-2	1.718401E-2
1.675390E+0	1.531374E-4	2.405436E+1	1.436492E-4	2.144024E+1	6.494181E-2	4.862171E-2
1.677539E+0	1.511663E-4	1.743436E+1	1.445097E-4	1.554466E+1	4.549445E-2	3.449447E-2
1.679687E+0	1.465875E-4	1.216739E+1	1.417067E-4	1.245176E+1	3.443023E-2	-5.134119E-3
1.681836E+0	1.458073E-4	3.786216E+0	1.405351E-4	5.878691E+0	3.682337E-2	-3.788223E-2
1.683984E+0	1.416319E-4	-4.950673E-1	1.403271E-4	-1.794036E+0	9.038903E-3	2.288012E-2
1.686133E+0	1.472741E-4	-8.014708E+0	1.425112E-4	-6.112904E+0	3.285200E-2	-3.429579E-2
1.688281E+0	1.457062E-4	-1.233773E+1	1.443975E-4	-1.381810E+1	8.726386E-3	2.606860E-2
1.690429E+0	1.460741E-4	-1.671443E+1	1.472254E-4	-1.856816E+1	-8.339225E-3	3.209509E-2
1.692578E+0	1.466131E-4	-2.689960E+1	1.320433E-4	-2.471123E+1	1.095313E-1	-4.239835E-2
1.694726E+0	1.427714E-4	-3.286428E+1	1.402612E-4	-2.990042E+1	1.653502E-2	-5.263141E-2
1.696875E+0	1.426079E-4	-3.346809E+1	1.436639E-4	-3.693754E+1	-9.169810E-3	6.007150E-2
1.699023E+0	1.427363E-4	-3.962520E+1	1.412444E-4	-3.898272E+1	1.049901E-2	-1.133160E-2
1.701172E+0	1.438480E-4	-4.543675E+1	1.410194E-4	-4.565697E+1	2.005070E-2	3.920650E-3
1.703320E+0	1.480895E-4	-5.031260E+1	1.485798E-4	-5.272647E+1	-4.184318E-3	4.197853E-2
1.705469E+0	1.526440E-4	-5.550656E+1	1.481455E-4	-5.682956E+1	3.009074E-2	2.378975E-2
1.707617E+0	1.589036E-4	-6.530888E+1	1.548877E-4	-6.283337E+1	2.497040E-2	-4.431224E-2
1.709765E+0	1.596016E-4	-7.126874E+1	1.515238E-4	-6.746481E+1	5.098991E-2	-6.987908E-2
1.711914E+0	1.576063E-4	-7.892254E+1	1.575651E-4	-7.785889E+1	8.912446E-5	-1.856798E-2
1.714062E+0	1.469099E-4	-8.500647E+1	1.495299E-4	-8.245628E+1	-1.849460E-2	-4.371490E-2
1.716211E+0	1.443388E-4	-9.204817E+1	1.588784E-4	-8.825317E+1	-9.350610E-2	-6.012980E-2
1.718359E+0	1.467549E-4	-9.678649E+1	1.494453E-4	-9.430658E+1	-1.892226E-2	-4.249013E-2
1.720508E+0	1.533997E-4	-9.770058E+1	1.483370E-4	-1.027828E+2	3.006414E-2	9.160859E-2
1.722656E+0	1.590544E-4	-1.055558E+2	1.579066E-4	-1.083625E+2	6.060552E-3	4.932250E-2
1.724804E+0	1.647204E-4	-1.170959E+2	1.615448E-4	-1.167040E+2	1.963385E-2	-6.974349E-3
1.726953E+0	1.620635E-4	-1.219282E+2	1.607422E-4	-1.222070E+2	8.208058E-3	4.905957E-3
1.729101E+0	1.641855E-4	-1.285342E+2	1.522228E-4	-1.274978E+2	7.841033E-2	-1.950905E-2
1.731250E+0	1.626339E-4	-1.361794E+2	1.551742E-4	-1.379578E+2	4.756824E-2	3.252585E-2
1.733398E+0	1.552395E-4	-1.429507E+2	1.620860E-4	-1.409179E+2	-4.284266E-2	-3.397329E-2
1.735547E+0	1.601479E-4	-1.459069E+2	1.558762E-4	-1.477643E+2	2.686463E-2	3.330030E-2
1.737695E+0	1.550674E-4	-1.571088E+2	1.580283E-4	-1.528768E+2	-2.141201E-2	-7.241253E-2
1.739844E+0	1.589749E-4	-1.596393E+2	1.555334E-4	-1.634234E+2	1.989866E-2	6.745732E-2
1.741992E+0	1.552952E-4	-1.658683E+2	1.572871E-4	-1.664067E+2	-1.270769E-2	9.277713E-3
1.744140E+0	1.488973E-4	-1.721201E+2	1.492077E-4	-1.762521E+2	-4.674219E-3	7.190461E-2
1.746289E+0	1.511859E-4	-1.787667E+2	1.454970E-4	1.789204E+2	3.825326E-2	4.193470E-2
1.748437E+0	1.514356E-4	1.742528E+2	1.551079E-4	1.720119E+2	-2.442241E-2	3.817536E-2
1.750586E+0	1.472729E-4	1.685101E+2	1.547822E-4	1.677906E+2	-4.859029E-2	1.194809E-2
1.752734E+0	1.511921E-4	1.629217E+2	1.508449E-4	1.619166E+2	2.147486E-3	1.758178E-2
1.754883E+0	1.524928E-4	1.600061E+2	1.470452E-4	1.555522E+2	3.391537E-2	8.053392E-2
1.757031E+0	1.427132E-4	1.513380E+2	1.407278E-4	1.525807E+2	1.386957E-2	-2.199348E-2
1.759179E+0	1.471390E-4	1.443581E+2	1.431077E-4	1.461461E+2	2.766909E-2	-3.208036E-2
1.761328E+0	1.482618E-4	1.399691E+2	1.433525E-4	1.385119E+2	3.391188E-2	2.630109E-2
1.763476E+0	1.430307E-4	1.327868E+2	1.509391E-4	1.323294E+2	-5.242484E-2	7.564782E-3
1.765625E+0	1.479900E-4	1.281500E+2	1.379326E-4	1.258529E+2	7.205315E-2	4.300375E-2
1.767773E+0	1.522428E-4	1.253656E+2	1.430761E-4	1.244056E+2	6.391934E-2	1.782781E-2
1.769922E+0	1.479554E-4	1.148408E+2	1.421400E-4	1.169947E+2	4.017776E-2	-3.912147E-2
1.772070E+0	1.491525E-4	1.108296E+2	1.463429E-4	1.128094E+2	1.859035E-2	-3.521041E-2
1.774219E+0	1.500003E-4	1.047701E+2	1.511403E-4	1.045146E+2	-7.552528E-3	4.425666E-3
1.776367E+0	1.495903E-4	1.016734E+2	1.446039E-4	9.865560E+1	3.304857E-2	5.446160E-2
1.778515E+0	1.514625E-4	9.383662E+1	1.461299E-4	9.528291E+1	3.616199E-2	-2.616090E-2
1.780664E+0	1.472166E-4	9.057630E+1	1.401541E-4	8.861796E+1	4.977747E-2	3.589483E-2
1.782812E+0	1.485495E-4	8.403142E+1	1.493160E-4	8.437932E+1	-5.151748E-3	-6.040793E-3
1.784961E+0	1.503691E-4	7.797228E+1	1.537578E-4	7.570101E+1	-2.280750E-2	3.875733E-2
1.787109E+0	1.476994E-4	7.007696E+1	1.507136E-4	7.074777E+1	-2.006669E-2	-1.147343E-2
1.789258E+0	1.482940E-4	6.541032E+1	1.553023E-4	6.480473E+1	-4.518016E-2	1.009238E-2
1.791406E+0	1.541766E-4	5.734113E+1	1.552121E-4	5.811907E+1	-6.763075E-3	-1.348662E-2
1.793554E+0	1.495923E-4	5.230669E+1	1.533717E-4	5.094227E+1	-2.491864E-2	2.322461E-2
1.795703E+0	1.504806E-4	4.676653E+1	1.562159E-4	4.679232E+1	-3.671403E-2	-4.335947E-4
1.797851E+0	1.523879E-4	4.107634E+1	1.571177E-4	3.996333E+1	-3.028654E-2	1.883972E-2
1.800000E+0	1.586225E-4	3.521277E+1	1.567191E-4	3.302287E+1	1.140609E-2	3.867575E-2
