4.035156E-1	4.176917E-5	3.406112E+1	4.258224E-5	2.333601E+1	-3.622923E-2	1.825439E-1
4.070313E-1	3.650457E-5	9.534154E+0	4.396255E-5	1.767853E+1	-1.780187E-1	-1.176349E-1
4.105469E-1	4.747654E-5	9.241819E+0	3.903948E-5	8.549260E+0	2.160273E-1	1.469937E-2
4.140625E-1	3.788401E-5	4.337038E+0	5.337194E-5	-7.015712E-1	-2.929315E-1	6.234062E-2
4.175781E-1	3.134132E-5	-9.425176E+0	4.819626E-5	-5.284805E+0	-3.514118E-1	-4.695075E-2
4.210938E-1	4.076371E-5	-2.523128E+1	4.296197E-5	-2.578366E+1	-5.121167E-2	9.147409E-3
4.246094E-1	4.274140E-5	-2.054239E+1	4.351904E-5	-3.940385E+1	-7.060642E-2	3.175043E-1
4.281250E-1	3.140220E-5	-3.796148E+1	4.148400E-5	-3.787490E+1	-2.430295E-1	-1.143864E-3
4.316406E-1	4.026081E-5	-4.741265E+1	4.348351E-5	-4.914749E+1	-7.453755E-2	2.803034E-2
4.351563E-1	5.350722E-5	-6.144927E+1	5.049890E-5	-6.514368E+1	5.737010E-2	6.827347E-2
4.386719E-1	3.777847E-5	-7.704456E+1	3.938889E-5	-7.858829E+1	-4.123324E-2	2.583847E-2
4.421875E-1	4.010897E-5	-8.008884E+1	5.110233E-5	-7.745583E+1	-2.159531E-1	-3.605602E-2
4.457031E-1	4.693177E-5	-8.646038E+1	4.084517E-5	-9.188323E+1	1.438738E-1	1.085882E-1
4.492188E-1	4.780518E-5	-1.023325E+2	4.361644E-5	-8.915440E+1	6.717292E-2	-2.498728E-1
4.527344E-1	4.682841E-5	-1.153066E+2	4.308518E-5	-1.094062E+2	8.112158E-2	-1.117307E-1
4.562500E-1	4.610512E-5	-1.238963E+2	4.875262E-5	-1.185522E+2	-5.841542E-2	-8.807918E-2
4.597656E-1	4.833774E-5	-1.175301E+2	4.737194E-5	-1.399585E+2	-5.679755E-2	3.893071E-1
4.632813E-1	4.511906E-5	-1.359078E+2	4.848200E-5	-1.359905E+2	-6.936568E-2	1.343267E-3
4.667969E-1	4.328380E-5	-1.478165E+2	4.082413E-5	-1.460159E+2	5.972688E-2	-3.331437E-2
4.703125E-1	4.833993E-5	-1.641899E+2	4.570663E-5	-1.560555E+2	4.697232E-2	-1.496476E-1
4.738281E-1	4.625496E-5	-1.665938E+2	4.661589E-5	-1.705798E+2	-1.014284E-2	6.897451E-2
4.773438E-1	4.817818E-5	-1.753768E+2	5.226868E-5	1.784994E+2	-8.351882E-2	9.832864E-2
4.808594E-1	5.140005E-5	1.689042E+2	5.179992E-5	1.753984E+2	-1.408667E-2	-1.122295E-1
4.843750E-1	3.964944E-5	1.574816E+2	5.083897E-5	1.545380E+2	-2.211265E-1	4.005027E-2
4.878906E-1	4.825103E-5	1.506864E+2	4.212053E-5	1.552183E+2	1.419650E-1	-9.051436E-2
4.914063E-1	4.667801E-5	1.475145E+2	5.623097E-5	1.435246E+2	-1.718998E-1	5.775972E-2
4.949219E-1	4.938219E-5	1.311469E+2	4.563733E-5	1.263065E+2	7.819791E-2	9.130447E-2
4.984375E-1	4.516153E-5	1.203701E+2	5.155284E-5	1.197689E+2	-1.240241E-1	9.191882E-3
5.019531E-1	4.975950E-5	1.144820E+2	4.425714E-5	1.077062E+2	1.164741E-1	1.326532E-1
5.054688E-1	4.524870E-5	1.026896E+2	5.076394E-5	1.039958E+2	-1.088765E-1	-2.031890E-2
5.089844E-1	4.602554E-5	9.792158E+1	4.797802E-5	9.515858E+1	-4.181052E-2	4.624305E-2
5.125000E-1	5.515632E-5	7.603387E+1	4.544746E-5	8.375997E+1	2.026110E-1	-1.631573E-1
5.160156E-1	5.026236E-5	7.432516E+1	6.081448E-5	8.133431E+1	-1.796899E-1	-1.008544E-1
5.195312E-1	5.136941E-5	6.235252E+1	4.773519E-5	7.267685E+1	5.870929E-2	-1.928645E-1
5.230469E-1	5.022653E-5	4.919342E+1	5.644677E-5	5.386990E+1	-1.131588E-1	-7.254512E-2
5.265625E-1	5.319274E-5	4.754871E+1	5.589145E-5	4.585435E+1	-4.870096E-2	2.814017E-2
5.300781E-1	5.833884E-5	3.243589E+1	5.468725E-5	3.719435E+1	6.309536E-2	-8.849447E-2
5.335937E-1	5.424686E-5	2.603352E+1	6.003679E-5	2.422817E+1	-9.688821E-2	2.846584E-2
5.371094E-1	5.066491E-5	1.657177E+1	5.154260E-5	1.088151E+1	-2.187209E-2	9.746221E-2
5.406250E-1	5.474568E-5	7.209751E+0	5.110929E-5	-9.567463E-2	6.245414E-2	1.362058E-1
5.441406E-1	5.112187E-5	-1.595054E+1	5.321817E-5	-1.219666E+1	-4.145168E-2	-6.289177E-2
5.476563E-1	5.563863E-5	-2.393169E+1	5.086810E-5	-2.138837E+1	9.270493E-2	-4.853630E-2
5.511719E-1	5.443384E-5	-2.096371E+1	4.999957E-5	-3.575278E+1	5.262028E-2	2.778995E-1
5.546875E-1	5.545177E-5	-4.321748E+1	5.452130E-5	-4.055659E+1	1.596957E-2	-4.721689E-2
5.582031E-1	6.406893E-5	-5.231544E+1	5.719978E-5	-4.383901E+1	1.078553E-1	-1.651042E-1
5.617188E-1	5.166724E-5	-6.769500E+1	5.886946E-5	-5.346272E+1	-1.492802E-1	-2.157753E-1
5.652344E-1	5.269210E-5	-6.715429E+1	5.464042E-5	-6.551740E+1	-3.605064E-2	-2.754668E-2
5.687500E-1	5.398931E-5	-8.494917E+1	5.919904E-5	-8.386096E+1	-8.816811E-2	-1.732037E-2
5.722656E-1	4.960182E-5	-9.042116E+1	5.263331E-5	-8.634738E+1	-5.997749E-2	-6.694928E-2
5.757813E-1	6.000302E-5	-1.022196E+2	5.827049E-5	-1.009315E+2	2.947233E-2	-2.314807E-2
5.792969E-1	5.264614E-5	-1.135027E+2	5.893859E-5	-1.068476E+2	-1.127817E-1	-1.035194E-1
5.828125E-1	6.230196E-5	-1.188208E+2	6.325934E-5	-1.195139E+2	-1.520627E-2	1.191351E-2
5.863281E-1	5.335226E-5	-1.357699E+2	5.563260E-5	-1.370224E+2	-4.121841E-2	2.096254E-2
5.898437E-1	5.121481E-5	-1.366031E+2	5.936313E-5	-1.396082E+2	-1.384487E-1	4.522889E-2
5.933594E-1	5.862915E-5	-1.493430E+2	5.728452E-5	-1.467840E+2	2.245220E-2	-4.569615E-2
5.968750E-1	5.612754E-5	-1.606189E+2	5.702918E-5	-1.556765E+2	-1.946955E-2	-8.479210E-2
6.003906E-1	5.998134E-5	-1.680383E+2	4.910181E-5	-1.717543E+2	2.190026E-1	7.917120E-2
6.039063E-1	5.037043E-5	1.772973E+2	5.706028E-5	1.799112E+2	-1.181603E-1	-4.025849E-2
6.074219E-1	5.722577E-5	1.696286E+2	4.756862E-5	1.722816E+2	2.017257E-1	-5.568401E-2
6.109375E-1	5.659906E-5	1.625774E+2	5.937485E-5	1.604413E+2	-4.741267E-2	3.553080E-2
6.144531E-1	5.776896E-5	1.532278E+2	5.897014E-5	1.484158E+2	-2.382218E-2	8.217784E-2
6.179688E-1	5.327660E-5	1.393046E+2	5.329209E-5	1.377994E+2	-6.356169E-4	2.626004E-2
6.214844E-1	6.060503E-5	1.313945E+2	6.454878E-5	1.307676E+2	-6.115340E-2	1.027277E-2
6.250000E-1	6.215716E-5	1.191513E+2	6.087502E-5	1.184200E+2	2.097867E-2	1.303206E-2
6.285156E-1	6.421521E-5	1.145433E+2	5.920364E-5	1.136129E+2	8.450669E-2	1.761236E-2
6.320313E-1	5.827238E-5	1.026988E+2	6.249128E-5	1.058656E+2	-6.893578E-2	-5.151340E-2
6.355469E-1	6.191013E-5	9.656079E+1	5.993276E-5	9.520479E+1	3.270386E-2	2.444522E-2
6.390625E-1	6.091291E-5	8.611848E+1	5.787014E-5	8.060345E+1	4.770691E-2	1.011601E-1
6.425781E-1	6.389055E-5	7.801298E+1	6.088487E-5	7.488776E+1	4.780597E-2	5.720972E-2
6.460938E-1	5.608697E-5	6.405814E+1	5.928549E-5	6.032383E+1	-5.595980E-2	6.161604E-2
6.496094E-1	5.767957E-5	4.602532E+1	6.638143E-5	5.490761E+1	-1.415091E-1	-1.341642E-1
6.531250E-1	6.864042E-5	3.945963E+1	6.228592E-5	4.605214E+1	9.473465E-2	-1.265201E-1
6.566406E-1	6.279350E-5	2.631322E+1	6.852249E-5	3.229162E+1	-8.859149E-2	-9.544552E-2
6.601562E-1	6.511287E-5	2.460787E+1	6.722572E-5	2.182844E+1	-3.256861E-2	4.696714E-2
6.636719E-1	6.520454E-5	6.290938E+0	6.043751E-5	1.324297E+1	7.094328E-2	-1.305853E-1
6.671875E-1	6.631819E-5	8.711405E-1	7.541089E-5	-2.403394E+0	-1.220113E-1	5.023300E-2
6.707031E-1	6.252462E-5	-8.556767E+0	6.373753E-5	-5.825030E+0	-2.014451E-2	-4.675279E-2
6.742188E-1	6.528442E-5	-1.802688E+1	6.794443E-5	-2.110785E+1	-4.053862E-2	5.164297E-2
6.777344E-1	5.934989E-5	-3.614181E+1	6.227103E-5	-2.626320E+1	-6.104114E-2	-1.635134E-1
6.812500E-1	6.384896E-5	-3.911972E+1	6.739992E-5	-3.580314E+1	-5.427157E-2	-5.480494E-2
6.847656E-1	6.302849E-5	-4.819107E+1	7.163245E-5	-5.311071E+1	-1.233541E-1	7.545778E-2
6.882813E-1	6.076988E-5	-6.111647E+1	6.465638E-5	-5.994205E+1	-6.030752E-2	-1.926404E-2
6.917969E-1	6.329745E-5	-7.041911E+1	7.315289E-5	-7.395335E+1	-1.363695E-1	5.333996E-2
6.953125E-1	6.844525E-5	-8.045536E+1	6.437251E-5	-8.201492E+1	6.287445E-2	2.893801E-2
6.988281E-1	6.725293E-5	-8.929427E+1	6.659671E-5	-8.916783E+1	9.851181E-3	-2.228537E-3
7.023438E-1	6.436310E-5	-1.053345E+2	6.185525E-5	-9.854276E+1	3.324190E-2	-1.230556E-1
7.058594E-1	6.583810E-5	-1.088659E+2	6.349634E-5	-1.127722E+2	3.447135E-2	7.063746E-2
7.093750E-1	5.948787E-5	-1.163964E+2	5.817132E-5	-1.196074E+2	2.102678E-2	5.728090E-2
7.128906E-1	6.913520E-5	-1.272973E+2	6.702034E-5	-1.269925E+2	3.154090E-2	-5.487605E-3
7.164063E-1	7.147990E-5	-1.357258E+2	6.632005E-5	-1.376851E+2	7.717214E-2	3.684960E-2
7.199219E-1	6.783263E-5	-1.520676E+2	6.458880E-5	-1.449425E+2	4.211265E-2	-1.302656E-1
7.234375E-1	6.445744E-5	-1.581281E+2	6.840011E-5	-1.547277E+2	-5.930039E-2	-5.589445E-2
7.269531E-1	6.475168E-5	-1.678360E+2	6.896456E-5	-1.675816E+2	-6.109686E-2	-4.168868E-3
7.304687E-1	7.126640E-5	-1.757515E+2	7.258075E-5	-1.761677E+2	-1.813470E-2	7.132454E-3
7.339844E-1	6.792099E-5	1.734981E+2	7.226008E-5	1.697821E+2	-6.202442E-2	6.091919E-2
7.375000E-1	6.535377E-5	1.591936E+2	6.985621E-5	1.645202E+2	-6.849293E-2	-8.684950E-2
7.410156E-1	6.614649E-5	1.476182E+2	6.983797E-5	1.491117E+2	-5.317953E-2	-2.468588E-2
7.445313E-1	6.946301E-5	1.437422E+2	7.359577E-5	1.431260E+2	-5.620944E-2	1.015059E-2
7.480469E-1	7.408222E-5	1.316887E+2	7.151614E-5	1.299105E+2	3.538229E-2	3.214387E-2
7.515625E-1	6.480174E-5	1.185558E+2	7.559855E-5	1.197343E+2	-1.429990E-1	-1.762989E-2
7.550781E-1	6.958955E-5	1.117059E+2	6.521952E-5	1.158283E+2	6.424434E-2	-7.670420E-2
7.585938E-1	6.719019E-5	1.051213E+2	7.220786E-5	9.962424E+1	-7.376856E-2	8.913798E-2
7.621094E-1	6.202623E-5	9.346851E+1	7.304320E-5	9.642900E+1	-1.519615E-1	-4.385744E-2
7.656250E-1	6.380262E-5	8.396133E+1	6.960330E-5	8.463271E+1	-8.340208E-2	-1.074099E-2
7.691406E-1	6.924313E-5	7.230522E+1	7.318127E-5	7.684048E+1	-5.677614E-2	-7.481741E-2
7.726563E-1	6.872333E-5	6.304669E+1	7.192513E-5	6.631795E+1	-4.607263E-2	-5.452303E-2
7.761719E-1	6.695625E-5	4.786005E+1	7.856574E-5	5.572072E+1	-1.557758E-1	-1.165552E-1
7.796875E-1	6.998497E-5	4.573607E+1	7.263311E-5	4.580774E+1	-3.645988E-2	-1.205271E-3
7.832031E-1	7.393428E-5	3.199472E+1	7.421694E-5	3.781068E+1	-8.936439E-3	-1.009475E-1
7.867188E-1	6.800215E-5	2.320040E+1	6.785092E-5	2.235863E+1	2.120696E-3	1.472387E-2
7.902344E-1	7.242807E-5	9.256537E+0	7.656311E-5	1.478300E+1	-5.840539E-2	-9.110419E-2
7.937500E-1	7.238785E-5	1.519799E+0	7.885525E-5	5.382700E+0	-8.410166E-2	-6.184391E-2
7.972656E-1	6.885605E-5	-7.475855E+0	8.046631E-5	-1.143449E+1	-1.463288E-1	5.907521E-2
8.007812E-1	6.978120E-5	-1.866069E+1	7.235206E-5	-1.867697E+1	-3.553268E-2	2.740434E-4
8.042969E-1	6.834657E-5	-2.961325E+1	7.224311E-5	-3.545507E+1	-5.884970E-2	9.629264E-2
8.078125E-1	7.224939E-5	-3.933952E+1	7.443163E-5	-3.962361E+1	-2.933065E-2	4.812915E-3
8.113281E-1	7.258101E-5	-4.829801E+1	7.027540E-5	-4.489386E+1	3.098585E-2	-6.132679E-2
8.148438E-1	7.751895E-5	-6.031199E+1	7.558139E-5	-5.715845E+1	2.408229E-2	-5.642212E-2
8.183594E-1	7.707166E-5	-7.010256E+1	7.785846E-5	-6.932645E+1	-1.019633E-2	-1.340838E-2
8.218750E-1	6.912051E-5	-7.509407E+1	7.485615E-5	-7.753622E+1	-7.746082E-2	3.934573E-2
8.253906E-1	7.434346E-5	-8.986269E+1	7.389580E-5	-8.644444E+1	4.268099E-3	-5.998554E-2
8.289063E-1	7.100181E-5	-9.736249E+1	8.240860E-5	-9.305555E+1	-1.408505E-1	-6.470443E-2
8.324219E-1	7.398602E-5	-1.109278E+2	7.879554E-5	-1.096923E+2	-6.125627E-2	-2.024578E-2
8.359375E-1	7.570768E-5	-1.183249E+2	7.684108E-5	-1.126595E+2	-1.956251E-2	-9.726274E-2
8.394531E-1	6.976540E-5	-1.243016E+2	7.233963E-5	-1.272954E+2	-3.690158E-2	5.036935E-2
8.429688E-1	7.184116E-5	-1.355730E+2	7.490761E-5	-1.349922E+2	-4.098570E-2	-9.721738E-3
8.464844E-1	7.422924E-5	-1.507884E+2	7.682516E-5	-1.473624E+2	-3.551677E-2	-5.774009E-2
8.500000E-1	6.774340E-5	-1.517202E+2	8.583296E-5	-1.522028E+2	-2.107811E-1	6.647716E-3
8.535156E-1	7.101386E-5	-1.689495E+2	8.637876E-5	-1.659970E+2	-1.789695E-1	-4.234588E-2
8.570313E-1	7.913398E-5	-1.786958E+2	7.604173E-5	-1.757494E+2	3.928947E-2	-5.349198E-2
8.605469E-1	7.630201E-5	1.705452E+2	7.720874E-5	1.729481E+2	-1.261284E-2	-4.143385E-2
8.640625E-1	7.735166E-5	1.681736E+2	8.301203E-5	1.619102E+2	-7.374948E-2	1.016602E-1
8.675781E-1	7.830955E-5	1.490034E+2	7.990583E-5	1.521331E+2	-2.143872E-2	-5.350574E-2
8.710937E-1	7.522489E-5	1.422027E+2	8.062142E-5	1.428497E+2	-6.699617E-2	-1.053619E-2
8.746094E-1	7.790470E-5	1.305538E+2	7.824963E-5	1.311006E+2	-4.453410E-3	-9.501248E-3
8.781250E-1	7.641291E-5	1.201871E+2	8.051300E-5	1.248676E+2	-5.408953E-2	-7.744390E-2
8.816406E-1	7.561839E-5	1.110415E+2	8.441759E-5	1.159347E+2	-1.074989E-1	-7.640763E-2
8.851563E-1	7.293501E-5	1.069552E+2	8.065651E-5	1.036006E+2	-9.728258E-2	5.291351E-2
8.886719E-1	8.225520E-5	9.296638E+1	8.092776E-5	9.565582E+1	1.528325E-2	-4.769200E-2
8.921875E-1	7.140818E-5	8.095413E+1	8.155332E-5	8.422475E+1	-1.258250E-1	-4.995488E-2
8.957031E-1	7.671837E-5	7.373003E+1	7.792080E-5	7.834903E+1	-1.862909E-2	-7.928678E-2
8.992188E-1	8.418891E-5	6.559643E+1	8.242200E-5	6.771370E+1	2.074003E-2	-3.773692E-2
9.027344E-1	7.420519E-5	5.694751E+1	8.335867E-5	5.467048E+1	-1.105113E-1	3.536839E-2
9.062500E-1	7.800148E-5	4.239401E+1	8.080251E-5	4.615039E+1	-3.673903E-2	-6.324318E-2
9.097656E-1	8.120693E-5	3.412233E+1	8.488177E-5	3.469835E+1	-4.334198E-2	-9.618033E-3
9.132813E-1	8.273042E-5	2.109697E+1	8.913910E-5	2.480995E+1	-7.384339E-2	-6.010256E-2
9.167969E-1	7.728621E-5	1.674222E+1	8.638288E-5	1.428376E+1	-1.061299E-1	3.837793E-2
9.203125E-1	8.441218E-5	6.206227E+0	8.312728E-5	4.503340E+0	1.500856E-2	3.017594E-2
9.238281E-1	7.551419E-5	-6.446652E+0	8.780479E-5	-2.971653E+0	-1.415577E-1	-5.212861E-2
9.273438E-1	8.451741E-5	-1.384582E+1	8.437361E-5	-1.900560E+1	-2.354807E-3	9.008675E-2
9.308594E-1	8.313958E-5	-2.604807E+1	8.590909E-5	-3.018456E+1	-3.475866E-2	6.980728E-2
9.343750E-1	8.164977E-5	-3.968791E+1	8.736381E-5	-3.607073E+1	-6.726696E-2	-5.896338E-2
9.378906E-1	8.033039E-5	-4.679751E+1	8.618995E-5	-5.030396E+1	-6.972907E-2	5.700292E-2
9.414063E-1	7.613366E-5	-6.030227E+1	8.980527E-5	-5.663556E+1	-1.539716E-1	-5.421661E-2
9.449219E-1	7.599896E-5	-6.682315E+1	8.319783E-5	-6.611097E+1	-8.659770E-2	-1.135407E-2
9.484375E-1	7.623254E-5	-8.277293E+1	8.506956E-5	-7.711767E+1	-1.082415E-1	-8.830611E-2
9.519531E-1	7.602436E-5	-8.710473E+1	8.480415E-5	-8.678365E+1	-1.035443E-1	-5.023704E-3
9.554688E-1	7.694543E-5	-9.569495E+1	8.397183E-5	-1.005583E+2	-8.697469E-2	7.768559E-2
9.589844E-1	7.632615E-5	-1.064226E+2	8.616426E-5	-1.070963E+2	-1.142398E-1	1.041550E-2
9.625000E-1	7.404183E-5	-1.164116E+2	8.255697E-5	-1.143713E+2	-1.037112E-1	-3.193030E-2
9.660156E-1	7.864989E-5	-1.286536E+2	8.899970E-5	-1.258708E+2	-1.173325E-1	-4.290404E-2
9.695313E-1	7.723675E-5	-1.386109E+2	8.612896E-5	-1.319644E+2	-1.092699E-1	-1.037936E-1
9.730469E-1	8.003410E-5	-1.459070E+2	8.611698E-5	-1.438011E+2	-7.126276E-2	-3.415101E-2
9.765625E-1	8.066707E-5	-1.559901E+2	9.144827E-5	-1.536070E+2	-1.186569E-1	-3.667881E-2
9.800781E-1	7.955902E-5	-1.633104E+2	8.868732E-5	-1.632084E+2	-1.029282E-1	-1.597001E-3
9.835938E-1	7.612933E-5	-1.745061E+2	8.979390E-5	-1.730153E+2	-1.524640E-1	-2.205733E-2
9.871094E-1	8.018068E-5	1.737427E+2	9.187786E-5	1.782219E+2	-1.299777E-1	-6.815445E-2
9.906250E-1	8.144446E-5	1.650795E+2	9.546091E-5	1.641388E+2	-1.469442E-1	1.400700E-2
9.941406E-1	7.990567E-5	1.596476E+2	8.897224E-5	1.567626E+2	-1.030416E-1	4.520253E-2
9.976563E-1	8.294589E-5	1.428948E+2	8.645915E-5	1.478288E+2	-4.418990E-2	-8.251322E-2
1.001172E+0	8.349222E-5	1.329886E+2	9.439766E-5	1.374700E+2	-1.182306E-1	-6.910874E-2
1.004687E+0	8.527296E-5	1.219767E+2	9.493725E-5	1.256972E+2	-1.036896E-1	-5.828384E-2
1.008203E+0	8.474399E-5	1.135800E+2	8.748812E-5	1.147466E+2	-3.156652E-2	-1.972101E-2
1.011719E+0	8.330354E-5	1.027488E+2	9.017166E-5	1.031324E+2	-7.618787E-2	-6.185091E-3
1.015234E+0	8.139352E-5	9.099851E+1	8.604145E-5	1.001499E+2	-6.606052E-2	-1.504522E-1
1.018750E+0	7.966839E-5	8.449438E+1	9.101725E-5	8.656783E+1	-1.252622E-1	-3.166930E-2
1.022266E+0	8.794168E-5	7.355551E+1	8.892197E-5	7.821232E+1	-1.428890E-2	-8.029219E-2
1.025781E+0	8.870007E-5	6.353288E+1	8.972438E-5	6.583138E+1	-1.221155E-2	-3.964778E-2
1.029297E+0	9.540650E-5	5.440197E+1	9.091701E-5	5.434204E+1	4.937951E-2	1.097626E-3
1.032813E+0	1.105418E-4	4.080153E+1	8.673211E-5	4.718259E+1	2.666239E-1	-1.416507E-1
1.036328E+0	1.290945E-4	2.100570E+1	9.053136E-5	3.368811E+1	3.911737E-1	-3.130658E-1
1.039844E+0	1.395217E-4	2.894353E-1	9.089745E-5	2.498757E+1	3.945221E-1	-6.413535E-1
1.043359E+0	1.521651E-4	-2.523700E+1	9.113942E-5	1.355355E+1	3.013443E-1	-1.045954E+0
1.046875E+0	1.468334E-4	-5.386835E+1	9.463821E-5	7.269075E+0	-2.510634E-1	-1.358793E+0
1.050391E+0	1.527424E-4	-8.021436E+1	9.544619E-5	-4.012477E+0	-6.183263E-1	-1.554117E+0
1.053906E+0	1.535280E-4	-1.109005E+2	9.327255E-5	-1.300511E+1	-1.226105E+0	-1.630411E+0
1.057422E+0	1.741458E-4	-1.485038E+2	9.771869E-5	-2.208432E+1	-2.058027E+0	-1.434052E+0
1.060938E+0	1.870129E-4	1.750889E+2	9.441637E-5	-3.416636E+1	-2.728086E+0	-9.679831E-1
1.064453E+0	2.064735E-4	1.349966E+2	9.641479E-5	-4.555162E+1	-3.141415E+0	-2.049020E-2
1.067969E+0	2.216045E-4	9.984019E+1	9.674190E-5	-5.167101E+1	-3.013300E+0	1.092623E+0
1.071484E+0	2.394540E-4	6.869942E+1	9.757894E-5	-6.292291E+1	-2.629958E+0	1.834425E+0
1.075000E+0	2.676168E-4	3.975872E+1	9.982698E-5	-7.489063E+1	-2.118067E+0	2.436524E+0
1.078516E+0	2.803385E-4	1.449125E+1	9.548927E-5	-8.544646E+1	-1.506655E+0	2.891762E+0
1.082031E+0	2.980037E-4	-5.653945E+0	9.968102E-5	-9.288675E+1	-8.556697E-1	2.986087E+0
1.085547E+0	3.352794E-4	-2.807843E+1	9.638437E-5	-1.041975E+2	-1.654748E-1	3.376979E+0
1.089063E+0	3.524407E-4	-4.819334E+1	9.466922E-5	-1.165837E+2	3.710603E-1	3.461201E+0
1.092578E+0	3.997271E-4	-6.634626E+1	9.820297E-5	-1.216573E+2	1.316561E+0	3.346916E+0
1.096094E+0	4.301242E-4	-8.689264E+1	9.704666E-5	-1.348690E+2	1.967038E+0	3.292497E+0
1.099609E+0	4.875076E-4	-1.068640E+2	9.387565E-5	-1.439021E+2	3.145332E+0	3.128055E+0
1.103125E+0	5.432270E-4	-1.295643E+2	9.665363E-5	-1.525171E+2	4.175365E+0	2.191782E+0
1.106641E+0	5.824970E-4	-1.513107E+2	1.031859E-4	-1.655798E+2	4.470963E+0	1.391389E+0
1.110156E+0	6.257063E-4	-1.727379E+2	9.766792E-5	-1.700708E+2	5.399527E+0	-2.981113E-1
1.113672E+0	6.771538E-4	1.649243E+2	9.933304E-5	-1.796351E+2	5.570958E+0	-1.814954E+0
1.117187E+0	7.201955E-4	1.422571E+2	9.910065E-5	1.685802E+2	5.513749E+0	-3.222564E+0
1.120703E+0	7.737105E-4	1.164025E+2	1.005540E-4	1.551042E+2	5.004862E+0	-4.811094E+0
1.124219E+0	8.069060E-4	8.632147E+1	1.056876E-4	1.448671E+2	2.983998E+0	-6.512931E+0
1.127734E+0	8.232743E-4	5.378954E+1	9.730402E-5	1.370514E+2	-7.273458E-3	-8.402405E+0
1.131250E+0	8.436650E-4	1.809471E+1	1.001795E-4	1.255416E+2	-3.524958E+0	-8.034103E+0
1.134766E+0	8.176720E-4	-2.167078E+1	1.063311E-4	1.149686E+2	-6.590893E+0	-5.279770E+0
1.138281E+0	8.039608E-4	-6.136872E+1	9.675941E-5	1.114985E+2	-9.244562E+0	-1.031705E+0
1.141797E+0	8.078091E-4	-1.061246E+2	9.490654E-5	9.460824E+1	-8.960425E+0	3.013209E+0
1.145313E+0	8.083321E-4	-1.499762E+2	1.031002E-4	8.783636E+1	-5.176433E+0	6.635288E+0
1.148828E+0	8.851878E-4	1.651930E+2	1.066764E-4	7.684563E+1	-7.606906E-1	8.294427E+0
1.152344E+0	9.199732E-4	1.223547E+2	1.007153E-4	6.636876E+1	4.109746E+0	7.571502E+0
1.155859E+0	9.025739E-4	8.149133E+1	1.012934E-4	5.564301E+1	7.019009E+0	3.884887E+0
1.159375E+0	8.557602E-4	4.289819E+1	9.608358E-5	5.028135E+1	7.832571E+0	-1.144511E+0
1.162891E+0	8.116476E-4	4.932444E+0	9.931695E-5	3.755036E+1	5.883394E+0	-4.405147E+0
1.166406E+0	7.332033E-4	-3.203123E+1	1.055499E-4	2.989984E+1	2.268565E+0	-6.129475E+0
1.169922E+0	6.591835E-4	-7.240295E+1	1.075228E-4	1.998170E+1	-1.255084E+0	-6.125330E+0
1.173438E+0	5.679731E-4	-1.165616E+2	9.604138E-5	7.616604E+0	-4.322209E+0	-4.892484E+0
1.176953E+0	4.384302E-4	-1.678458E+2	1.071397E-4	8.969794E-1	-5.013406E+0	-7.988419E-1
1.180469E+0	3.910030E-4	1.484599E+2	1.026496E-4	-9.635245E+0	-4.534104E+0	1.421049E+0
1.183984E+0	4.257047E-4	9.901994E+1	9.842201E-5	-2.001657E+1	-3.099357E+0	3.781655E+0
1.187500E+0	4.601729E-4	5.159919E+1	1.031856E-4	-3.210266E+1	-5.107652E-1	4.432746E+0
1.191016E+0	4.891360E-4	1.117822E+1	1.063148E-4	-4.373628E+1	1.644547E+0	3.764835E+0
1.194531E+0	5.101134E-4	-2.835818E+1	1.048947E-4	-5.033533E+1	3.509714E+0	1.819951E+0
1.198047E+0	4.473696E-4	-6.681153E+1	1.078439E-4	-6.178091E+1	3.132328E+0	-3.637572E-1
1.201563E+0	4.016671E-4	-9.925953E+1	1.102841E-4	-7.064314E+1	2.197214E+0	-1.744364E+0
1.205078E+0	3.068390E-4	-1.298274E+2	1.091293E-4	-8.239620E+1	9.020458E-1	-2.070721E+0
1.208594E+0	1.976936E-4	-1.572344E+2	1.107957E-4	-9.448033E+1	-1.831248E-1	-1.586338E+0
1.212109E+0	7.683619E-5	1.734519E+2	1.072645E-4	-1.039407E+2	-9.078323E-1	-7.103703E-1
1.215625E+0	2.604604E-5	-1.612411E+2	1.140044E-4	-1.114871E+2	-8.523953E-1	-1.743824E-1
1.219141E+0	3.836459E-5	-8.789218E+1	1.062633E-4	-1.229359E+2	-7.044169E-1	2.073058E-1
1.222656E+0	8.282798E-5	-9.156717E+1	1.073573E-4	-1.312479E+2	-4.062295E-1	4.926205E-1
1.226172E+0	1.003763E-4	-1.149977E+2	1.065738E-4	-1.433051E+2	-1.707820E-1	4.466260E-1
1.229688E+0	1.069930E-4	-1.317328E+2	1.059909E-4	-1.537709E+2	-6.430167E-2	3.787706E-1
1.233203E+0	1.072618E-4	-1.415166E+2	1.062859E-4	-1.620275E+2	-5.479469E-2	3.536028E-1
1.236719E+0	1.247504E-4	-1.514990E+2	1.111760E-4	-1.720655E+2	5.058146E-2	3.941867E-1
1.240234E+0	1.359069E-4	-1.678320E+2	1.157344E-4	1.768047E+2	1.323367E-1	3.111173E-1
1.243750E+0	1.354734E-4	1.754270E+2	1.088542E-4	1.682126E+2	2.346871E-1	1.562925E-1
1.247266E+0	1.335508E-4	1.625288E+2	1.115795E-4	1.569951E+2	1.913336E-1	1.154196E-1
1.250781E+0	1.338084E-4	1.492538E+2	1.104526E-4	1.512889E+2	2.106913E-1	-4.302087E-2
1.254297E+0	1.305935E-4	1.386964E+2	1.088580E-4	1.407069E+2	1.989299E-1	-4.208754E-2
1.257812E+0	1.293473E-4	1.288433E+2	1.080998E-4	1.292711E+2	1.965211E-1	-8.934013E-3
1.261328E+0	1.289882E-4	1.130153E+2	1.078382E-4	1.167616E+2	1.935712E-1	-7.815338E-2
1.264844E+0	1.202105E-4	9.872727E+1	1.109994E-4	1.076905E+2	6.975851E-2	-1.687294E-1
1.268359E+0	1.060942E-4	9.845792E+1	1.111682E-4	9.896296E+1	-4.567962E-2	-8.412181E-3
1.271875E+0	1.028847E-4	8.961069E+1	1.110739E-4	9.159485E+1	-7.428285E-2	-3.207052E-2
1.275391E+0	1.076675E-4	8.247137E+1	1.098018E-4	7.750323E+1	-2.312172E-2	8.491844E-2
1.278906E+0	1.125228E-4	7.274983E+1	1.133882E-4	7.015277E+1	-8.651452E-3	4.496590E-2
1.282422E+0	1.071667E-4	5.832080E+1	1.093713E-4	5.903801E+1	-2.023379E-2	-1.226504E-2
1.285938E+0	1.019113E-4	5.611745E+1	1.128928E-4	4.833958E+1	-1.055786E-1	1.221686E-1
1.289453E+0	1.115534E-4	5.411458E+1	1.108243E-4	3.834442E+1	-3.130908E-2	2.735671E-1
1.292969E+0	1.253021E-4	4.816975E+1	1.084626E-4	2.948331E+1	9.435825E-2	3.701312E-1
1.296484E+0	1.489297E-4	3.277121E+1	1.069553E-4	2.117560E+1	3.640291E-1	2.798861E-1
1.300000E+0	1.649118E-4	1.800914E+1	1.125963E-4	9.905095E+0	4.500027E-1	2.064704E-1
1.303516E+0	1.798396E-4	2.378944E-2	1.120045E-4	3.857723E+0	6.020528E-1	-1.073613E-1
1.307031E+0	1.894902E-4	-2.006155E+1	1.158577E-4	-7.927267E+0	5.990007E-1	-3.437969E-1
1.310547E+0	1.909864E-4	-4.392173E+1	1.122434E-4	-1.869624E+1	5.392751E-1	-7.251645E-1
1.314063E+0	1.750686E-4	-6.950111E+1	1.163327E-4	-2.802396E+1	1.274980E-1	-9.967246E-1
1.317578E+0	1.715586E-4	-1.191072E+2	1.167162E-4	-4.029068E+1	-7.149149E-1	-1.441967E+0
1.321094E+0	1.489082E-4	1.488438E+2	1.186598E-4	-5.054346E+1	-2.183759E+0	-4.165714E-1
1.324609E+0	2.580596E-4	5.446856E+1	1.203034E-4	-5.983658E+1	-1.882904E+0	1.954948E+0
1.328125E+0	3.701345E-4	-4.581275E+0	1.238201E-4	-7.150032E+1	1.718964E-1	2.750005E+0
1.331641E+0	4.451983E-4	-5.000983E+1	1.215243E-4	-8.097672E+1	2.141280E+0	1.885002E+0
1.335156E+0	4.847431E-4	-9.512222E+1	1.237657E-4	-9.206159E+1	2.911032E+0	-2.091187E-1
1.338672E+0	4.548307E-4	-1.387547E+2	1.176419E-4	-1.023514E+2	2.111773E+0	-2.294473E+0
1.342188E+0	3.823993E-4	1.696659E+2	1.191561E-4	-1.113795E+2	-3.851541E-1	-3.149781E+0
1.345703E+0	2.676684E-4	9.601352E+1	1.198870E-4	-1.177290E+2	-2.856561E+0	-1.240164E+0
1.349219E+0	2.213178E-4	-7.213816E-1	1.202566E-4	-1.324305E+2	-2.224495E+0	1.373903E+0
1.352734E+0	2.659912E-4	-7.955857E+1	1.208204E-4	-1.415188E+2	3.491043E-2	1.943128E+0
1.356250E+0	2.516614E-4	-1.318121E+2	1.151110E-4	-1.485828E+2	1.093262E+0	6.308253E-1
1.359766E+0	2.012075E-4	-1.618689E+2	1.173270E-4	-1.622410E+2	7.148930E-1	1.113731E-2
1.363281E+0	1.693772E-4	1.785962E+2	1.218873E-4	-1.689707E+2	3.570321E-1	-2.991848E-1
1.366797E+0	1.436126E-4	1.675831E+2	1.191376E-4	-1.774044E+2	1.642924E-1	-3.122435E-1
1.370313E+0	1.327770E-4	1.560705E+2	1.198785E-4	1.693439E+2	7.800763E-2	-2.543018E-1
1.373828E+0	1.121205E-4	1.466640E+2	1.165214E-4	1.602500E+2	-6.469376E-2	-2.260325E-1
1.377344E+0	9.807339E-5	1.478830E+2	1.280824E-4	1.524728E+2	-2.367501E-1	-6.127288E-2
1.380859E+0	1.028938E-4	1.408289E+2	1.207174E-4	1.420573E+2	-1.478432E-1	-1.827272E-2
1.384375E+0	1.029752E-4	1.364701E+2	1.189410E-4	1.312816E+2	-1.377804E-1	7.829365E-2
1.387891E+0	1.100577E-4	1.318835E+2	1.222573E-4	1.202542E+2	-1.182656E-1	1.814640E-1
1.391406E+0	1.181220E-4	1.199762E+2	1.167330E-4	1.098775E+2	-3.778241E-3	1.774308E-1
1.394922E+0	1.260238E-4	1.113466E+2	1.241693E-4	9.789994E+1	-1.288734E-2	2.360131E-1
1.398437E+0	1.354244E-4	1.000088E+2	1.213972E-4	8.901167E+1	9.506287E-2	2.128017E-1
1.401953E+0	1.421499E-4	8.802319E+1	1.277763E-4	7.897314E+1	9.864130E-2	1.749916E-1
1.405469E+0	1.463546E-4	7.386605E+1	1.217561E-4	6.968847E+1	1.988372E-1	8.756548E-2
1.408984E+0	1.449349E-4	6.216440E+1	1.203718E-4	6.005669E+1	2.032457E-1	4.428315E-2
1.412500E+0	1.453257E-4	4.871183E+1	1.197492E-4	5.077880E+1	2.127943E-1	-4.377107E-2
1.416016E+0	1.514922E-4	3.805249E+1	1.203244E-4	4.275323E+1	2.547965E-1	-1.031794E-1
1.419531E+0	1.392683E-4	2.452665E+1	1.242938E-4	3.157656E+1	1.120054E-1	-1.375205E-1
1.423047E+0	1.411532E-4	1.267629E+1	1.198198E-4	2.116511E+1	1.651398E-1	-1.738989E-1
1.426563E+0	1.217149E-4	1.652116E+0	1.115548E-4	1.304070E+1	6.959449E-2	-2.154463E-1
1.430078E+0	1.113963E-4	-7.338850E+0	1.224104E-4	4.556648E+0	-1.095194E-1	-1.875806E-1
1.433594E+0	1.093795E-4	-1.177857E+1	1.292200E-4	-5.569184E+0	-1.585064E-1	-9.155494E-2
1.437109E+0	9.258279E-5	-2.050624E+1	1.224070E-4	-1.726043E+1	-2.448612E-1	-4.282449E-2
1.440625E+0	9.055420E-5	-7.540780E+0	1.252744E-4	-2.581462E+1	-3.136073E-1	2.266551E-1
1.444141E+0	1.230453E-4	-6.158207E+0	1.287916E-4	-3.540112E+1	-1.663744E-1	4.667173E-1
1.447656E+0	1.707805E-4	-1.793140E+1	1.347702E-4	-4.480884E+1	1.303095E-1	5.728793E-1
1.451172E+0	2.531867E-4	-4.275996E+1	1.328061E-4	-5.465221E+1	8.655206E-1	3.928633E-1
1.454688E+0	3.046185E-4	-8.464921E+1	1.329443E-4	-6.757319E+1	1.190314E+0	-6.728251E-1
1.458203E+0	2.615783E-4	-1.426007E+2	1.304689E-4	-7.789273E+1	-1.434384E-1	-1.812723E+0
1.461719E+0	1.308705E-4	1.331151E+2	1.351240E-4	-9.152208E+1	-1.689171E+0	-6.804977E-1
1.465234E+0	1.741904E-4	9.855358E+0	1.378381E-4	-1.001320E+2	-1.431960E+0	1.187615E+0
1.468750E+0	2.898910E-4	-5.616604E+1	1.310599E-4	-1.119494E+2	2.438018E-1	1.829056E+0
1.472266E+0	3.362321E-4	-1.025225E+2	1.311642E-4	-1.218189E+2	1.419434E+0	8.471032E-1
1.475781E+0	3.198577E-4	-1.501471E+2	1.345257E-4	-1.300659E+2	1.233124E+0	-8.163766E-1
1.479297E+0	1.890104E-4	1.621646E+2	1.268149E-4	-1.400548E+2	-2.053512E-1	-1.260934E+0
1.482813E+0	4.647806E-5	1.780918E+2	1.290505E-4	-1.508824E+2	-6.913713E-1	-1.856320E-1
1.486328E+0	9.094298E-5	-1.418040E+2	1.312438E-4	-1.594165E+2	-3.395498E-1	2.096658E-1
1.489844E+0	1.195014E-4	-1.528849E+2	1.285912E-4	-1.697475E+2	-1.106451E-1	2.695727E-1
1.493359E+0	1.305228E-4	-1.724111E+2	1.280056E-4	-1.783708E+2	1.415365E-2	1.058707E-1
1.496875E+0	1.363613E-4	1.778414E+2	1.262553E-4	1.713636E+2	7.314878E-2	1.218487E-1
1.500391E+0	1.416741E-4	1.650497E+2	1.255031E-4	1.616701E+2	1.268862E-1	6.654674E-2
1.503906E+0	1.362262E-4	1.539519E+2	1.312844E-4	1.504213E+2	3.567255E-2	6.389966E-2
1.507422E+0	1.428148E-4	1.445394E+2	1.238345E-4	1.427731E+2	1.527235E-1	3.554714E-2
1.510938E+0	1.335406E-4	1.337334E+2	1.250842E-4	1.311604E+2	6.652934E-2	4.792720E-2
1.514453E+0	1.383383E-4	1.204666E+2	1.267766E-4	1.220699E+2	9.077023E-2	-3.053084E-2
1.517969E+0	1.325477E-4	1.126974E+2	1.286415E-4	1.103285E+2	2.948447E-2	4.258841E-2
1.521484E+0	1.369483E-4	1.011320E+2	1.272143E-4	1.048400E+2	7.426297E-2	-6.962009E-2
1.525000E+0	1.300833E-4	9.632764E+1	1.324203E-4	9.284289E+1	-1.946471E-2	5.971015E-2
1.528516E+0	1.273426E-4	8.517983E+1	1.341291E-4	8.280285E+1	-5.141367E-2	3.937577E-2
1.532031E+0	1.278317E-4	7.696070E+1	1.363086E-4	7.549487E+1	-6.249592E-2	2.398993E-2
1.535547E+0	1.401208E-4	6.538190E+1	1.349320E-4	6.421995E+1	3.824139E-2	2.105827E-2
1.539062E+0	1.387052E-4	5.567772E+1	1.347553E-4	5.332746E+1	2.844580E-2	4.221029E-2
1.542578E+0	1.455691E-4	4.417442E+1	1.326458E-4	4.407426E+1	9.742546E-2	1.918435E-3
1.546094E+0	1.437856E-4	3.356931E+1	1.329751E-4	3.228827E+1	8.102692E-2	2.417402E-2
1.549609E+0	1.391856E-4	2.324798E+1	1.333642E-4	2.167600E+1	4.325762E-2	2.863024E-2
1.553125E+0	1.321661E-4	1.097523E+1	1.319019E-4	1.323161E+1	1.226109E-3	-3.944994E-2
1.556641E+0	1.426582E-4	6.244759E-1	1.299149E-4	3.901282E+0	9.629426E-2	-6.276667E-2
1.560156E+0	1.351347E-4	-1.043843E+1	1.317741E-4	-5.124477E+0	2.109530E-2	-9.497496E-2
1.563672E+0	1.266425E-4	-2.043108E+1	1.385228E-4	-1.339340E+1	-9.265226E-2	-1.120140E-1
1.567188E+0	1.036480E-4	-2.393105E+1	1.416320E-4	-2.294978E+1	-2.682953E-1	-1.253269E-2
1.570703E+0	1.240881E-4	-8.866373E+0	1.380728E-4	-3.538240E+1	-1.958212E-1	4.012296E-1
1.574219E+0	2.035448E-4	-2.456205E+1	1.365632E-4	-4.415454E+1	4.041839E-1	4.998000E-1
1.577734E+0	2.419970E-4	-6.126869E+1	1.473339E-4	-5.408251E+1	6.296052E-1	-2.054677E-1
1.581250E+0	1.881104E-4	-1.008276E+2	1.409609E-4	-6.591017E+1	9.424918E-2	-7.638538E-1
1.584766E+0	6.196767E-5	-1.220254E+2	1.455971E-4	-7.817179E+1	-6.930870E-1	-2.948708E-1
1.588281E+0	1.170760E-4	-4.255603E+1	1.428138E-4	-8.366193E+1	-3.822988E-1	5.389672E-1
1.591797E+0	1.912688E-4	-7.865115E+1	1.464662E-4	-9.875337E+1	2.263368E-1	4.488294E-1
1.595313E+0	1.904139E-4	-1.104573E+2	1.406667E-4	-1.085146E+2	3.528750E-1	-4.588886E-2
1.598828E+0	1.614700E-4	-1.268748E+2	1.406737E-4	-1.185983E+2	1.358788E-1	-1.652310E-1
1.602344E+0	1.435158E-4	-1.331184E+2	1.445208E-4	-1.278113E+2	-1.121096E-2	-9.185077E-2
1.605859E+0	1.385744E-4	-1.400947E+2	1.408331E-4	-1.367091E+2	-1.775544E-2	-5.810835E-2
1.609375E+0	1.365261E-4	-1.473690E+2	1.380874E-4	-1.495835E+2	-1.204499E-2	3.820380E-2
1.612891E+0	1.347535E-4	-1.566044E+2	1.403439E-4	-1.580336E+2	-4.013228E-2	2.394814E-2
1.616406E+0	1.388762E-4	-1.664167E+2	1.414489E-4	-1.670734E+2	-1.825268E-2	1.125287E-2
1.619922E+0	1.325626E-4	-1.735052E+2	1.392792E-4	-1.781867E+2	-5.139932E-2	7.768082E-2
1.623438E+0	1.419441E-4	1.746918E+2	1.369057E-4	1.725943E+2	3.610731E-2	3.794706E-2
1.626953E+0	1.412279E-4	1.657083E+2	1.386719E-4	1.630722E+2	1.735428E-2	4.684013E-2
1.630469E+0	1.450516E-4	1.522144E+2	1.316448E-4	1.551497E+2	1.003951E-1	-5.642333E-2
1.633984E+0	1.521272E-4	1.451950E+2	1.364490E-4	1.437563E+2	1.145501E-1	2.799229E-2
1.637500E+0	1.459550E-4	1.336208E+2	1.394158E-4	1.357705E+2	4.616752E-2	-3.926995E-2
1.641016E+0	1.469506E-4	1.214641E+2	1.372549E-4	1.275969E+2	6.451277E-2	-1.143800E-1
1.644531E+0	1.391366E-4	1.119968E+2	1.410842E-4	1.161019E+2	-1.633469E-2	-7.059801E-2
1.648047E+0	1.438436E-4	1.044219E+2	1.411412E-4	1.054377E+2	1.898662E-2	-1.806756E-2
1.651563E+0	1.447564E-4	9.383696E+1	1.464875E-4	9.488453E+1	-1.198255E-2	-1.806648E-2
1.655078E+0	1.505400E-4	8.543842E+1	1.479897E-4	8.458141E+1	1.711916E-2	1.521484E-2
1.658594E+0	1.464550E-4	7.431889E+1	1.452660E-4	7.332320E+1	8.032754E-3	1.751943E-2
1.662109E+0	1.484750E-4	6.759645E+1	1.434027E-4	6.532004E+1	3.455394E-2	4.112535E-2
1.665625E+0	1.600179E-4	5.458087E+1	1.506973E-4	5.330204E+1	6.158533E-2	2.369830E-2
1.669141E+0	1.566756E-4	3.645990E+1	1.428971E-4	4.412205E+1	8.663312E-2	-1.461877E-1
1.672656E+0	1.497922E-4	2.401732E+1	1.442200E-4	3.177295E+1	2.913602E-2	-1.401623E-1
1.676172E+0	1.162772E-4	1.654693E+1	1.448862E-4	2.058116E+1	-1.994470E-1	-5.646075E-2
1.679687E+0	1.233155E-4	2.780847E+1	1.466909E-4	1.421639E+1	-1.828950E-1	1.975589E-1
1.683203E+0	1.709195E-4	1.409594E+1	1.415460E-4	3.705299E+0	1.877169E-1	2.177863E-1
1.686719E+0	1.767327E-4	-6.155456E+0	1.367065E-4	-7.529060E+0	2.924178E-1	3.099025E-2
1.690234E+0	1.438546E-4	-2.927909E+1	1.412663E-4	-1.636223E+1	-7.446042E-3	-2.276326E-1
1.693750E+0	1.233502E-4	-2.870806E+1	1.434625E-4	-2.267051E+1	-1.449612E-1	-9.043479E-2
1.697266E+0	1.347262E-4	-2.899941E+1	1.429893E-4	-3.572253E+1	-6.426737E-2	1.103061E-1
1.700781E+0	1.461769E-4	-3.865957E+1	1.394928E-4	-4.406801E+1	4.325194E-2	9.877140E-2
1.704297E+0	1.515183E-4	-5.226748E+1	1.416675E-4	-5.366486E+1	6.921658E-2	2.608217E-2
1.707813E+0	1.536783E-4	-6.330231E+1	1.446201E-4	-6.242611E+1	6.251019E-2	-1.624978E-2
1.711328E+0	1.544716E-4	-7.128445E+1	1.504079E-4	-7.434871E+1	2.554944E-2	5.490020E-2
1.714844E+0	1.609598E-4	-8.349034E+1	1.527605E-4	-8.157148E+1	5.308337E-2	-3.528140E-2
1.718359E+0	1.572659E-4	-9.332338E+1	1.598388E-4	-9.392989E+1	-1.615197E-2	1.041501E-2
1.721875E+0	1.587780E-4	-1.021418E+2	1.558864E-4	-1.031577E+2	1.838930E-2	1.805875E-2
1.725391E+0	1.678766E-4	-1.146754E+2	1.577520E-4	-1.178768E+2	6.251973E-2	5.943012E-2
1.728906E+0	1.575542E-4	-1.250826E+2	1.600363E-4	-1.265009E+2	-1.581122E-2	2.436759E-2
1.732422E+0	1.632232E-4	-1.334685E+2	1.564536E-4	-1.349241E+2	4.293241E-2	2.650141E-2
1.735938E+0	1.632050E-4	-1.458204E+2	1.566101E-4	-1.470556E+2	4.186815E-2	2.246439E-2
1.739453E+0	1.564936E-4	-1.561382E+2	1.519733E-4	-1.585426E+2	2.883747E-2	4.320021E-2
1.742969E+0	1.580810E-4	-1.698665E+2	1.549051E-4	-1.685995E+2	2.025273E-2	-2.256485E-2
1.746484E+0	1.536620E-4	-1.786495E+2	1.564943E-4	1.798883E+2	-1.841815E-2	2.505561E-2
1.750000E+0	1.475032E-4	1.713278E+2	1.467319E-4	1.696769E+2	4.839260E-3	2.896109E-2
1.753516E+0	1.482168E-4	1.612220E+2	1.453840E-4	1.610459E+2	1.948013E-2	3.133407E-3
1.757031E+0	1.415929E-4	1.537278E+2	1.457651E-4	1.522330E+2	-2.895333E-2	2.533956E-2
1.760547E+0	1.451819E-4	1.435561E+2	1.415224E-4	1.415539E+2	2.523180E-2	3.584130E-2
1.764063E+0	1.446881E-4	1.377692E+2	1.414479E-4	1.344400E+2	2.118107E-2	5.940311E-2
1.767578E+0	1.478274E-4	1.251399E+2	1.378825E-4	1.254031E+2	7.211459E-2	-4.925015E-3
1.771094E+0	1.518849E-4	1.136408E+2	1.464283E-4	1.161894E+2	3.623866E-2	-4.612383E-2
1.774609E+0	1.422570E-4	1.055199E+2	1.481329E-4	1.049319E+2	-3.971698E-2	9.855285E-3
1.778125E+0	1.395780E-4	9.910506E+1	1.395656E-4	9.772466E+1	-2.013895E-4	2.409233E-2
1.781641E+0	1.496634E-4	9.098096E+1	1.505739E-4	8.833224E+1	-7.108769E-3	4.593298E-2
1.785156E+0	1.571229E-4	7.802570E+1	1.473694E-4	7.831635E+1	6.617031E-2	-5.408515E-3
1.788672E+0	1.511774E-4	6.654474E+1	1.530144E-4	7.036219E+1	-1.419753E-2	-6.577849E-2
1.792188E+0	1.567151E-4	5.663161E+1	1.523144E-4	5.925119E+1	2.781703E-2	-4.702487E-2
1.795703E+0	1.494859E-4	4.659537E+1	1.501802E-4	4.826084E+1	-5.043602E-3	-2.892948E-2
1.799219E+0	1.532663E-4	3.928743E+1	1.486519E-4	3.803795E+1	3.079649E-2	2.248270E-2
1.802734E+0	1.543049E-4	2.850603E+1	1.541861E-4	2.646076E+1	1.329472E-4	3.571661E-2
1.806250E+0	1.583240E-4	1.926197E+1	1.526067E-4	1.868634E+1	3.741192E-2	1.042285E-2
1.809766E+0	1.593417E-4	8.235449E+0	1.595404E-4	7.771701E+0	-1.278167E-3	8.083761E-3
1.813281E+0	1.588174E-4	-2.547825E+0	1.527443E-4	-5.407085E+0	3.846549E-2	5.186613E-2
1.816797E+0	1.572482E-4	-1.376506E+1	1.626942E-4	-1.586199E+1	-3.412107E-2	3.536535E-2
1.820313E+0	1.641252E-4	-2.379634E+1	1.545574E-4	-2.159031E+1	6.111750E-2	-4.087586E-2
1.823828E+0	1.623638E-4	-3.434067E+1	1.541351E-4	-3.317901E+1	5.316978E-2	-2.135572E-2
1.827344E+0	1.590439E-4	-4.144448E+1	1.611716E-4	-4.282322E+1	-1.348715E-2	2.374359E-2
1.830859E+0	1.563616E-4	-5.470335E+1	1.492452E-4	-5.354134E+1	4.746715E-2	-2.124649E-2
1.834375E+0	1.594710E-4	-6.358110E+1	1.573504E-4	-6.363833E+1	1.347642E-2	1.012313E-3
1.837891E+0	1.600508E-4	-7.368442E+1	1.605350E-4	-7.195190E+1	-3.471925E-3	-3.014238E-2
1.841406E+0	1.568540E-4	-8.236975E+1	1.542839E-4	-8.148467E+1	1.653695E-2	-1.570426E-2
1.844922E+0	1.613917E-4	-9.220166E+1	1.496030E-4	-9.340972E+1	7.856010E-2	2.274441E-2
1.848438E+0	1.624791E-4	-1.015761E+2	1.527637E-4	-1.038844E+2	6.273454E-2	4.283803E-2
1.851953E+0	1.560943E-4	-1.145309E+2	1.594026E-4	-1.118546E+2	-2.182245E-2	-4.572417E-2
1.855469E+0	1.587309E-4	-1.226150E+2	1.566172E-4	-1.227573E+2	1.349284E-2	2.517120E-3
1.858984E+0	1.608446E-4	-1.322889E+2	1.586812E-4	-1.316469E+2	1.356999E-2	-1.135754E-2
1.862500E+0	1.646228E-4	-1.430564E+2	1.561936E-4	-1.427002E+2	5.394599E-2	-6.552322E-3
1.866016E+0	1.650035E-4	-1.516303E+2	1.547814E-4	-1.526670E+2	6.586767E-2	1.928773E-2
1.869531E+0	1.568610E-4	-1.613877E+2	1.582288E-4	-1.620943E+2	-8.719831E-3	1.222558E-2
1.873047E+0	1.557074E-4	-1.721422E+2	1.527798E-4	-1.716209E+2	1.912004E-2	-9.272619E-3
1.876563E+0	1.614899E-4	1.782688E+2	1.553037E-4	1.783495E+2	3.983189E-2	-1.464584E-3
1.880078E+0	1.604588E-4	1.686723E+2	1.519405E-4	1.673058E+2	5.576305E-2	2.518464E-2
1.883594E+0	1.614248E-4	1.589653E+2	1.559124E-4	1.590276E+2	3.535514E-2	-1.125784E-3
1.887109E+0	1.588549E-4	1.490490E+2	1.588042E-4	1.488239E+2	3.115411E-4	3.929980E-3
1.890625E+0	1.620326E-4	1.390136E+2	1.602943E-4	1.408280E+2	1.033763E-2	-3.200532E-2
1.894141E+0	1.581930E-4	1.286068E+2	1.572241E-4	1.278195E+2	6.067554E-3	1.382522E-2
1.897656E+0	1.606498E-4	1.202309E+2	1.522918E-4	1.187757E+2	5.454127E-2	2.678903E-2
1.901172E+0	1.589191E-4	1.108829E+2	1.588497E-4	1.114441E+2	3.889015E-4	-9.798910E-3
1.904688E+0	1.670547E-4	1.003238E+2	1.627387E-4	1.009057E+2	2.646810E-2	-1.042524E-2
1.908203E+0	1.664565E-4	9.130568E+1	1.593422E-4	8.960059E+1	4.418539E-2	3.108354E-2
1.911719E+0	1.603025E-4	7.970597E+1	1.663275E-4	8.091125E+1	-3.643695E-2	-2.027260E-2
1.915234E+0	1.602518E-4	7.077031E+1	1.699909E-4	6.961067E+1	-5.748497E-2	1.907867E-2
1.918750E+0	1.684924E-4	6.254604E+1	1.625220E-4	5.915306E+1	3.491864E-2	6.135825E-2
1.922266E+0	1.668195E-4	5.124164E+1	1.621610E-4	5.198458E+1	2.864114E-2	-1.333888E-2
1.925781E+0	1.633289E-4	3.995955E+1	1.655713E-4	4.082768E+1	-1.365664E-2	-1.494595E-2
1.929297E+0	1.684953E-4	3.061457E+1	1.621754E-4	3.038735E+1	3.896137E-2	4.120269E-3
1.932813E+0	1.736496E-4	2.109013E+1	1.654654E-4	2.158624E+1	4.942236E-2	-9.086916E-3
1.936328E+0	1.649562E-4	9.190046E+0	1.633911E-4	1.142539E+1	8.810614E-3	-3.937783E-2
1.939844E+0	1.586060E-4	1.199869E-1	1.631260E-4	2.180948E+0	-2.833759E-2	-3.496632E-2
1.943359E+0	1.583550E-4	-6.539382E+0	1.624572E-4	-7.424459E+0	-2.536726E-2	1.505684E-2
1.946875E+0	1.683341E-4	-1.692539E+1	1.596074E-4	-1.800263E+1	5.448963E-2	1.982820E-2
1.950391E+0	1.675034E-4	-2.650224E+1	1.607068E-4	-2.493235E+1	4.190070E-2	-2.855496E-2
1.953906E+0	1.658823E-4	-3.636705E+1	1.639208E-4	-3.590201E+1	1.193281E-2	-8.213512E-3
1.957422E+0	1.626672E-4	-4.686238E+1	1.621799E-4	-4.515759E+1	2.560735E-3	-2.983920E-2
1.960938E+0	1.742743E-4	-5.405880E+1	1.719285E-4	-5.498748E+1	1.351090E-2	1.642895E-2
1.964453E+0	1.710348E-4	-6.466763E+1	1.657893E-4	-6.322181E+1	3.131112E-2	-2.602996E-2
1.967969E+0	1.762575E-4	-7.364504E+1	1.741087E-4	-7.451783E+1	1.222426E-2	1.542046E-2
1.971484E+0	1.817813E-4	-8.284219E+1	1.769921E-4	-8.263807E+1	2.705232E-2	-3.658957E-3
1.975000E+0	1.853290E-4	-9.229486E+1	1.825332E-4	-9.434466E+1	1.466698E-2	3.631598E-2
1.978516E+0	1.864003E-4	-1.054754E+2	1.856664E-4	-1.040006E+2	3.620221E-3	-2.583901E-2
1.982031E+0	1.890875E-4	-1.144101E+2	1.924154E-4	-1.143264E+2	-1.729644E-2	-1.435574E-3
1.985547E+0	1.887000E-4	-1.252625E+2	1.908592E-4	-1.243800E+2	-1.143033E-2	-1.522768E-2
1.989063E+0	2.020764E-4	-1.357325E+2	1.988918E-4	-1.366624E+2	1.587791E-2	1.648896E-2
1.992578E+0	2.012846E-4	-1.479099E+2	1.980741E-4	-1.467047E+2	1.598377E-2	-2.137407E-2
1.996094E+0	2.032171E-4	-1.591683E+2	1.987931E-4	-1.589331E+2	2.224568E-2	-4.196357E-3
1.999609E+0	2.029199E-4	-1.680410E+2	2.011949E-4	-1.700658E+2	7.944050E-3	3.563500E-2
2.003125E+0	1.983876E-4	1.783266E+2	1.916071E-4	1.798872E+2	3.500347E-2	-2.819799E-2
2.006641E+0	1.963618E-4	1.684702E+2	1.992677E-4	1.689441E+2	-1.461660E-2	-8.150406E-3
2.010156E+0	1.915207E-4	1.583959E+2	1.997239E-4	1.587169E+2	-4.108775E-2	-5.372369E-3
2.013672E+0	1.956941E-4	1.467605E+2	1.924907E-4	1.505003E+2	1.447696E-2	-6.631096E-2
2.017187E+0	1.838759E-4	1.417355E+2	1.895347E-4	1.385960E+2	-3.131231E-2	5.313205E-2
2.020703E+0	1.885305E-4	1.258527E+2	1.908969E-4	1.282824E+2	-1.328409E-2	-4.186804E-2
2.024219E+0	1.859226E-4	1.170515E+2	1.927978E-4	1.171980E+2	-3.566331E-2	-2.465725E-3
2.027734E+0	1.792317E-4	1.092088E+2	1.904778E-4	1.072588E+2	-5.958643E-2	3.201832E-2
2.031250E+0	1.825175E-4	1.007517E+2	1.875438E-4	9.917612E+1	-2.716862E-2	2.675869E-2
2.034766E+0	1.930568E-4	8.950907E+1	1.924588E-4	8.926466E+1	3.098032E-3	4.279001E-3
2.038281E+0	1.850676E-4	8.140061E+1	1.885599E-4	8.081872E+1	-1.857152E-2	9.967629E-3
2.041797E+0	1.873471E-4	7.238435E+1	1.902723E-4	6.899684E+1	-1.709416E-2	5.818035E-2
2.045313E+0	1.908997E-4	5.999067E+1	1.974952E-4	6.022014E+1	-3.340350E-2	-3.871246E-3
2.048828E+0	2.045305E-4	5.052022E+1	1.971939E-4	5.111745E+1	3.714866E-2	-1.081125E-2
2.052344E+0	1.954664E-4	4.210340E+1	1.967018E-4	4.118652E+1	-6.407807E-3	1.590139E-2
2.055859E+0	1.929001E-4	3.133490E+1	1.968814E-4	2.983034E+1	-2.055961E-2	2.572555E-2
2.059375E+0	1.916846E-4	2.071683E+1	1.975796E-4	2.102621E+1	-2.985022E-2	-5.238568E-3
2.062891E+0	2.016170E-4	6.958487E+0	2.042059E-4	1.056377E+1	-1.463187E-2	-6.208533E-2
2.066406E+0	1.984869E-4	2.096718E-1	1.980549E-4	-4.415879E-1	2.116473E-3	1.139117E-2
2.069922E+0	2.045536E-4	-1.042242E+1	1.982587E-4	-9.005083E+0	3.143528E-2	-2.552002E-2
2.073438E+0	1.978195E-4	-2.316570E+1	2.022557E-4	-2.074804E+1	-2.280422E-2	-4.125837E-2
2.076953E+0	2.005600E-4	-3.187547E+1	2.050450E-4	-3.098328E+1	-2.199183E-2	-1.523043E-2
2.080469E+0	2.076106E-4	-4.131408E+1	2.034957E-4	-4.368185E+1	1.935003E-2	4.214903E-2
2.083984E+0	2.121385E-4	-5.247449E+1	2.032799E-4	-5.320439E+1	4.349366E-2	1.329395E-2
2.087500E+0	1.952657E-4	-6.031187E+1	2.040588E-4	-6.101655E+1	-4.316338E-2	1.176871E-2
2.091016E+0	2.032479E-4	-7.117313E+1	2.085282E-4	-7.275782E+1	-2.569453E-2	2.695427E-2
2.094531E+0	2.002972E-4	-8.352049E+1	1.987661E-4	-7.973454E+1	5.503903E-3	-6.653784E-2
2.098047E+0	2.039098E-4	-9.280917E+1	1.935299E-4	-9.339704E+1	5.357915E-2	1.081038E-2
2.101562E+0	1.914136E-4	-1.011933E+2	2.043563E-4	-1.019045E+2	-6.340615E-2	1.162633E-2
2.105078E+0	2.040185E-4	-1.121364E+2	1.972415E-4	-1.138469E+2	3.389799E-2	3.087502E-2
2.108594E+0	2.095230E-4	-1.226649E+2	2.022507E-4	-1.240329E+2	3.566159E-2	2.473226E-2
2.112109E+0	1.958944E-4	-1.338383E+2	2.035712E-4	-1.328243E+2	-3.786133E-2	-1.702936E-2
2.115625E+0	2.074127E-4	-1.438911E+2	2.086612E-4	-1.424775E+2	-6.285900E-3	-2.452186E-2
2.119141E+0	2.105944E-4	-1.560607E+2	1.964621E-4	-1.567769E+2	7.185023E-2	1.339888E-2
2.122656E+0	2.060615E-4	-1.661396E+2	2.043269E-4	-1.650121E+2	8.294077E-3	-1.984436E-2
2.126172E+0	1.993112E-4	-1.772021E+2	1.954348E-4	-1.766192E+2	1.978197E-2	-1.037513E-2
2.129688E+0	1.989190E-4	1.760054E+2	1.907718E-4	1.721801E+2	4.038348E-2	6.956364E-2
2.133203E+0	1.989231E-4	1.650221E+2	1.972317E-4	1.650745E+2	8.575279E-3	-9.223953E-4
2.136719E+0	1.924450E-4	1.535492E+2	2.039985E-4	1.554176E+2	-5.713676E-2	-3.075742E-2
2.140234E+0	1.966454E-4	1.429472E+2	1.929098E-4	1.458582E+2	1.804913E-2	-5.176810E-2
2.143750E+0	1.983681E-4	1.335717E+2	1.973609E-4	1.340105E+2	5.073865E-3	-7.697513E-3
2.147266E+0	1.871855E-4	1.265705E+2	1.966315E-4	1.242584E+2	-4.881409E-2	3.840477E-2
2.150781E+0	1.923909E-4	1.170800E+2	1.915851E-4	1.133476E+2	2.076009E-3	6.537040E-2
2.154297E+0	1.830521E-4	1.056923E+2	1.912854E-4	1.063709E+2	-4.310909E-2	-1.133376E-2
2.157813E+0	1.883016E-4	9.292707E+1	2.000412E-4	9.399592E+1	-5.884970E-2	-1.755915E-2
2.161328E+0	1.918850E-4	8.465854E+1	1.859508E-4	8.478447E+1	3.191025E-2	-2.268032E-3
2.164844E+0	1.978218E-4	7.532929E+1	2.025175E-4	7.691551E+1	-2.356095E-2	-2.703939E-2
2.168359E+0	2.065844E-4	6.700852E+1	1.978689E-4	6.662802E+1	4.402382E-2	6.933441E-3
2.171875E+0	1.988229E-4	5.750664E+1	1.986391E-4	5.842244E+1	7.974410E-4	-1.599783E-2
2.175391E+0	2.056411E-4	4.665128E+1	1.973561E-4	4.465464E+1	4.134734E-2	3.630351E-2
2.178906E+0	1.991570E-4	3.572694E+1	1.905181E-4	3.753675E+1	4.482280E-2	-3.301395E-2
2.182422E+0	2.007700E-4	2.613652E+1	2.035333E-4	2.718694E+1	-1.374242E-2	-1.808337E-2
2.185938E+0	1.983296E-4	1.704951E+1	1.934689E-4	1.254196E+1	2.195321E-2	8.056496E-2
2.189453E+0	2.051706E-4	4.893415E+0	1.980070E-4	3.398724E+0	3.582596E-2	2.702801E-2
2.192969E+0	2.012739E-4	-5.652340E+0	1.943658E-4	-6.326034E+0	3.547016E-2	1.217580E-2
2.196484E+0	2.016771E-4	-1.642348E+1	2.082746E-4	-1.582755E+1	-3.172931E-2	-1.007129E-2
2.200000E+0	1.961213E-4	-2.836862E+1	1.951399E-4	-2.520304E+1	3.495657E-3	-5.549941E-2
