7.021484E-1	5.915976E-5	-1.068009E+2	6.846670E-5	-9.782638E+1	-1.465119E-1	-1.347902E-1
7.042969E-1	6.009955E-5	-1.073042E+2	6.194590E-5	-1.044175E+2	-3.103695E-2	-4.886005E-2
7.064453E-1	6.091010E-5	-1.122710E+2	6.143822E-5	-1.122080E+2	-8.596551E-3	-1.090105E-3
7.085937E-1	6.676251E-5	-1.230692E+2	6.135428E-5	-1.170532E+2	8.215477E-2	-1.140446E-1
7.107422E-1	7.193327E-5	-1.198601E+2	6.434022E-5	-1.253239E+2	1.129344E-1	1.064538E-1
7.128906E-1	6.640933E-5	-1.249572E+2	6.470762E-5	-1.314921E+2	1.963030E-2	1.168014E-1
7.150391E-1	6.289545E-5	-1.419121E+2	6.575193E-5	-1.368194E+2	-4.721941E-2	-8.491104E-2
7.171875E-1	6.692236E-5	-1.420384E+2	6.616961E-5	-1.385482E+2	9.500194E-3	-6.157037E-2
7.193359E-1	6.399589E-5	-1.392024E+2	6.552535E-5	-1.473833E+2	-3.328025E-2	1.389775E-1
7.214844E-1	5.959932E-5	-1.523275E+2	6.496931E-5	-1.563751E+2	-8.494234E-2	6.475104E-2
7.236328E-1	6.215947E-5	-1.592399E+2	7.546027E-5	-1.575440E+2	-1.766231E-1	-2.437828E-2
7.257812E-1	5.951910E-5	-1.686898E+2	6.928584E-5	-1.636038E+2	-1.443452E-1	-7.615442E-2
7.279297E-1	6.912531E-5	-1.748072E+2	6.850097E-5	-1.719256E+2	7.838352E-3	-5.073041E-2
7.300781E-1	6.786038E-5	1.788316E+2	6.616865E-5	1.783161E+2	2.552543E-2	9.227078E-3
7.322266E-1	6.598434E-5	1.745920E+2	6.561879E-5	1.769414E+2	4.725553E-3	-4.122164E-2
7.343750E-1	6.197233E-5	1.712106E+2	6.544875E-5	1.707767E+2	-5.314383E-2	7.170663E-3
7.365234E-1	6.739498E-5	1.634596E+2	7.175888E-5	1.614368E+2	-6.139862E-2	3.315065E-2
7.386719E-1	6.274172E-5	1.574767E+2	7.416030E-5	1.536961E+2	-1.558127E-1	5.578377E-2
7.408203E-1	6.823907E-5	1.490829E+2	6.576812E-5	1.422868E+2	3.028021E-2	1.227824E-1
7.429687E-1	6.806611E-5	1.427612E+2	6.890737E-5	1.413032E+2	-1.252837E-2	2.513352E-2
7.451172E-1	6.451170E-5	1.383593E+2	7.210240E-5	1.358924E+2	-1.061058E-1	3.851088E-2
7.472656E-1	6.470544E-5	1.319150E+2	7.050009E-5	1.337605E+2	-8.266958E-2	-2.955748E-2
7.494141E-1	6.400541E-5	1.241354E+2	6.579152E-5	1.304838E+2	-3.311365E-2	-1.075720E-1
7.515625E-1	7.033975E-5	1.177465E+2	6.975534E-5	1.209941E+2	6.758586E-3	-5.712559E-2
7.537109E-1	6.762901E-5	1.086807E+2	6.891142E-5	1.131808E+2	-2.163498E-2	-7.700072E-2
7.558594E-1	7.565688E-5	1.083519E+2	7.274430E-5	1.069887E+2	3.974424E-2	2.474261E-2
7.580078E-1	6.845665E-5	1.015420E+2	7.076506E-5	1.075904E+2	-3.800593E-2	-1.019313E-1
7.601562E-1	6.806947E-5	9.527983E+1	7.078226E-5	9.764056E+1	-3.914202E-2	-3.961218E-2
7.623047E-1	7.147500E-5	9.185650E+1	6.923720E-5	9.190712E+1	3.232037E-2	-9.120405E-4
7.644531E-1	6.789411E-5	8.601200E+1	6.893293E-5	9.020217E+1	-1.770270E-2	-7.196597E-2
7.666015E-1	6.725277E-5	7.813653E+1	6.630174E-5	7.627443E+1	1.380832E-2	3.296015E-2
7.687500E-1	6.954133E-5	7.578904E+1	7.158627E-5	7.240679E+1	-3.025818E-2	5.731180E-2
7.708984E-1	6.627994E-5	6.339520E+1	6.671400E-5	6.861853E+1	-1.063185E-2	-9.044576E-2
7.730469E-1	6.622499E-5	5.994793E+1	6.699158E-5	6.358126E+1	-1.343005E-2	-6.264592E-2
7.751953E-1	6.779416E-5	5.238377E+1	7.602636E-5	5.166872E+1	-1.083503E-1	1.112835E-2
7.773437E-1	7.287570E-5	4.447647E+1	7.384858E-5	4.985007E+1	-1.751087E-2	-9.241584E-2
7.794922E-1	7.316195E-5	4.439159E+1	7.278613E-5	4.246154E+1	4.593107E-3	3.385326E-2
7.816406E-1	7.685553E-5	3.518298E+1	7.116897E-5	3.367078E+1	7.952614E-2	2.849841E-2
7.837890E-1	7.294286E-5	3.282274E+1	8.284862E-5	3.234144E+1	-1.195956E-1	7.395808E-3
7.859375E-1	6.760357E-5	2.240168E+1	6.887977E-5	2.307248E+1	-1.859520E-2	-1.149049E-2
7.880859E-1	7.268564E-5	1.845918E+1	6.767468E-5	2.237036E+1	7.154336E-2	-7.326056E-2
7.902344E-1	7.366728E-5	1.334087E+1	7.884221E-5	1.283719E+1	-6.567264E-2	8.213766E-3
7.923828E-1	7.353603E-5	4.784876E+0	7.620831E-5	5.863605E+0	-3.523648E-2	-1.816611E-2
7.945312E-1	7.033865E-5	-4.095870E+0	7.544329E-5	-3.994048E+0	-6.766342E-2	-1.656884E-3
7.966797E-1	7.493453E-5	-3.926294E+0	7.986464E-5	-1.056263E+1	-6.801753E-2	1.084331E-1
7.988281E-1	6.919580E-5	-1.553969E+1	7.491636E-5	-1.592648E+1	-7.638034E-2	6.235228E-3
8.009765E-1	7.492235E-5	-2.154397E+1	8.155246E-5	-2.038462E+1	-8.148678E-2	-1.858817E-2
8.031250E-1	7.145427E-5	-2.331778E+1	8.567330E-5	-2.515596E+1	-1.663972E-1	2.675307E-2
8.052734E-1	7.282146E-5	-3.340612E+1	8.012264E-5	-3.233395E+1	-9.128418E-2	-1.700669E-2
8.074218E-1	7.537893E-5	-4.018053E+1	7.623203E-5	-4.302784E+1	-1.241156E-2	4.911858E-2
8.095703E-1	7.125625E-5	-4.589135E+1	7.464586E-5	-4.713347E+1	-4.563353E-2	2.069303E-2
8.117187E-1	7.116073E-5	-4.710040E+1	7.478441E-5	-5.041888E+1	-5.005057E-2	5.508116E-2
8.138672E-1	6.703947E-5	-5.562378E+1	7.056953E-5	-5.242008E+1	-5.150710E-2	-5.309043E-2
8.160156E-1	6.658203E-5	-6.314129E+1	7.727743E-5	-6.297403E+1	-1.384063E-1	-2.515204E-3
8.181640E-1	7.561656E-5	-6.921487E+1	7.278998E-5	-6.595519E+1	3.715124E-2	-5.906951E-2
8.203125E-1	7.245218E-5	-7.351956E+1	7.427343E-5	-7.837730E+1	-2.802478E-2	8.260554E-2
8.224609E-1	6.767689E-5	-8.141308E+1	7.824462E-5	-8.040250E+1	-1.351947E-1	-1.525497E-2
8.246093E-1	6.893055E-5	-8.904255E+1	8.165769E-5	-8.888860E+1	-1.558627E-1	-2.268147E-3
8.267578E-1	7.026123E-5	-9.125775E+1	7.237163E-5	-8.967730E+1	-2.952992E-2	-2.677629E-2
8.289062E-1	7.584115E-5	-9.898497E+1	8.007855E-5	-9.949100E+1	-5.295248E-2	8.364437E-3
8.310547E-1	7.724417E-5	-1.047081E+2	7.856647E-5	-1.047390E+2	-1.683048E-2	5.302300E-4
8.332031E-1	7.386070E-5	-1.088738E+2	7.654337E-5	-1.103267E+2	-3.535794E-2	2.446653E-2
8.353515E-1	6.651288E-5	-1.142906E+2	7.622800E-5	-1.164061E+2	-1.280429E-1	3.220942E-2
8.375000E-1	6.892817E-5	-1.264213E+2	7.457152E-5	-1.218655E+2	-7.859746E-2	-7.341893E-2
8.396484E-1	7.541550E-5	-1.294187E+2	8.216454E-5	-1.253166E+2	-8.449195E-2	-6.565816E-2
8.417968E-1	7.189099E-5	-1.333128E+2	7.932353E-5	-1.350186E+2	-9.410068E-2	2.697825E-2
8.439453E-1	7.473170E-5	-1.444575E+2	7.355688E-5	-1.401385E+2	1.308644E-2	-7.651221E-2
8.460937E-1	7.321391E-5	-1.474232E+2	8.051118E-5	-1.453342E+2	-9.124108E-2	-3.314797E-2
8.482422E-1	7.493096E-5	-1.512896E+2	7.475504E-5	-1.529373E+2	1.938836E-3	2.882149E-2
8.503906E-1	7.528131E-5	-1.625998E+2	8.469349E-5	-1.547242E+2	-1.195162E-1	-1.217951E-1
8.525390E-1	7.458944E-5	-1.640342E+2	7.544509E-5	-1.646029E+2	-1.139006E-2	9.812956E-3
8.546875E-1	7.439533E-5	-1.720167E+2	8.674438E-5	-1.653396E+2	-1.481786E-1	-9.972088E-2
8.568359E-1	7.843224E-5	1.797239E+2	7.861362E-5	-1.793187E+2	-2.446517E-3	-1.667045E-2
8.589843E-1	7.874500E-5	1.788936E+2	7.975900E-5	1.734554E+2	-1.715708E-2	9.356718E-2
8.611328E-1	7.702929E-5	1.706581E+2	8.047136E-5	1.702996E+2	-4.279259E-2	5.989330E-3
8.632812E-1	7.563931E-5	1.626956E+2	8.509465E-5	1.634366E+2	-1.111899E-1	-1.149552E-2
8.654296E-1	7.513862E-5	1.597562E+2	8.341458E-5	1.586224E+2	-9.939115E-2	1.782406E-2
8.675781E-1	7.032196E-5	1.506259E+2	7.703988E-5	1.536616E+2	-8.848145E-2	-4.834019E-2
8.697265E-1	8.447163E-5	1.432628E+2	8.044091E-5	1.450966E+2	4.957003E-2	-3.360385E-2
8.718750E-1	7.377408E-5	1.381348E+2	8.211521E-5	1.417871E+2	-1.034031E-1	-5.723080E-2
8.740234E-1	7.808542E-5	1.367605E+2	8.204627E-5	1.354350E+2	-4.853048E-2	2.201555E-2
8.761718E-1	7.658624E-5	1.260616E+2	7.833978E-5	1.249812E+2	-2.255757E-2	1.843336E-2
8.783203E-1	8.031167E-5	1.197333E+2	8.349586E-5	1.194479E+2	-3.814784E-2	4.791188E-3
8.804687E-1	7.524886E-5	1.109713E+2	8.454687E-5	1.116349E+2	-1.100343E-1	-1.030805E-2
8.826171E-1	7.876797E-5	1.095628E+2	8.320565E-5	1.105917E+2	-5.348651E-2	-1.699903E-2
8.847656E-1	7.701803E-5	1.014536E+2	8.193433E-5	1.052469E+2	-6.206227E-2	-6.218759E-2
8.869140E-1	7.800724E-5	9.664323E+1	8.512191E-5	9.509629E+1	-8.391612E-2	2.473954E-2
8.890625E-1	7.692716E-5	9.101838E+1	7.520268E-5	8.949305E+1	2.256863E-2	2.722929E-2
8.912109E-1	7.571824E-5	8.360069E+1	8.087915E-5	8.433675E+1	-6.388739E-2	-1.202659E-2
8.933593E-1	8.123593E-5	7.915216E+1	8.267089E-5	8.133707E+1	-1.807189E-2	-3.746288E-2
8.955078E-1	7.578866E-5	7.260453E+1	8.042507E-5	7.188742E+1	-5.772262E-2	1.179409E-2
8.976562E-1	7.658892E-5	6.724099E+1	8.613877E-5	6.616522E+1	-1.110226E-1	1.669316E-2
8.998046E-1	7.604363E-5	6.772980E+1	8.078680E-5	6.160380E+1	-6.408730E-2	1.004498E-1
9.019531E-1	7.660500E-5	5.234990E+1	8.318538E-5	5.605557E+1	-8.103039E-2	-5.951842E-2
9.041015E-1	7.574489E-5	5.083446E+1	8.579480E-5	4.954189E+1	-1.173636E-1	1.991531E-2
9.062500E-1	7.956714E-5	4.424793E+1	8.170951E-5	4.291616E+1	-2.648239E-2	2.263230E-2
9.083984E-1	7.620873E-5	3.730846E+1	8.423744E-5	3.835965E+1	-9.546273E-2	-1.659716E-2
9.105468E-1	7.512262E-5	3.014646E+1	8.097788E-5	3.299482E+1	-7.345302E-2	-4.609965E-2
9.126953E-1	8.192506E-5	2.208478E+1	8.366213E-5	2.365384E+1	-2.113009E-2	-2.681331E-2
9.148437E-1	8.171998E-5	1.599201E+1	8.605541E-5	2.046482E+1	-5.327163E-2	-7.405710E-2
9.169921E-1	7.729539E-5	1.593255E+1	8.878919E-5	1.130089E+1	-1.322933E-1	7.029662E-2
9.191406E-1	8.222103E-5	3.705655E+0	8.805621E-5	5.173892E+0	-6.657310E-2	-2.392483E-2
9.212890E-1	8.106154E-5	-3.417146E+0	8.902614E-5	2.463636E+0	-9.425555E-2	-9.329255E-2
9.234374E-1	7.963380E-5	-6.849961E+0	8.394435E-5	-3.674186E+0	-5.280695E-2	-5.255459E-2
9.255859E-1	7.713065E-5	-1.406212E+1	8.993302E-5	-1.424690E+1	-1.423590E-1	2.765919E-3
9.277343E-1	8.166856E-5	-1.755119E+1	8.567000E-5	-1.834238E+1	-4.679849E-2	1.316347E-2
9.298828E-1	8.081493E-5	-2.893668E+1	9.188719E-5	-2.464225E+1	-1.229677E-1	-6.585865E-2
9.320312E-1	7.743698E-5	-3.694478E+1	9.148701E-5	-3.132140E+1	-1.576475E-1	-8.294043E-2
9.341796E-1	8.393769E-5	-4.140311E+1	8.912525E-5	-3.661447E+1	-6.149268E-2	-7.862128E-2
9.363281E-1	7.730813E-5	-4.420780E+1	8.292925E-5	-4.499697E+1	-6.787054E-2	1.283960E-2
9.384765E-1	7.657283E-5	-5.047462E+1	8.249209E-5	-5.663251E+1	-7.711139E-2	9.957155E-2
9.406249E-1	8.596834E-5	-5.827038E+1	8.982643E-5	-5.567914E+1	-4.392909E-2	-4.326845E-2
9.427734E-1	8.423477E-5	-6.774991E+1	8.742006E-5	-6.466126E+1	-3.783631E-2	-5.191777E-2
9.449218E-1	8.458160E-5	-6.903349E+1	8.439441E-5	-6.820351E+1	2.112887E-3	-1.451751E-2
9.470703E-1	7.763020E-5	-7.390796E+1	8.637997E-5	-7.530882E+1	-1.015626E-1	2.197083E-2
9.492187E-1	8.080501E-5	-7.686068E+1	8.683559E-5	-8.559144E+1	-8.023099E-2	1.412498E-1
9.513671E-1	7.417623E-5	-8.705037E+1	8.686886E-5	-9.076132E+1	-1.479029E-1	5.526618E-2
9.535156E-1	8.075532E-5	-9.335576E+1	8.637916E-5	-9.160958E+1	-6.554059E-2	-2.848796E-2
9.556640E-1	8.252328E-5	-9.899610E+1	8.363734E-5	-9.570090E+1	-1.495147E-2	-5.671474E-2
9.578124E-1	8.125223E-5	-1.070878E+2	8.314110E-5	-1.045882E+2	-2.364871E-2	-4.262159E-2
9.599609E-1	8.046600E-5	-1.119812E+2	9.008481E-5	-1.117611E+2	-1.067816E-1	-3.431288E-3
9.621093E-1	8.098772E-5	-1.190096E+2	8.103946E-5	-1.165913E+2	-1.528482E-3	-4.216783E-2
9.642578E-1	7.491495E-5	-1.259906E+2	8.102696E-5	-1.274038E+2	-7.571303E-2	2.280216E-2
9.664062E-1	7.332392E-5	-1.262048E+2	9.053980E-5	-1.270128E+2	-1.902276E-1	1.142038E-2
9.685546E-1	7.804785E-5	-1.356375E+2	8.407873E-5	-1.309478E+2	-7.483672E-2	-7.589483E-2
9.707031E-1	7.710457E-5	-1.451633E+2	9.118118E-5	-1.377096E+2	-1.615261E-1	-1.096979E-1
9.728515E-1	7.392875E-5	-1.456655E+2	8.476858E-5	-1.445653E+2	-1.280363E-1	-1.674560E-2
9.749999E-1	8.177053E-5	-1.539568E+2	8.766273E-5	-1.504883E+2	-6.892309E-2	-5.643332E-2
9.771484E-1	8.426119E-5	-1.614039E+2	8.556760E-5	-1.567855E+2	-1.846493E-2	-7.928970E-2
9.792968E-1	8.295807E-5	-1.641816E+2	8.759659E-5	-1.638405E+2	-5.296999E-2	-5.638038E-3
9.814452E-1	7.500352E-5	-1.695462E+2	8.665365E-5	-1.679625E+2	-1.347754E-1	-2.392157E-2
9.835937E-1	7.887835E-5	-1.796521E+2	9.047781E-5	-1.746942E+2	-1.314641E-1	-7.534401E-2
9.857421E-1	8.567810E-5	1.760085E+2	8.921771E-5	1.762877E+2	-3.968525E-2	-4.679612E-3
9.878906E-1	8.457121E-5	1.699279E+2	9.413429E-5	1.750212E+2	-1.051372E-1	-7.975890E-2
9.900390E-1	8.221535E-5	1.622244E+2	8.837194E-5	1.668384E+2	-7.268177E-2	-7.483831E-2
9.921874E-1	8.628648E-5	1.578953E+2	9.073218E-5	1.618373E+2	-5.124798E-2	-6.537816E-2
9.943359E-1	8.501488E-5	1.496775E+2	9.285558E-5	1.528896E+2	-8.587812E-2	-5.130100E-2
9.964843E-1	8.671420E-5	1.417571E+2	9.318559E-5	1.490145E+2	-7.690125E-2	-1.175541E-1
9.986327E-1	8.329696E-5	1.414212E+2	8.634983E-5	1.355919E+2	-4.034295E-2	9.797425E-2
1.000781E+0	8.651385E-5	1.334092E+2	8.253822E-5	1.341980E+2	4.806781E-2	-1.442983E-2
1.002930E+0	7.676538E-5	1.234388E+2	9.275425E-5	1.295014E+2	-1.770076E-1	-8.740920E-2
1.005078E+0	8.117422E-5	1.190941E+2	9.160912E-5	1.210592E+2	-1.144279E-1	-3.038479E-2
1.007226E+0	8.561786E-5	1.155477E+2	9.593933E-5	1.148171E+2	-1.076559E-1	1.137923E-2
1.009375E+0	8.533089E-5	1.032538E+2	9.055812E-5	1.089699E+2	-6.240774E-2	-9.385024E-2
1.011523E+0	8.563830E-5	9.992374E+1	9.689929E-5	1.020567E+2	-1.168257E-1	-3.289328E-2
1.013672E+0	8.283505E-5	9.566322E+1	9.164659E-5	9.675496E+1	-9.631103E-2	-1.722139E-2
1.015820E+0	8.017667E-5	8.833786E+1	9.127767E-5	9.112585E+1	-1.226576E-1	-4.272486E-2
1.017969E+0	8.986030E-5	7.953576E+1	9.062837E-5	8.459139E+1	-1.233236E-2	-8.737610E-2
1.020117E+0	8.744585E-5	7.777975E+1	9.229367E-5	8.107224E+1	-5.408997E-2	-5.441643E-2
1.022266E+0	8.820381E-5	7.119132E+1	8.697309E-5	7.405673E+1	1.288261E-2	-5.069738E-2
1.024414E+0	9.336451E-5	6.572737E+1	9.084750E-5	6.494717E+1	2.761060E-2	1.399390E-2
1.026562E+0	9.772283E-5	5.957018E+1	9.301239E-5	6.171546E+1	4.990677E-2	-3.932920E-2
1.028711E+0	1.056702E-4	4.995954E+1	9.013135E-5	5.542678E+1	1.670688E-1	-1.117025E-1
1.030859E+0	1.193669E-4	3.972033E+1	8.589667E-5	4.774659E+1	3.760441E-1	-1.940336E-1
1.033008E+0	1.289950E-4	2.688034E+1	9.397299E-5	4.261885E+1	3.212193E-1	-3.723364E-1
1.035156E+0	1.382416E-4	1.533458E+1	9.505337E-5	3.925244E+1	3.294685E-1	-5.896352E-1
1.037305E+0	1.408431E-4	-7.208012E-1	9.050300E-5	3.286916E+1	2.963644E-1	-8.609751E-1
1.039453E+0	1.536857E-4	-1.505833E+1	8.855835E-5	2.331163E+1	3.606002E-1	-1.077237E+0
1.041601E+0	1.492945E-4	-3.148852E+1	9.393607E-5	2.274863E+1	-7.115091E-2	-1.289643E+0
1.043750E+0	1.443723E-4	-4.911324E+1	8.901692E-5	1.524564E+1	-2.981712E-1	-1.462136E+0
1.045898E+0	1.479601E-4	-6.468632E+1	9.090942E-5	8.298616E+0	-5.237397E-1	-1.556314E+0
1.048047E+0	1.505016E-4	-8.127684E+1	9.413021E-5	2.416692E+0	-8.243701E-1	-1.589191E+0
1.050195E+0	1.511055E-4	-1.001571E+2	9.618869E-5	-4.413810E+0	-1.157205E+0	-1.563042E+0
1.052344E+0	1.637140E-4	-1.226371E+2	9.082594E-5	-1.231546E+1	-1.625991E+0	-1.690311E+0
1.054492E+0	1.666430E-4	-1.465547E+2	9.226049E-5	-1.354434E+1	-2.232080E+0	-1.320765E+0
1.056641E+0	1.781540E-4	-1.717751E+2	9.970854E-5	-2.329065E+1	-2.523199E+0	-9.339865E-1
1.058789E+0	1.885236E-4	1.660901E+2	9.520610E-5	-2.781208E+1	-2.922159E+0	-4.757638E-1
1.060937E+0	2.003888E-4	1.433784E+2	9.948267E-5	-3.492609E+1	-3.013427E+0	5.959919E-2
1.063086E+0	2.136956E-4	1.205806E+2	1.008998E-4	-4.254142E+1	-3.026671E+0	6.148991E-1
1.065234E+0	2.317474E-4	9.993771E+1	9.836049E-5	-4.869773E+1	-3.011812E+0	1.226308E+0
1.067383E+0	2.418058E-4	8.242264E+1	9.467940E-5	-5.604525E+1	-2.911842E+0	1.693366E+0
1.069531E+0	2.481165E-4	6.416957E+1	9.899562E-5	-6.382258E+1	-2.542785E+0	1.975233E+0
1.071680E+0	2.703769E-4	4.784647E+1	9.686359E-5	-6.744760E+1	-2.192630E+0	2.523704E+0
1.073828E+0	2.712586E-4	2.947631E+1	9.557777E-5	-7.444286E+1	-1.682711E+0	2.754755E+0
1.075976E+0	2.804376E-4	1.805153E+1	1.003448E-4	-8.027753E+1	-1.404841E+0	2.765262E+0
1.078125E+0	2.947772E-4	3.503431E+0	9.965096E-5	-8.261211E+1	-7.996047E-1	2.951301E+0
1.080273E+0	3.149744E-4	-9.065192E+0	1.016769E-4	-9.296759E+1	-6.709444E-1	3.080271E+0
1.082422E+0	3.272134E-4	-2.287050E+1	9.718846E-5	-1.003533E+2	-2.703060E-1	3.286767E+0
1.084570E+0	3.421537E-4	-3.491684E+1	9.217572E-5	-1.028987E+2	3.916188E-1	3.441240E+0
1.086719E+0	3.606548E-4	-4.703321E+1	9.633981E-5	-1.076719E+2	8.355297E-1	3.262690E+0
1.088867E+0	3.886969E-4	-5.803835E+1	9.371032E-5	-1.150168E+2	1.260392E+0	3.477835E+0
1.091016E+0	4.105242E-4	-7.098493E+1	9.476579E-5	-1.196600E+2	1.860535E+0	3.253222E+0
1.093164E+0	4.350623E-4	-8.180795E+1	9.900396E-5	-1.258687E+2	2.157823E+0	3.055952E+0
1.095312E+0	4.592626E-4	-9.460693E+1	1.022641E-4	-1.343335E+2	2.454002E+0	2.870274E+0
1.097461E+0	4.912363E-4	-1.062251E+2	1.018179E-4	-1.385852E+2	3.075391E+0	2.582342E+0
1.099609E+0	5.285064E-4	-1.211086E+2	9.479144E-5	-1.452267E+2	4.088756E+0	2.278240E+0
1.101758E+0	5.590352E-4	-1.330484E+2	9.796151E-5	-1.524229E+2	4.383515E+0	1.893142E+0
1.103906E+0	5.972126E-4	-1.467417E+2	1.006387E-4	-1.579198E+2	4.821648E+0	1.150405E+0
1.106055E+0	6.315123E-4	-1.604120E+2	9.818195E-5	-1.631072E+2	5.424946E+0	3.024533E-1
1.108203E+0	6.523650E-4	-1.748364E+2	1.024434E-4	-1.676544E+2	5.318089E+0	-7.961438E-1
1.110351E+0	6.737478E-4	1.715660E+2	1.016860E-4	-1.758758E+2	5.467250E+0	-1.440649E+0
1.112500E+0	7.021468E-4	1.585311E+2	1.037894E-4	-1.792840E+2	5.264291E+0	-2.554484E+0
1.114648E+0	7.359537E-4	1.441383E+2	9.544865E-5	1.688872E+2	6.002270E+0	-3.227928E+0
1.116797E+0	7.690911E-4	1.294379E+2	9.708232E-5	1.652463E+2	5.424610E+0	-4.635007E+0
1.118945E+0	7.851695E-4	1.117486E+2	1.000305E-4	1.618553E+2	4.034227E+0	-6.022299E+0
1.121094E+0	8.095749E-4	9.350470E+1	9.706961E-5	1.559826E+2	2.853905E+0	-7.396316E+0
1.123242E+0	8.277160E-4	7.344949E+1	9.884109E-5	1.455304E+2	1.576524E+0	-7.967993E+0
1.125391E+0	8.296867E-4	5.318999E+1	1.006085E-4	1.409475E+2	-6.773167E-1	-8.240370E+0
1.127539E+0	8.438313E-4	3.153665E+1	1.053955E-4	1.377704E+2	-3.238224E+0	-7.687112E+0
1.129687E+0	8.495033E-4	7.778635E+0	1.026315E-4	1.252832E+2	-4.822579E+0	-7.341678E+0
1.131836E+0	8.511218E-4	-1.637491E+1	1.063339E-4	1.224633E+2	-7.026022E+0	-5.268289E+0
1.133984E+0	8.028384E-4	-4.170358E+1	9.615799E-5	1.159456E+2	-8.721910E+0	-3.174990E+0
1.136133E+0	8.004433E-4	-6.665658E+1	1.056980E-4	1.103383E+2	-8.562514E+0	-3.970122E-1
1.138281E+0	8.151041E-4	-9.200787E+1	1.038349E-4	1.015174E+2	-8.632296E+0	1.835913E+0
1.140430E+0	8.248300E-4	-1.199706E+2	1.001772E-4	9.657162E+1	-7.615113E+0	4.902474E+0
1.142578E+0	8.398861E-4	-1.463985E+2	1.034255E-4	9.323146E+1	-5.105679E+0	7.006351E+0
1.144726E+0	8.933923E-4	-1.734804E+2	1.045503E-4	8.493434E+1	-2.716077E+0	8.371006E+0
1.146875E+0	9.166800E-4	1.581766E+2	1.044091E-4	8.207233E+1	1.108494E+0	8.522751E+0
1.149023E+0	9.104486E-4	1.327978E+2	1.005312E-4	7.513089E+1	3.843717E+0	7.652215E+0
1.151172E+0	9.375239E-4	1.060417E+2	1.005650E-4	7.022903E+1	6.559990E+0	5.454979E+0
1.153320E+0	9.057387E-4	8.135337E+1	9.759849E-5	5.795182E+1	7.516896E+0	3.685863E+0
1.155469E+0	9.059850E-4	5.747123E+1	1.017622E-4	5.919115E+1	7.898951E+0	-2.672114E-1
1.157617E+0	8.790852E-4	3.255019E+1	9.416954E-5	5.110169E+1	7.850062E+0	-2.970037E+0
1.159766E+0	8.362911E-4	9.483978E+0	1.043646E-4	4.241007E+1	5.726032E+0	-4.355612E+0
1.161914E+0	7.780340E-4	-1.412479E+1	1.002743E-4	3.495597E+1	4.082140E+0	-5.863004E+0
1.164062E+0	7.292526E-4	-3.547000E+1	1.021886E-4	3.129577E+1	1.815222E+0	-6.557582E+0
1.166211E+0	6.647126E-4	-5.931508E+1	1.065820E-4	2.781161E+1	-6.873720E-1	-6.228790E+0
1.168359E+0	6.234167E-4	-8.494502E+1	1.025347E-4	1.886638E+1	-2.451472E+0	-5.904262E+0
1.170508E+0	5.648974E-4	-1.143974E+2	9.852656E-5	1.530881E+1	-4.662823E+0	-4.410919E+0
1.172656E+0	4.913041E-4	-1.458729E+2	1.006583E-4	1.186356E+1	-5.517043E+0	-1.849217E+0
1.174805E+0	4.253645E-4	-1.740130E+2	1.017247E-4	1.971201E+0	-5.171260E+0	-2.928387E-1
1.176953E+0	4.049884E-4	1.609945E+2	1.011256E-4	-2.602468E+0	-4.841806E+0	1.130926E+0
1.179101E+0	4.276006E-4	1.316868E+2	1.039785E-4	-7.127534E+0	-4.094904E+0	2.708017E+0
1.181250E+0	4.742501E-4	9.857384E+1	1.055478E-4	-1.617310E+1	-2.880915E+0	4.080593E+0
1.183398E+0	4.749832E-4	6.757649E+1	1.062579E-4	-1.961636E+1	-7.810796E-1	4.464734E+0
1.185547E+0	4.779127E-4	4.365816E+1	1.062250E-4	-2.770985E+1	4.373978E-1	4.263266E+0
1.187695E+0	4.999423E-4	1.858182E+1	1.108338E-4	-3.466803E+1	1.698895E+0	3.614239E+0
1.189844E+0	5.006024E-4	-4.400311E+0	1.037647E-4	-4.107415E+1	2.869402E+0	2.881416E+0
1.191992E+0	5.028928E-4	-2.784604E+1	1.106516E-4	-4.427048E+1	3.359372E+0	1.285054E+0
1.194141E+0	4.599557E-4	-5.147361E+1	1.105067E-4	-5.157082E+1	3.162237E+0	7.061801E-3
1.196289E+0	4.151866E-4	-7.062369E+1	1.144306E-4	-5.716922E+1	2.528705E+0	-8.442020E-1
1.198437E+0	3.866272E-4	-9.181194E+1	1.097128E-4	-6.627465E+1	2.179717E+0	-1.519188E+0
1.200586E+0	3.358854E-4	-1.124884E+2	1.084332E-4	-7.014210E+1	1.289414E+0	-2.086591E+0
1.202734E+0	2.800098E-4	-1.307959E+2	1.070358E-4	-7.736023E+1	5.584396E-1	-2.101172E+0
1.204883E+0	2.228938E-4	-1.463082E+2	1.022367E-4	-8.494389E+1	4.482371E-2	-1.913505E+0
1.207031E+0	1.186573E-4	-1.696023E+2	1.072087E-4	-9.041785E+1	-7.923136E-1	-1.087127E+0
1.209180E+0	6.997766E-5	-1.779588E+2	1.037115E-4	-9.483743E+1	-9.191895E-1	-6.698772E-1
1.211328E+0	3.270168E-5	-1.725478E+2	1.112436E-4	-9.988686E+1	-9.123910E-1	-2.806062E-1
1.213476E+0	1.798541E-5	-1.251435E+2	1.101058E-4	-1.073485E+2	-8.444685E-1	-4.992072E-2
1.215625E+0	3.122417E-5	-8.408190E+1	1.103483E-4	-1.130516E+2	-7.524450E-1	1.370509E-1
1.217773E+0	5.929474E-5	-7.926411E+1	1.078292E-4	-1.192216E+2	-5.784938E-1	3.531531E-1
1.219922E+0	7.494867E-5	-9.085933E+1	1.053155E-4	-1.244540E+2	-4.072079E-1	3.937707E-1
1.222070E+0	9.200072E-5	-9.784720E+1	1.119330E-4	-1.341119E+2	-3.372864E-1	4.861832E-1
1.224219E+0	1.134054E-4	-1.133950E+2	1.052229E-4	-1.397078E+2	-3.390636E-2	4.777418E-1
1.226367E+0	1.069377E-4	-1.271494E+2	1.145312E-4	-1.441259E+2	-1.069870E-1	2.726210E-1
1.228516E+0	1.111217E-4	-1.296433E+2	1.085799E-4	-1.517009E+2	-5.149714E-2	3.843297E-1
1.230664E+0	1.132286E-4	-1.360804E+2	1.115688E-4	-1.564654E+2	-4.868156E-2	3.535087E-1
1.232812E+0	1.253363E-4	-1.452451E+2	1.118034E-4	-1.637845E+2	6.286573E-2	3.564428E-1
1.234961E+0	1.312486E-4	-1.544759E+2	1.085226E-4	-1.681237E+2	1.752642E-1	2.853644E-1
1.237109E+0	1.377724E-4	-1.634959E+2	1.119726E-4	-1.728982E+2	2.138819E-1	2.010069E-1
1.239258E+0	1.340270E-4	-1.728595E+2	1.105808E-4	1.784142E+2	1.979978E-1	1.838822E-1
1.241406E+0	1.356912E-4	-1.789029E+2	1.132802E-4	1.746217E+2	1.901951E-1	1.350880E-1
1.243555E+0	1.360335E-4	1.692944E+2	1.117837E-4	1.684440E+2	2.168010E-1	1.806143E-2
1.245703E+0	1.366124E-4	1.645006E+2	1.060089E-4	1.614032E+2	2.868054E-1	6.963233E-2
1.247851E+0	1.311154E-4	1.546991E+2	1.154822E-4	1.546242E+2	1.353723E-1	1.484218E-3
1.250000E+0	1.288040E-4	1.486395E+2	1.129671E-4	1.497356E+2	1.399817E-1	-2.181114E-2
1.252148E+0	1.260398E-4	1.437888E+2	1.066587E-4	1.416536E+2	1.808909E-1	4.402778E-2
1.254297E+0	1.254876E-4	1.385763E+2	1.088751E-4	1.350831E+2	1.504416E-1	7.022698E-2
1.256445E+0	1.348356E-4	1.288192E+2	1.076247E-4	1.293343E+2	2.527807E-1	-1.126304E-2
1.258594E+0	1.354517E-4	1.216997E+2	1.108228E-4	1.242429E+2	2.210329E-1	-5.423387E-2
1.260742E+0	1.247460E-4	1.110051E+2	1.092698E-4	1.157431E+2	1.377318E-1	-9.429829E-2
1.262890E+0	1.144645E-4	1.047643E+2	1.147300E-4	1.124374E+2	-1.124741E-2	-1.332119E-1
1.265039E+0	1.101889E-4	9.950304E+1	1.065203E-4	1.037316E+2	3.162448E-2	-7.627479E-2
1.267187E+0	1.028004E-4	9.727896E+1	1.080005E-4	1.015621E+2	-5.080723E-2	-7.108928E-2
1.269336E+0	9.893601E-5	9.534327E+1	1.075920E-4	9.406377E+1	-8.068126E-2	2.053317E-2
1.271484E+0	1.023797E-4	9.013492E+1	1.124110E-4	8.787564E+1	-8.994568E-2	3.590376E-2
1.273633E+0	1.082962E-4	8.348807E+1	1.066939E-4	8.286351E+1	1.495742E-2	1.106411E-2
1.275781E+0	1.178044E-4	7.883246E+1	1.102276E-4	7.337933E+1	6.390096E-2	1.015637E-1
1.277930E+0	1.183035E-4	7.041974E+1	1.103131E-4	6.995822E+1	7.239904E-2	8.638408E-3
1.280078E+0	1.086454E-4	5.938664E+1	1.118518E-4	6.091818E+1	-2.901350E-2	-2.596106E-2
1.282226E+0	9.904985E-5	5.991887E+1	1.137729E-4	5.833574E+1	-1.297397E-1	2.405214E-2
1.284375E+0	9.776513E-5	5.968843E+1	1.112026E-4	5.218039E+1	-1.283752E-1	1.148760E-1
1.286523E+0	1.073709E-4	6.417340E+1	1.112523E-4	4.411454E+1	-9.343120E-2	3.310191E-1
1.288672E+0	1.212407E-4	5.861172E+1	1.153376E-4	4.249413E+1	9.863303E-3	2.918180E-1
1.290820E+0	1.344930E-4	5.017124E+1	1.160120E-4	3.616010E+1	1.248117E-1	2.806794E-1
1.292969E+0	1.404439E-4	4.044765E+1	1.179452E-4	3.055215E+1	1.730405E-1	2.046334E-1
1.295117E+0	1.533470E-4	3.327697E+1	1.108948E-4	2.539094E+1	3.697377E-1	1.897264E-1
1.297265E+0	1.621949E-4	2.413311E+1	1.180013E-4	1.496600E+1	3.569624E-1	2.189806E-1
1.299414E+0	1.708859E-4	1.311375E+1	1.162612E-4	1.192928E+1	4.695306E-1	3.038379E-2
1.301562E+0	1.745368E-4	2.479076E+0	1.133103E-4	1.799598E+0	5.402353E-1	1.826670E-2
1.303711E+0	1.876199E-4	-1.088459E+1	1.154331E-4	-2.685864E-1	5.975364E-1	-2.994327E-1
1.305859E+0	1.880347E-4	-2.546297E+1	1.163409E-4	-8.360901E+0	5.447728E-1	-4.752952E-1
1.308008E+0	1.888024E-4	-3.957756E+1	1.186266E-4	-1.403687E+1	4.360396E-1	-6.862081E-1
1.310156E+0	1.849022E-4	-5.650867E+1	1.173224E-4	-2.184524E+1	2.962861E-1	-8.963675E-1
1.312305E+0	1.759447E-4	-7.379315E+1	1.204967E-4	-2.645465E+1	-1.049833E-2	-1.073759E+0
1.314453E+0	1.736532E-4	-1.061413E+2	1.203709E-4	-3.221083E+1	-6.006689E-1	-1.386282E+0
1.316601E+0	1.603093E-4	-1.563490E+2	1.180963E-4	-3.946260E+1	-1.613868E+0	-1.210712E+0
1.318750E+0	1.603607E-4	1.430206E+2	1.210300E-4	-4.667392E+1	-2.306045E+0	-2.231179E-1
1.320898E+0	2.283111E-4	8.239149E+1	1.163269E-4	-5.122390E+1	-2.353876E+0	1.420945E+0
1.323047E+0	3.047088E-4	3.897163E+1	1.183946E-4	-5.887734E+1	-1.351466E+0	2.549560E+0
1.325195E+0	3.753057E-4	2.912225E+0	1.211319E-4	-6.234050E+1	2.970091E-1	2.813782E+0
1.327344E+0	4.072343E-4	-2.528159E+1	1.203844E-4	-6.888521E+1	1.449569E+0	2.332988E+0
1.329492E+0	4.442222E-4	-5.091654E+1	1.162216E-4	-7.768959E+1	2.412452E+0	1.721739E+0
1.331640E+0	4.825002E-4	-7.752969E+1	1.215560E-4	-8.293174E+1	2.951736E+0	3.736917E-1
1.333789E+0	4.722129E-4	-1.043159E+2	1.223759E-4	-9.024333E+1	2.742903E+0	-9.382475E-1
1.335937E+0	4.583100E-4	-1.322550E+2	1.159936E-4	-9.786504E+1	2.260552E+0	-2.231707E+0
1.338086E+0	4.127326E-4	-1.652168E+2	1.176267E-4	-1.014497E+2	5.509784E-1	-3.147441E+0
1.340234E+0	3.588820E-4	1.621962E+2	1.142920E-4	-1.053809E+2	-1.132745E+0	-3.137238E+0
1.342383E+0	2.929220E-4	1.149520E+2	1.153664E-4	-1.141451E+2	-2.662522E+0	-1.919072E+0
1.344531E+0	2.473902E-4	5.660833E+1	1.205508E-4	-1.181302E+2	-3.043519E+0	1.881856E-1
1.346680E+0	2.487739E-4	-4.780772E+0	1.144029E-4	-1.264487E+2	-2.141624E+0	1.850764E+0
1.348828E+0	2.590392E-4	-5.406995E+1	1.235471E-4	-1.302793E+2	-5.002031E-1	2.036243E+0
1.350976E+0	2.749614E-4	-9.306345E+1	1.165542E-4	-1.374874E+2	6.848125E-1	1.651271E+0
1.353125E+0	2.590660E-4	-1.221995E+2	1.178644E-4	-1.450088E+2	1.026117E+0	8.520883E-1
1.355273E+0	2.324647E-4	-1.438397E+2	1.229364E-4	-1.508585E+2	8.767642E-1	2.310628E-1
1.357422E+0	2.015124E-4	-1.604751E+2	1.157957E-4	-1.557576E+2	7.343454E-1	-1.431225E-1
1.359570E+0	1.853340E-4	-1.704515E+2	1.217114E-4	-1.629588E+2	5.097314E-1	-1.985642E-1
1.361719E+0	1.566511E-4	1.778393E+2	1.226902E-4	-1.690361E+2	2.434502E-1	-2.899228E-1
1.363867E+0	1.432830E-4	1.734620E+2	1.143084E-4	-1.748941E+2	2.276820E-1	-2.529874E-1
1.366015E+0	1.380263E-4	1.652744E+2	1.189206E-4	-1.788738E+2	1.165211E-1	-3.170342E-1
1.368164E+0	1.268838E-4	1.600209E+2	1.207725E-4	1.723911E+2	2.621080E-2	-2.250676E-1
1.370312E+0	1.181610E-4	1.570417E+2	1.201978E-4	1.689182E+2	-3.798918E-2	-2.023154E-1
1.372461E+0	1.080433E-4	1.492608E+2	1.154378E-4	1.601693E+2	-8.096804E-2	-1.771191E-1
1.374609E+0	9.953305E-5	1.491413E+2	1.203639E-4	1.586320E+2	-1.843844E-1	-1.363512E-1
1.376758E+0	9.987801E-5	1.476021E+2	1.220102E-4	1.511904E+2	-1.830011E-1	-5.123372E-2
1.378906E+0	1.014331E-4	1.454900E+2	1.221457E-4	1.452250E+2	-1.695818E-1	3.840813E-3
1.381055E+0	9.520929E-5	1.429049E+2	1.272267E-4	1.387770E+2	-2.535977E-1	5.386812E-2
1.383203E+0	1.056602E-4	1.374868E+2	1.197266E-4	1.330110E+2	-1.201790E-1	6.886952E-2
1.385351E+0	1.132604E-4	1.344599E+2	1.273869E-4	1.248627E+2	-1.233382E-1	1.482322E-1
1.387500E+0	1.187334E-4	1.311018E+2	1.257070E-4	1.184823E+2	-7.829243E-2	2.063554E-1
1.389648E+0	1.274404E-4	1.239363E+2	1.251885E-4	1.129136E+2	-7.922690E-4	1.946372E-1
1.391797E+0	1.295294E-4	1.186560E+2	1.151739E-4	1.073914E+2	1.029763E-1	2.196878E-1
1.393945E+0	1.390335E-4	1.094446E+2	1.183512E-4	9.977106E+1	1.580500E-1	1.973987E-1
1.396094E+0	1.324537E-4	1.025769E+2	1.219630E-4	9.295999E+1	7.075341E-2	1.814295E-1
1.398242E+0	1.416953E-4	9.930140E+1	1.182851E-4	8.996494E+1	1.820442E-1	1.943396E-1
1.400390E+0	1.405910E-4	8.716767E+1	1.215788E-4	8.238319E+1	1.523482E-1	9.645104E-2
1.402539E+0	1.450185E-4	8.052113E+1	1.224367E-4	7.659946E+1	1.816632E-1	8.100672E-2
1.404687E+0	1.530110E-4	7.249224E+1	1.208530E-4	7.032212E+1	2.651838E-1	4.794270E-2
1.406836E+0	1.454704E-4	6.385807E+1	1.200085E-4	6.428479E+1	2.121339E-1	-9.027739E-3
1.408984E+0	1.501751E-4	5.664125E+1	1.221408E-4	5.823111E+1	2.290511E-1	-3.411283E-2
1.411133E+0	1.418451E-4	4.831414E+1	1.196358E-4	5.398987E+1	1.798284E-1	-1.172578E-1
1.413281E+0	1.460839E-4	4.294797E+1	1.217481E-4	4.739571E+1	1.962730E-1	-9.305092E-2
1.415430E+0	1.453253E-4	3.744734E+1	1.220357E-4	4.060316E+1	1.890366E-1	-6.555779E-2
1.417578E+0	1.412454E-4	2.804959E+1	1.168178E-4	3.836576E+1	1.895627E-1	-2.165270E-1
1.419726E+0	1.368157E-4	2.135979E+1	1.206864E-4	2.793600E+1	1.261874E-1	-1.298305E-1
1.421875E+0	1.211987E-4	1.164038E+1	1.205656E-4	2.614288E+1	-2.677952E-2	-2.517372E-1
1.424023E+0	1.208881E-4	3.580670E+0	1.202124E-4	1.995847E+1	-3.518389E-2	-2.835547E-1
1.426172E+0	1.057704E-4	-1.316494E+0	1.261651E-4	1.177877E+1	-1.834524E-1	-1.899454E-1
1.428320E+0	1.141322E-4	-2.639557E+0	1.228223E-4	3.286639E+0	-7.571960E-2	-9.594221E-2
1.430469E+0	1.076924E-4	-7.351317E+0	1.306240E-4	3.901275E-1	-1.830682E-1	-1.110553E-1
1.432617E+0	9.869961E-5	-1.524771E+1	1.240024E-4	-7.449992E+0	-2.114108E-1	-1.079913E-1
1.434765E+0	8.963155E-5	-1.694741E+1	1.223674E-4	-1.220441E+1	-2.700293E-1	-6.056609E-2
1.436914E+0	8.389554E-5	-9.660695E+0	1.269932E-4	-1.719952E+1	-3.450802E-1	8.667335E-2
1.439062E+0	9.263797E-5	-1.570790E+0	1.278328E-4	-2.108099E+1	-3.169289E-1	2.420250E-1
1.441211E+0	1.156999E-4	4.385412E-2	1.278222E-4	-2.980142E+1	-2.148867E-1	4.504629E-1
1.443359E+0	1.493735E-4	-4.028827E+0	1.281208E-4	-3.461497E+1	3.665564E-3	5.932386E-1
1.445508E+0	1.900714E-4	-1.526852E+1	1.312397E-4	-4.112859E+1	3.032491E-1	6.317018E-1
1.447656E+0	2.417275E-4	-3.073892E+1	1.298990E-4	-4.766106E+1	7.803138E-1	5.416522E-1
1.449805E+0	2.849920E-4	-5.198167E+1	1.325483E-4	-5.365229E+1	1.149185E+0	6.268332E-2
1.451953E+0	3.123417E-4	-7.939453E+1	1.368670E-4	-6.199636E+1	1.177676E+0	-6.823660E-1
1.454101E+0	2.991204E-4	-1.132786E+2	1.267164E-4	-6.789944E+1	6.580786E-1	-1.680170E+0
1.456250E+0	2.339270E-4	-1.529029E+2	1.374707E-4	-7.405435E+1	-6.708957E-1	-1.669522E+0
1.458398E+0	1.535028E-4	1.547628E+2	1.310493E-4	-8.261545E+1	-1.631456E+0	-9.865554E-1
1.460547E+0	1.188814E-4	7.365704E+1	1.295612E-4	-8.311959E+1	-1.843223E+0	3.618130E-1
1.462695E+0	1.851328E-4	1.042915E+1	1.397377E-4	-9.379972E+1	-1.325645E+0	1.284215E+0
1.464844E+0	2.579626E-4	-3.022717E+1	1.320706E-4	-9.932269E+1	-3.030704E-1	1.824650E+0
1.466992E+0	3.151877E-4	-6.383419E+1	1.300385E-4	-1.085679E+2	7.218345E-1	1.705903E+0
1.469140E+0	3.438537E-4	-9.407433E+1	1.362713E-4	-1.135544E+2	1.378862E+0	8.414682E-1
1.471289E+0	3.449566E-4	-1.222676E+2	1.321079E-4	-1.181293E+2	1.604365E+0	-1.884332E-1
1.473437E+0	3.091992E-4	-1.514051E+2	1.262864E-4	-1.233612E+2	1.160925E+0	-1.151109E+0
1.475586E+0	2.252027E-4	1.786002E+2	1.299360E-4	-1.292745E+2	6.406388E-2	-1.368096E+0
1.477734E+0	1.264866E-4	1.601509E+2	1.318998E-4	-1.392621E+2	-5.290535E-1	-8.353522E-1
1.479883E+0	5.178896E-5	1.707594E+2	1.336098E-4	-1.436617E+2	-7.286991E-1	-2.768394E-1
1.482031E+0	6.860903E-5	-1.429591E+2	1.284162E-4	-1.510160E+2	-4.710028E-1	7.488151E-2
1.484180E+0	9.231170E-5	-1.418881E+2	1.308096E-4	-1.554953E+2	-3.141127E-1	1.660248E-1
1.486328E+0	1.105547E-4	-1.478199E+2	1.305698E-4	-1.589852E+2	-1.693164E-1	1.639570E-1
1.488476E+0	1.279583E-4	-1.544392E+2	1.354217E-4	-1.695293E+2	-8.769426E-2	2.459899E-1
1.490625E+0	1.345541E-4	-1.628491E+2	1.239094E-4	-1.742275E+2	6.456429E-2	2.142362E-1
1.492773E+0	1.381974E-4	-1.711141E+2	1.244117E-4	1.789838E+2	9.425944E-2	1.910202E-1
1.494922E+0	1.370361E-4	1.796579E+2	1.236847E-4	1.764374E+2	1.061973E-1	6.224307E-2
1.497070E+0	1.380159E-4	1.743972E+2	1.302085E-4	1.674589E+2	5.219846E-2	1.280437E-1
1.499219E+0	1.417666E-4	1.680588E+2	1.227542E-4	1.637357E+2	1.515960E-1	8.705587E-2
1.501367E+0	1.459407E-4	1.589162E+2	1.250719E-4	1.581595E+2	1.667527E-1	1.541009E-2
1.503515E+0	1.371407E-4	1.536577E+2	1.296779E-4	1.520613E+2	5.713827E-2	2.946207E-2
1.505664E+0	1.394859E-4	1.440473E+2	1.266069E-4	1.452129E+2	1.014963E-1	-2.241145E-2
1.507812E+0	1.364697E-4	1.388779E+2	1.250836E-4	1.399624E+2	9.083248E-2	-2.064985E-2
1.509961E+0	1.361094E-4	1.316954E+2	1.281662E-4	1.343753E+2	6.081434E-2	-4.965377E-2
1.512109E+0	1.360196E-4	1.264804E+2	1.306779E-4	1.284808E+2	4.024252E-2	-3.633334E-2
1.514258E+0	1.313621E-4	1.203723E+2	1.265706E-4	1.197125E+2	3.778753E-2	1.195136E-2
1.516406E+0	1.370639E-4	1.147664E+2	1.272337E-4	1.187098E+2	7.471053E-2	-7.408430E-2
1.518554E+0	1.381590E-4	1.088231E+2	1.368211E-4	1.079421E+2	9.659093E-3	1.552610E-2
1.520703E+0	1.260586E-4	1.037866E+2	1.305832E-4	1.036211E+2	-3.465320E-2	2.788431E-3
1.522851E+0	1.339421E-4	9.699242E+1	1.301857E-4	9.750977E+1	2.881223E-2	-9.289872E-3
1.525000E+0	1.346229E-4	9.472802E+1	1.345803E-4	9.087582E+1	-1.943501E-3	6.720420E-2
1.527148E+0	1.310194E-4	8.876199E+1	1.343912E-4	8.535509E+1	-2.681242E-2	5.793561E-2
1.529297E+0	1.415023E-4	8.189110E+1	1.351728E-4	8.046709E+1	4.650195E-2	2.601476E-2
1.531445E+0	1.325177E-4	7.535416E+1	1.388066E-4	7.155974E+1	-4.739969E-2	6.317846E-2
1.533594E+0	1.425787E-4	6.998110E+1	1.338892E-4	6.553739E+1	6.169952E-2	8.250812E-2
1.535742E+0	1.457427E-4	6.145345E+1	1.329100E-4	5.885655E+1	9.542567E-2	4.968360E-2
1.537890E+0	1.387856E-4	5.520127E+1	1.359732E-4	5.450210E+1	2.060749E-2	1.245491E-2
1.540039E+0	1.470401E-4	4.844601E+1	1.373359E-4	4.895743E+1	7.061768E-2	-9.556547E-3
1.542187E+0	1.427670E-4	4.210562E+1	1.329630E-4	4.095102E+1	7.351679E-2	2.163598E-2
1.544336E+0	1.422019E-4	3.245750E+1	1.294097E-4	3.810902E+1	9.350916E-2	-1.082123E-1
1.546484E+0	1.421179E-4	2.741005E+1	1.359088E-4	3.049297E+1	4.417241E-2	-5.623818E-2
1.548633E+0	1.408645E-4	2.334752E+1	1.324243E-4	2.041762E+1	6.234554E-2	5.437193E-2
1.550781E+0	1.418524E-4	1.580408E+1	1.344988E-4	1.880202E+1	5.323068E-2	-5.515951E-2
1.552929E+0	1.448781E-4	8.105450E+0	1.321607E-4	1.172098E+1	9.404494E-2	-6.912919E-2
1.555078E+0	1.419770E-4	1.427425E+0	1.321181E-4	6.922036E+0	6.968421E-2	-1.028973E-1
1.557226E+0	1.428272E-4	-3.437713E+0	1.330312E-4	2.797987E+0	6.728467E-2	-1.166171E-1
1.559375E+0	1.324780E-4	-1.033017E+1	1.325972E-4	-6.661329E+0	-2.946556E-3	-6.393208E-2
1.561523E+0	1.207485E-4	-1.677930E+1	1.299517E-4	-1.092041E+1	-7.567390E-2	-9.484957E-2
1.563672E+0	1.143400E-4	-1.834914E+1	1.339738E-4	-1.709459E+1	-1.467541E-1	-1.868568E-2
1.565820E+0	1.074041E-4	-1.240178E+1	1.414977E-4	-2.449029E+1	-2.577799E-1	1.589625E-1
1.567969E+0	1.245787E-4	-5.818676E+0	1.417211E-4	-2.972252E+1	-1.963569E-1	3.561901E-1
1.570117E+0	1.598747E-4	-9.086335E+0	1.371591E-4	-3.508194E+1	4.768699E-2	5.108916E-1
1.572265E+0	2.184778E-4	-2.470170E+1	1.416756E-4	-4.163382E+1	4.752497E-1	4.491187E-1
1.574414E+0	2.377812E-4	-4.711492E+1	1.420965E-4	-5.021735E+1	6.709258E-1	9.056518E-2
1.576562E+0	2.319743E-4	-7.213831E+1	1.458208E-4	-5.398707E+1	5.116546E-1	-4.955816E-1
1.578711E+0	1.873984E-4	-9.597881E+1	1.410402E-4	-6.098129E+1	8.843035E-2	-7.620569E-1
1.580859E+0	1.145791E-4	-1.163171E+2	1.399118E-4	-6.547775E+1	-4.828431E-1	-6.349869E-1
1.583008E+0	4.414408E-5	-9.850753E+1	1.442775E-4	-7.253294E+1	-7.249397E-1	-1.340049E-1
1.585156E+0	8.684218E-5	-3.689560E+1	1.430011E-4	-7.860281E+1	-5.466299E-1	4.040403E-1
1.587304E+0	1.642294E-4	-5.094920E+1	1.438929E-4	-8.384697E+1	-4.169185E-2	6.199044E-1
1.589453E+0	2.001848E-4	-7.283042E+1	1.443703E-4	-9.508815E+1	2.832897E-1	5.252098E-1
1.591601E+0	2.050351E-4	-9.387423E+1	1.420475E-4	-9.928571E+1	4.369931E-1	1.361263E-1
1.593750E+0	1.845111E-4	-1.091078E+2	1.419542E-4	-1.065624E+2	2.985107E-1	-5.772511E-2
1.595898E+0	1.625340E-4	-1.208720E+2	1.423394E-4	-1.117278E+2	1.273649E-1	-1.814667E-1
1.598047E+0	1.445220E-4	-1.272955E+2	1.393059E-4	-1.193101E+2	2.738393E-2	-1.441224E-1
1.600195E+0	1.453252E-4	-1.282915E+2	1.449280E-4	-1.254987E+2	1.549684E-3	-4.885779E-2
1.602344E+0	1.333770E-4	-1.332968E+2	1.458815E-4	-1.321961E+2	-8.588554E-2	-1.756307E-2
1.604492E+0	1.334555E-4	-1.365884E+2	1.436291E-4	-1.405806E+2	-7.308703E-2	6.468927E-2
1.606640E+0	1.313478E-4	-1.450029E+2	1.411468E-4	-1.443038E+2	-6.949344E-2	-1.135423E-2
1.608789E+0	1.295019E-4	-1.471456E+2	1.416410E-4	-1.505933E+2	-8.735807E-2	5.498344E-2
1.610937E+0	1.403120E-4	-1.515188E+2	1.426669E-4	-1.557188E+2	-1.914748E-2	7.202931E-2
1.613086E+0	1.421072E-4	-1.585907E+2	1.435735E-4	-1.606528E+2	-1.085386E-2	3.561518E-2
1.615234E+0	1.420251E-4	-1.644962E+2	1.382324E-4	-1.665451E+2	2.678026E-2	3.673337E-2
1.617383E+0	1.385785E-4	-1.688691E+2	1.384081E-4	-1.716042E+2	9.056896E-5	4.777712E-2
1.619531E+0	1.430035E-4	-1.764061E+2	1.402505E-4	-1.785528E+2	1.891358E-2	3.819349E-2
1.621679E+0	1.470987E-4	-1.787989E+2	1.369032E-4	1.751202E+2	6.842661E-2	1.138216E-1
1.623828E+0	1.437772E-4	1.718374E+2	1.411615E-4	1.707780E+2	1.835574E-2	1.883156E-2
1.625976E+0	1.460216E-4	1.664163E+2	1.435986E-4	1.627158E+2	1.475330E-2	6.563004E-2
1.628125E+0	1.428067E-4	1.590903E+2	1.437593E-4	1.577077E+2	-6.915561E-3	2.396870E-2
1.630273E+0	1.476373E-4	1.531341E+2	1.389234E-4	1.504206E+2	6.153291E-2	5.031130E-2
1.632422E+0	1.494145E-4	1.457407E+2	1.397058E-4	1.465920E+2	6.937585E-2	-1.588994E-2
1.634570E+0	1.441916E-4	1.406826E+2	1.352867E-4	1.421477E+2	6.547400E-2	-2.725098E-2
1.636719E+0	1.449910E-4	1.336442E+2	1.435544E-4	1.365173E+2	8.737777E-3	-5.062565E-2
1.638867E+0	1.436509E-4	1.272997E+2	1.435796E-4	1.283132E+2	3.400662E-4	-1.769677E-2
1.641015E+0	1.469070E-4	1.229731E+2	1.492063E-4	1.242520E+2	-1.565547E-2	-2.197522E-2
1.643164E+0	1.463573E-4	1.151575E+2	1.387038E-4	1.164420E+2	5.491358E-2	-2.365381E-2
1.645312E+0	1.424425E-4	1.112407E+2	1.438801E-4	1.103259E+2	-1.011784E-2	1.580607E-2
1.647461E+0	1.429385E-4	1.025002E+2	1.439892E-4	1.046601E+2	-8.002352E-3	-3.741342E-2
1.649609E+0	1.457783E-4	9.859618E+1	1.504156E-4	9.925057E+1	-3.089313E-2	-1.106890E-2
1.651758E+0	1.433982E-4	9.404575E+1	1.370957E-4	9.163743E+1	4.504767E-2	4.395250E-2
1.653906E+0	1.479090E-4	8.482792E+1	1.513111E-4	8.709386E+1	-2.324848E-2	-3.864883E-2
1.656054E+0	1.417760E-4	8.027158E+1	1.491031E-4	8.004564E+1	-4.914856E-2	3.749604E-3
1.658203E+0	1.431405E-4	7.356664E+1	1.481272E-4	7.245599E+1	-3.384653E-2	1.873075E-2
1.660351E+0	1.546280E-4	6.889635E+1	1.526508E-4	6.669888E+1	1.220752E-2	3.884033E-2
1.662500E+0	1.548213E-4	6.309508E+1	1.387251E-4	5.923115E+1	1.134926E-1	7.520610E-2
1.664648E+0	1.674511E-4	5.381799E+1	1.461010E-4	5.421082E+1	1.461055E-1	-7.858025E-3
1.666797E+0	1.618939E-4	4.471216E+1	1.471197E-4	4.753391E+1	9.908875E-2	-5.417264E-2
1.668945E+0	1.540877E-4	3.516380E+1	1.505162E-4	4.243251E+1	1.550134E-2	-1.295251E-1
1.671094E+0	1.421123E-4	2.758127E+1	1.525444E-4	3.434319E+1	-7.486762E-2	-1.096918E-1
1.673242E+0	1.214861E-4	1.995377E+1	1.468094E-4	2.911111E+1	-1.830376E-1	-1.316949E-1
1.675390E+0	1.129463E-4	2.794488E+1	1.436492E-4	2.144024E+1	-2.187967E-1	8.907096E-2
1.677539E+0	1.299590E-4	3.007963E+1	1.445097E-4	1.554466E+1	-1.294729E-1	2.257006E-1
1.679687E+0	1.635092E-4	2.499298E+1	1.417067E-4	1.245176E+1	1.263256E-1	2.505506E-1
1.681836E+0	1.744848E-4	1.360579E+1	1.405351E-4	5.878691E+0	2.303007E-1	1.669357E-1
1.683984E+0	1.760434E-4	-1.508616E+0	1.403271E-4	-1.794036E+0	2.545062E-1	6.249398E-3
1.686133E+0	1.660598E-4	-1.365407E+1	1.425112E-4	-6.112904E+0	1.551620E-1	-1.529244E-1
1.688281E+0	1.425219E-4	-2.345349E+1	1.443975E-4	-1.381810E+1	-2.691306E-2	-1.652036E-1
1.690429E+0	1.239772E-4	-2.445496E+1	1.472254E-4	-1.856816E+1	-1.623497E-1	-8.636770E-2
1.692578E+0	1.304193E-4	-2.196204E+1	1.320433E-4	-2.471123E+1	-1.343578E-2	4.737410E-2
1.694726E+0	1.319921E-4	-2.367063E+1	1.402612E-4	-2.990042E+1	-6.451218E-2	1.021187E-1
1.696875E+0	1.319685E-4	-3.031037E+1	1.436639E-4	-3.693754E+1	-8.754596E-2	1.060130E-1
1.699023E+0	1.425361E-4	-3.808197E+1	1.412444E-4	-3.898272E+1	9.020438E-3	1.586417E-2
1.701172E+0	1.539133E-4	-4.523384E+1	1.410194E-4	-4.565697E+1	9.140376E-2	8.060176E-3
1.703320E+0	1.537835E-4	-5.036835E+1	1.485798E-4	-5.272647E+1	3.414644E-2	4.258637E-2
1.705469E+0	1.560588E-4	-5.597061E+1	1.481455E-4	-5.682956E+1	5.329736E-2	1.579170E-2
1.707617E+0	1.505290E-4	-6.529047E+1	1.548877E-4	-6.283337E+1	-2.903456E-2	-4.166490E-2
1.709765E+0	1.526283E-4	-7.081308E+1	1.515238E-4	-6.746481E+1	5.569807E-3	-5.883081E-2
1.711914E+0	1.602477E-4	-7.555187E+1	1.575651E-4	-7.785889E+1	1.620101E-2	4.093956E-2
1.714062E+0	1.587678E-4	-8.321395E+1	1.495299E-4	-8.245628E+1	6.168678E-2	-1.404039E-2
1.716211E+0	1.586851E-4	-8.946802E+1	1.588784E-4	-8.825317E+1	-1.441158E-3	-2.117575E-2
1.718359E+0	1.636290E-4	-9.592853E+1	1.494453E-4	-9.430658E+1	9.447029E-2	-3.099095E-2
1.720508E+0	1.572732E-4	-1.014397E+2	1.483370E-4	-1.027828E+2	5.995126E-2	2.485142E-2
1.722656E+0	1.573367E-4	-1.085853E+2	1.579066E-4	-1.083625E+2	-3.616629E-3	-3.874550E-3
1.724804E+0	1.635465E-4	-1.144892E+2	1.615448E-4	-1.167040E+2	1.163470E-2	3.912479E-2
1.726953E+0	1.564094E-4	-1.199977E+2	1.607422E-4	-1.222070E+2	-2.767825E-2	3.751089E-2
1.729101E+0	1.679259E-4	-1.278768E+2	1.522228E-4	-1.274978E+2	1.031345E-1	-7.297118E-3
1.731250E+0	1.635037E-4	-1.344068E+2	1.551742E-4	-1.379578E+2	5.165539E-2	6.526165E-2
1.733398E+0	1.557148E-4	-1.418667E+2	1.620860E-4	-1.409179E+2	-3.943925E-2	-1.590804E-2
1.735547E+0	1.626035E-4	-1.475193E+2	1.558762E-4	-1.477643E+2	4.314843E-2	4.460589E-3
1.737695E+0	1.634078E-4	-1.553454E+2	1.580283E-4	-1.528768E+2	3.308176E-2	-4.453809E-2
1.739844E+0	1.567717E-4	-1.624286E+2	1.555334E-4	-1.634234E+2	7.809709E-3	1.749989E-2
1.741992E+0	1.609116E-4	-1.693116E+2	1.572871E-4	-1.664067E+2	2.172926E-2	-5.184618E-2
1.744140E+0	1.617521E-4	-1.740533E+2	1.492077E-4	-1.762521E+2	8.327523E-2	4.159252E-2
1.746289E+0	1.556982E-4	1.799115E+2	1.454970E-4	1.789204E+2	6.995269E-2	1.850984E-2
1.748437E+0	1.554118E-4	1.729184E+2	1.551079E-4	1.720119E+2	1.833880E-3	1.585175E-2
1.750586E+0	1.435006E-4	1.677753E+2	1.547822E-4	1.677906E+2	-7.288697E-2	-2.475720E-4
1.752734E+0	1.462366E-4	1.617909E+2	1.508449E-4	1.619166E+2	-3.055226E-2	-2.126854E-3
1.754883E+0	1.533366E-4	1.548535E+2	1.470452E-4	1.555522E+2	4.270795E-2	-1.271605E-2
1.757031E+0	1.491220E-4	1.498123E+2	1.407278E-4	1.525807E+2	5.841180E-2	-5.117985E-2
1.759179E+0	1.454454E-4	1.467757E+2	1.431077E-4	1.461461E+2	1.627389E-2	1.116787E-2
1.761328E+0	1.476584E-4	1.416969E+2	1.433525E-4	1.385119E+2	2.844609E-2	5.722898E-2
1.763476E+0	1.481347E-4	1.347084E+2	1.509391E-4	1.323294E+2	-1.942555E-2	4.073822E-2
1.765625E+0	1.543017E-4	1.291071E+2	1.379326E-4	1.258529E+2	1.168708E-1	6.350265E-2
1.767773E+0	1.534845E-4	1.204599E+2	1.430761E-4	1.244056E+2	7.020458E-2	-7.381685E-2
1.769922E+0	1.478771E-4	1.148179E+2	1.421400E-4	1.169947E+2	3.961157E-2	-3.951628E-2
1.772070E+0	1.380896E-4	1.095968E+2	1.463429E-4	1.128094E+2	-5.787990E-2	-5.288052E-2
1.774219E+0	1.349346E-4	1.061691E+2	1.511403E-4	1.045146E+2	-1.075951E-1	2.577667E-2
1.776367E+0	1.418653E-4	1.048299E+2	1.446039E-4	9.865560E+1	-2.462947E-2	1.055165E-1
1.778515E+0	1.498346E-4	9.750663E+1	1.461299E-4	9.528291E+1	2.457995E-2	3.978519E-2
1.780664E+0	1.513740E-4	9.006663E+1	1.401541E-4	8.861796E+1	7.970881E-2	2.730524E-2
1.782812E+0	1.546911E-4	8.417426E+1	1.493160E-4	8.437932E+1	3.599152E-2	-3.707801E-3
1.784961E+0	1.577588E-4	7.490055E+1	1.537578E-4	7.570101E+1	2.592132E-2	-1.433373E-2
1.787109E+0	1.518071E-4	6.926975E+1	1.507136E-4	7.074777E+1	6.920363E-3	-2.598060E-2
1.789258E+0	1.518225E-4	6.343389E+1	1.553023E-4	6.480473E+1	-2.268641E-2	-2.338735E-2
1.791406E+0	1.439082E-4	6.068490E+1	1.552121E-4	5.811907E+1	-7.375827E-2	4.150688E-2
1.793554E+0	1.603223E-4	5.133135E+1	1.533717E-4	5.094227E+1	4.529456E-2	7.098419E-3
1.795703E+0	1.526892E-4	4.640509E+1	1.562159E-4	4.679232E+1	-2.259813E-2	-6.605811E-3
1.797851E+0	1.557764E-4	4.172002E+1	1.571177E-4	3.996333E+1	-9.002882E-3	3.039352E-2
1.800000E+0	1.570844E-4	3.494815E+1	1.567191E-4	3.302287E+1	1.765096E-3	3.367446E-2
