4.035156E-1	3.960049E-5	2.605989E+1	4.258224E-5	2.333601E+1	-7.107405E-2	4.419507E-2
4.070313E-1	4.679476E-5	1.620082E+1	4.396255E-5	1.767853E+1	6.406925E-2	-2.744940E-2
4.105469E-1	3.730266E-5	2.907925E-2	3.903948E-5	8.549260E+0	-5.503408E-2	-1.415664E-1
4.140625E-1	3.843431E-5	-8.157700E+0	5.337194E-5	-7.015712E-1	-2.859669E-1	-9.344808E-2
4.175781E-1	4.884047E-5	-1.433096E+1	4.819626E-5	-5.284805E+0	7.621420E-4	-1.593317E-1
4.210938E-1	4.705299E-5	-1.915081E+1	4.296197E-5	-2.578366E+1	8.789356E-2	1.265057E-1
4.246094E-1	3.968862E-5	-3.084635E+1	4.351904E-5	-3.940385E+1	-9.817019E-2	1.357048E-1
4.281250E-1	4.451082E-5	-3.181281E+1	4.148400E-5	-3.787490E+1	6.696358E-2	1.133115E-1
4.316406E-1	4.693101E-5	-6.027526E+1	4.348351E-5	-4.914749E+1	5.899159E-2	-2.082990E-1
4.351563E-1	3.553596E-5	-6.251401E+1	5.049890E-5	-6.514368E+1	-2.970433E-1	3.228585E-2
4.386719E-1	4.145250E-5	-7.105730E+1	3.938889E-5	-7.858829E+1	4.331286E-2	1.379289E-1
4.421875E-1	3.901575E-5	-7.832179E+1	5.110233E-5	-7.745583E+1	-2.366044E-1	-1.153873E-2
4.457031E-1	4.383807E-5	-8.112489E+1	4.084517E-5	-9.188323E+1	5.440958E-2	2.003449E-1
4.492188E-1	4.311755E-5	-1.086406E+2	4.361644E-5	-8.915440E+1	-6.806110E-2	-3.297643E-1
4.527344E-1	4.023738E-5	-1.131062E+2	4.308518E-5	-1.094062E+2	-6.804358E-2	-6.026692E-2
4.562500E-1	3.688912E-5	-1.200415E+2	4.875262E-5	-1.185522E+2	-2.435964E-1	-1.966577E-2
4.597656E-1	4.665675E-5	-1.273054E+2	4.737194E-5	-1.399585E+2	-3.901651E-2	2.157406E-1
4.632813E-1	5.348594E-5	-1.321614E+2	4.848200E-5	-1.359905E+2	1.007496E-1	7.367325E-2
4.667969E-1	4.100219E-5	-1.489391E+2	4.082413E-5	-1.460159E+2	3.054750E-3	-5.121977E-2
4.703125E-1	4.107354E-5	-1.676493E+2	4.570663E-5	-1.560555E+2	-1.197007E-1	-1.806002E-1
4.738281E-1	4.943136E-5	-1.748846E+2	4.661589E-5	-1.705798E+2	5.740568E-2	-7.959582E-2
4.773438E-1	4.557177E-5	-1.677643E+2	5.226868E-5	1.784994E+2	-1.530613E-1	2.070299E-1
4.808594E-1	4.097413E-5	1.763226E+2	5.179992E-5	1.753984E+2	-2.090953E-1	1.275866E-2
4.843750E-1	4.797405E-5	1.487614E+2	5.083897E-5	1.545380E+2	-6.114477E-2	-9.497806E-2
4.878906E-1	4.204357E-5	1.600896E+2	4.212053E-5	1.552183E+2	-5.432580E-3	8.476268E-2
4.914063E-1	4.767864E-5	1.494009E+2	5.623097E-5	1.435246E+2	-1.565484E-1	8.680964E-2
4.949219E-1	4.512724E-5	1.323993E+2	4.563733E-5	1.263065E+2	-1.676261E-2	1.049528E-1
4.984375E-1	4.731079E-5	1.212944E+2	5.155284E-5	1.197689E+2	-8.261074E-2	2.443126E-2
5.019531E-1	5.078284E-5	1.161933E+2	4.425714E-5	1.077062E+2	1.348841E-1	1.693483E-1
5.054688E-1	4.318931E-5	9.875452E+1	5.076394E-5	1.039958E+2	-1.527701E-1	-7.771946E-2
5.089844E-1	4.597768E-5	8.463973E+1	4.797802E-5	9.515858E+1	-5.779729E-2	-1.749476E-1
5.125000E-1	4.458265E-5	8.260511E+1	4.544746E-5	8.375997E+1	-1.922805E-2	-1.977122E-2
5.160156E-1	4.741023E-5	6.883340E+1	6.081448E-5	8.133431E+1	-2.388942E-1	-1.687458E-1
5.195312E-1	4.854306E-5	5.608858E+1	4.773519E-5	7.267685E+1	-2.539932E-2	-2.903238E-1
5.230469E-1	5.356377E-5	4.141949E+1	5.644677E-5	5.386990E+1	-7.339057E-2	-2.045831E-1
5.265625E-1	5.139448E-5	4.907072E+1	5.589145E-5	4.585435E+1	-8.190748E-2	5.159247E-2
5.300781E-1	4.524234E-5	2.925332E+1	5.468725E-5	3.719435E+1	-1.806408E-1	-1.142936E-1
5.335937E-1	5.056008E-5	2.355552E+1	6.003679E-5	2.422817E+1	-1.579064E-1	-9.886597E-3
5.371094E-1	5.275383E-5	1.083750E+1	5.154260E-5	1.088151E+1	2.349929E-2	-7.861698E-4
5.406250E-1	5.482244E-5	-5.895258E+0	5.110929E-5	-9.567463E-2	6.716075E-2	-1.083904E-1
5.441406E-1	5.746831E-5	-1.815113E+0	5.321817E-5	-1.219666E+1	6.218475E-2	1.945938E-1
5.476563E-1	5.975064E-5	-1.595743E+1	5.086810E-5	-2.138837E+1	1.693462E-1	1.111729E-1
5.511719E-1	5.857550E-5	-2.723042E+1	4.999957E-5	-3.575278E+1	1.585843E-1	1.736138E-1
5.546875E-1	5.206067E-5	-3.179405E+1	5.452130E-5	-4.055659E+1	-5.627658E-2	1.454644E-1
5.582031E-1	5.911393E-5	-5.518589E+1	5.719978E-5	-4.383901E+1	1.326420E-2	-2.033325E-1
5.617188E-1	5.486763E-5	-5.125461E+1	5.886946E-5	-5.346272E+1	-6.867008E-2	3.591011E-2
5.652344E-1	5.439298E-5	-7.197815E+1	5.464042E-5	-6.551740E+1	-1.085058E-2	-1.120130E-1
5.687500E-1	6.100081E-5	-8.277652E+1	5.919904E-5	-8.386096E+1	3.025123E-2	1.950194E-2
5.722656E-1	5.700331E-5	-8.857080E+1	5.263331E-5	-8.634738E+1	8.221190E-2	-4.201741E-2
5.757813E-1	5.815531E-5	-9.913893E+1	5.827049E-5	-1.009315E+2	-2.465051E-3	3.121931E-2
5.792969E-1	4.912571E-5	-1.101361E+2	5.893859E-5	-1.068476E+2	-1.678658E-1	-4.781298E-2
5.828125E-1	4.956691E-5	-1.269553E+2	6.325934E-5	-1.195139E+2	-2.230483E-1	-1.014793E-1
5.863281E-1	5.662352E-5	-1.344743E+2	5.563260E-5	-1.370224E+2	1.680550E-2	4.524996E-2
5.898437E-1	5.750474E-5	-1.466609E+2	5.936313E-5	-1.396082E+2	-3.863495E-2	-1.189385E-1
5.933594E-1	5.498657E-5	-1.510099E+2	5.728452E-5	-1.467840E+2	-4.272435E-2	-7.073300E-2
5.968750E-1	5.836766E-5	-1.663727E+2	5.702918E-5	-1.556765E+2	5.687408E-3	-1.899575E-1
6.003906E-1	6.288837E-5	-1.741297E+2	4.910181E-5	-1.717543E+2	2.796744E-1	-5.308387E-2
6.039063E-1	5.441740E-5	-1.781005E+2	5.706028E-5	1.799112E+2	-4.689151E-2	3.308842E-2
6.074219E-1	5.840265E-5	1.681381E+2	4.756862E-5	1.722816E+2	2.245467E-1	-8.871113E-2
6.109375E-1	5.550627E-5	1.608156E+2	5.937485E-5	1.604413E+2	-6.517514E-2	6.107080E-3
6.144531E-1	5.924270E-5	1.533019E+2	5.897014E-5	1.484158E+2	9.711929E-4	8.556889E-2
6.179688E-1	4.831244E-5	1.418979E+2	5.329209E-5	1.377994E+2	-9.575908E-2	6.479300E-2
6.214844E-1	5.300494E-5	1.273195E+2	6.454878E-5	1.307676E+2	-1.803256E-1	-4.938822E-2
6.250000E-1	5.529736E-5	1.188805E+2	6.087502E-5	1.184200E+2	-9.165411E-2	7.300752E-3
6.285156E-1	5.404349E-5	1.097589E+2	5.920364E-5	1.136129E+2	-8.922367E-2	-6.135592E-2
6.320313E-1	6.367798E-5	9.995263E+1	6.249128E-5	1.058656E+2	1.356834E-2	-1.049740E-1
6.355469E-1	5.232820E-5	9.151897E+1	5.993276E-5	9.520479E+1	-1.286908E-1	-5.612850E-2
6.390625E-1	5.581349E-5	8.536859E+1	5.787014E-5	8.060345E+1	-3.887263E-2	8.011926E-2
6.425781E-1	5.515794E-5	7.826729E+1	6.088487E-5	7.488776E+1	-9.563710E-2	5.340482E-2
6.460938E-1	6.270322E-5	6.182526E+1	5.928549E-5	6.032383E+1	5.728555E-2	2.771240E-2
6.496094E-1	7.023382E-5	5.759022E+1	6.638143E-5	5.490761E+1	5.687468E-2	4.951946E-2
6.531250E-1	6.948704E-5	4.565406E+1	6.228592E-5	4.605214E+1	1.155870E-1	-7.751008E-3
6.566406E-1	6.751894E-5	3.071980E+1	6.852249E-5	3.229162E+1	-1.501632E-2	-2.702827E-2
6.601562E-1	5.982323E-5	1.776756E+1	6.722572E-5	2.182844E+1	-1.123481E-1	-6.301853E-2
6.636719E-1	6.477764E-5	1.247356E+1	6.043751E-5	1.324297E+1	7.171522E-2	-1.439265E-2
6.671875E-1	6.638207E-5	3.046914E+0	7.541089E-5	-2.403394E+0	-1.237081E-1	8.361033E-2
6.707031E-1	6.745678E-5	-1.229880E+1	6.373753E-5	-5.825030E+0	5.160409E-2	-1.193275E-1
6.742188E-1	6.738636E-5	-1.976557E+1	6.794443E-5	-2.110785E+1	-8.485775E-3	2.323266E-2
6.777344E-1	6.602541E-5	-2.893875E+1	6.227103E-5	-2.626320E+1	5.913512E-2	-4.949458E-2
6.812500E-1	6.543062E-5	-3.779838E+1	6.739992E-5	-3.580314E+1	-2.980670E-2	-3.379920E-2
6.847656E-1	6.710149E-5	-5.523844E+1	7.163245E-5	-5.311071E+1	-6.389875E-2	-3.477895E-2
6.882813E-1	6.600319E-5	-6.014656E+1	6.465638E-5	-5.994205E+1	2.082377E-2	-3.643716E-3
6.917969E-1	5.954692E-5	-6.953210E+1	7.315289E-5	-7.395335E+1	-1.884159E-1	6.275079E-2
6.953125E-1	6.622232E-5	-7.921770E+1	6.437251E-5	-8.201492E+1	2.751029E-2	5.020366E-2
6.988281E-1	6.796457E-5	-8.595218E+1	6.659671E-5	-8.916783E+1	1.893259E-2	5.724637E-2
7.023438E-1	6.625874E-5	-1.007840E+2	6.185525E-5	-9.854276E+1	7.037081E-2	-4.189108E-2
7.058594E-1	6.867799E-5	-1.103681E+2	6.349634E-5	-1.127722E+2	8.065350E-2	4.537027E-2
7.093750E-1	6.645564E-5	-1.223663E+2	5.817132E-5	-1.196074E+2	1.410883E-1	-5.498806E-2
7.128906E-1	6.399562E-5	-1.264499E+2	6.702034E-5	-1.269925E+2	-4.517419E-2	9.042620E-3
7.164063E-1	6.444048E-5	-1.388116E+2	6.632005E-5	-1.376851E+2	-2.852870E-2	-1.910269E-2
7.199219E-1	6.189102E-5	-1.483079E+2	6.458880E-5	-1.449425E+2	-4.342105E-2	-5.625158E-2
7.234375E-1	6.852012E-5	-1.564475E+2	6.840011E-5	-1.547277E+2	1.303288E-3	-3.006432E-2
7.269531E-1	6.882077E-5	-1.647275E+2	6.896456E-5	-1.675816E+2	-3.322831E-3	4.968903E-2
7.304687E-1	6.593015E-5	-1.742090E+2	7.258075E-5	-1.761677E+2	-9.216110E-2	3.104726E-2
7.339844E-1	6.449610E-5	1.671163E+2	7.226008E-5	1.697821E+2	-1.084109E-1	-4.151292E-2
7.375000E-1	6.687129E-5	1.543084E+2	6.985621E-5	1.645202E+2	-5.789350E-2	-1.697120E-1
7.410156E-1	6.765457E-5	1.502515E+2	6.983797E-5	1.491117E+2	-3.145547E-2	1.927005E-2
7.445313E-1	7.095026E-5	1.418590E+2	7.359577E-5	1.431260E+2	-3.618220E-2	-2.131669E-2
7.480469E-1	7.458540E-5	1.315538E+2	7.151614E-5	1.299105E+2	4.248810E-2	2.990780E-2
7.515625E-1	6.420443E-5	1.206848E+2	7.559855E-5	1.197343E+2	-1.508356E-1	1.408838E-2
7.550781E-1	7.024991E-5	1.127434E+2	6.521952E-5	1.158283E+2	7.556925E-2	-5.796646E-2
7.585938E-1	7.118112E-5	1.057703E+2	7.220786E-5	9.962424E+1	-1.988530E-2	1.055410E-1
7.621094E-1	7.543929E-5	9.481007E+1	7.304320E-5	9.642900E+1	3.239148E-2	-2.917867E-2
7.656250E-1	7.677396E-5	8.150941E+1	6.960330E-5	8.463271E+1	1.013834E-1	-6.009801E-2
7.691406E-1	6.652754E-5	7.708260E+1	7.318127E-5	7.684048E+1	-9.092933E-2	3.841566E-3
7.726563E-1	7.077078E-5	6.190555E+1	7.192513E-5	6.631795E+1	-1.896563E-2	-7.570006E-2
7.761719E-1	7.739462E-5	5.270931E+1	7.856574E-5	5.572072E+1	-1.626657E-2	-5.175173E-2
7.796875E-1	7.073460E-5	3.891604E+1	7.263311E-5	4.580774E+1	-3.317476E-2	-1.168566E-1
7.832031E-1	7.437960E-5	3.209752E+1	7.421694E-5	3.781068E+1	-2.786472E-3	-9.976648E-2
7.867188E-1	7.134190E-5	2.411991E+1	6.785092E-5	2.235863E+1	5.095399E-2	3.231665E-2
7.902344E-1	7.642435E-5	1.535898E+1	7.656311E-5	1.478300E+1	-1.862798E-3	1.003436E-2
7.937500E-1	7.173684E-5	1.067999E-1	7.885525E-5	5.382700E+0	-9.412596E-2	-8.365110E-2
7.972656E-1	8.085697E-5	-8.800234E+0	8.046631E-5	-1.143449E+1	3.793090E-3	4.618338E-2
8.007812E-1	7.664088E-5	-1.803595E+1	7.235206E-5	-1.867697E+1	5.921080E-2	1.185085E-2
8.042969E-1	7.874434E-5	-3.294355E+1	7.224311E-5	-3.545507E+1	8.894399E-2	4.776369E-2
8.078125E-1	6.865933E-5	-4.162677E+1	7.443163E-5	-3.962361E+1	-7.811542E-2	-3.224383E-2
8.113281E-1	7.603940E-5	-4.517263E+1	7.027540E-5	-4.489386E+1	8.200736E-2	-5.264499E-3
8.148438E-1	6.835099E-5	-5.969434E+1	7.558139E-5	-5.715845E+1	-9.654937E-2	-4.001252E-2
8.183594E-1	7.038638E-5	-6.876681E+1	7.785846E-5	-6.932645E+1	-9.601317E-2	8.830027E-3
8.218750E-1	7.396910E-5	-7.567727E+1	7.485615E-5	-7.753622E+1	-1.237011E-2	3.205470E-2
8.253906E-1	7.206529E-5	-8.618728E+1	7.389580E-5	-8.644444E+1	-2.478133E-2	4.377092E-3
8.289063E-1	6.647114E-5	-9.201488E+1	8.240860E-5	-9.305555E+1	-1.935286E-1	1.464965E-2
8.324219E-1	7.320740E-5	-1.031174E+2	7.879554E-5	-1.096923E+2	-7.703004E-2	1.063815E-1
8.359375E-1	7.182419E-5	-1.186214E+2	7.684108E-5	-1.126595E+2	-7.034484E-2	-9.708572E-2
8.394531E-1	7.454107E-5	-1.271613E+2	7.233963E-5	-1.272954E+2	3.042918E-2	2.411710E-3
8.429688E-1	6.847466E-5	-1.334686E+2	7.490761E-5	-1.349922E+2	-8.620164E-2	2.430531E-2
8.464844E-1	7.509161E-5	-1.484499E+2	7.682516E-5	-1.473624E+2	-2.274093E-2	-1.855105E-2
8.500000E-1	8.137862E-5	-1.557223E+2	8.583296E-5	-1.522028E+2	-5.368361E-2	-5.820247E-2
8.535156E-1	7.565200E-5	-1.673969E+2	8.637876E-5	-1.659970E+2	-1.244442E-1	-2.139659E-2
8.570313E-1	7.845987E-5	-1.737976E+2	7.604173E-5	-1.757494E+2	3.120155E-2	3.514182E-2
8.605469E-1	7.900170E-5	1.691579E+2	7.720874E-5	1.729481E+2	2.098424E-2	-6.763830E-2
8.640625E-1	7.978095E-5	1.649012E+2	8.301203E-5	1.619102E+2	-4.023227E-2	5.014812E-2
8.675781E-1	8.075315E-5	1.533403E+2	7.990583E-5	1.521331E+2	1.037967E-2	2.129146E-2
8.710937E-1	7.615631E-5	1.424677E+2	8.062142E-5	1.428497E+2	-5.540466E-2	-6.297859E-3
8.746094E-1	8.171309E-5	1.320403E+2	7.824963E-5	1.311006E+2	4.412124E-2	1.712602E-2
8.781250E-1	8.077037E-5	1.245141E+2	8.051300E-5	1.248676E+2	3.177533E-3	-6.189422E-3
8.816406E-1	7.997230E-5	1.108633E+2	8.441759E-5	1.159347E+2	-5.636688E-2	-8.374225E-2
8.851563E-1	7.668955E-5	1.037233E+2	8.065651E-5	1.036006E+2	-4.918556E-2	2.036190E-3
8.886719E-1	7.624433E-5	9.609136E+1	8.092776E-5	9.565582E+1	-5.789896E-2	7.161620E-3
8.921875E-1	7.403592E-5	7.914153E+1	8.155332E-5	8.422475E+1	-9.574814E-2	-8.043540E-2
8.957031E-1	7.957765E-5	7.787187E+1	7.792080E-5	7.834903E+1	2.122784E-2	-8.504995E-3
8.992188E-1	7.926216E-5	6.581766E+1	8.242200E-5	6.771370E+1	-3.886384E-2	-3.181767E-2
9.027344E-1	7.848833E-5	5.388208E+1	8.335867E-5	5.467048E+1	-5.851545E-2	-1.295581E-2
9.062500E-1	7.717965E-5	4.831512E+1	8.080251E-5	4.615039E+1	-4.551763E-2	3.607910E-2
9.097656E-1	7.720914E-5	3.145375E+1	8.488177E-5	3.469835E+1	-9.185006E-2	-5.148262E-2
9.132813E-1	8.346298E-5	2.834291E+1	8.913910E-5	2.480995E+1	-6.545658E-2	5.769876E-2
9.167969E-1	8.462701E-5	1.505114E+1	8.638288E-5	1.428376E+1	-2.041446E-2	1.312067E-2
9.203125E-1	8.626041E-5	3.561900E+0	8.312728E-5	4.503340E+0	3.755068E-2	-1.704977E-2
9.238281E-1	8.468853E-5	-5.926109E+0	8.780479E-5	-2.971653E+0	-3.677278E-2	-4.971287E-2
9.273438E-1	8.279344E-5	-1.403107E+1	8.437361E-5	-1.900560E+1	-2.242436E-2	8.508891E-2
9.308594E-1	8.482639E-5	-2.808447E+1	8.590909E-5	-3.018456E+1	-1.326606E-2	3.618344E-2
9.343750E-1	8.163824E-5	-3.662061E+1	8.736381E-5	-3.607073E+1	-6.558013E-2	-8.968105E-3
9.378906E-1	8.329313E-5	-4.679808E+1	8.618995E-5	-5.030396E+1	-3.541829E-2	5.909571E-2
9.414063E-1	8.126466E-5	-5.666959E+1	8.980527E-5	-5.663556E+1	-9.510159E-2	-5.374514E-4
9.449219E-1	8.188632E-5	-6.973400E+1	8.319783E-5	-6.611097E+1	-1.773084E-2	-6.219553E-2
9.484375E-1	7.680633E-5	-7.775013E+1	8.506956E-5	-7.711767E+1	-9.718999E-2	-9.966082E-3
9.519531E-1	7.781539E-5	-9.029966E+1	8.480415E-5	-8.678365E+1	-8.413777E-2	-5.627341E-2
9.554688E-1	7.596285E-5	-9.880308E+1	8.397183E-5	-1.005583E+2	-9.580143E-2	2.770822E-2
9.589844E-1	7.656334E-5	-1.038953E+2	8.616426E-5	-1.070963E+2	-1.128121E-1	4.961703E-2
9.625000E-1	8.071934E-5	-1.159940E+2	8.255697E-5	-1.143713E+2	-2.265103E-2	-2.768735E-2
9.660156E-1	7.888371E-5	-1.269916E+2	8.899970E-5	-1.258708E+2	-1.138328E-1	-1.733710E-2
9.695313E-1	8.477047E-5	-1.349055E+2	8.612896E-5	-1.319644E+2	-1.706916E-2	-5.050005E-2
9.730469E-1	7.850908E-5	-1.406968E+2	8.611698E-5	-1.438011E+2	-8.968154E-2	4.936960E-2
9.765625E-1	8.348890E-5	-1.575033E+2	9.144827E-5	-1.536070E+2	-8.914702E-2	-6.203663E-2
9.800781E-1	8.036357E-5	-1.598506E+2	8.868732E-5	-1.632084E+2	-9.541065E-2	5.307393E-2
9.835938E-1	8.282617E-5	-1.735620E+2	8.979390E-5	-1.730153E+2	-7.763891E-2	-8.801174E-3
9.871094E-1	8.328639E-5	1.752115E+2	9.187786E-5	1.782219E+2	-9.476063E-2	-4.760635E-2
9.906250E-1	8.314238E-5	1.620253E+2	9.546091E-5	1.641388E+2	-1.296351E-1	-3.212018E-2
9.941406E-1	8.709800E-5	1.557045E+2	8.897224E-5	1.567626E+2	-2.123237E-2	-1.807728E-2
9.976563E-1	8.412801E-5	1.407511E+2	8.645915E-5	1.478288E+2	-3.437691E-2	-1.198931E-1
1.001172E+0	8.429924E-5	1.334685E+2	9.439766E-5	1.374700E+2	-1.091544E-1	-6.231743E-2
1.004687E+0	8.319329E-5	1.229539E+2	9.493725E-5	1.256972E+2	-1.247066E-1	-4.194077E-2
1.008203E+0	8.271081E-5	1.126449E+2	8.748812E-5	1.147466E+2	-5.524120E-2	-3.467080E-2
1.011719E+0	8.856946E-5	1.061531E+2	9.017166E-5	1.031324E+2	-1.913308E-2	5.176041E-2
1.015234E+0	8.631762E-5	9.454356E+1	8.604145E-5	1.001499E+2	-1.589025E-3	-9.800659E-2
1.018750E+0	8.485265E-5	7.998867E+1	9.101725E-5	8.656783E+1	-7.386948E-2	-1.068156E-1
1.022266E+0	8.095364E-5	7.543639E+1	8.892197E-5	7.821232E+1	-9.067864E-2	-4.409032E-2
1.025781E+0	8.463928E-5	6.241431E+1	8.972438E-5	6.583138E+1	-5.835180E-2	-5.622575E-2
1.029297E+0	8.520465E-5	5.563078E+1	9.091701E-5	5.434204E+1	-6.306755E-2	2.107775E-2
1.032813E+0	9.051219E-5	4.895282E+1	8.673211E-5	4.718259E+1	4.308534E-2	3.223778E-2
1.036328E+0	8.327509E-5	3.959100E+1	9.053136E-5	3.368811E+1	-8.502938E-2	9.459966E-2
1.039844E+0	8.619275E-5	2.461088E+1	9.089745E-5	2.498757E+1	-5.177882E-2	-6.234152E-3
1.043359E+0	8.907555E-5	1.370814E+1	9.113942E-5	1.355355E+1	-2.264875E-2	2.637002E-3
1.046875E+0	9.012833E-5	4.074882E+0	9.463821E-5	7.269075E+0	-4.913345E-2	-5.306502E-2
1.050391E+0	8.624631E-5	-4.719504E+0	9.544619E-5	-4.012477E+0	-9.645693E-2	-1.115024E-2
1.053906E+0	8.655128E-5	-1.532374E+1	9.327255E-5	-1.300511E+1	-7.282025E-2	-3.754135E-2
1.057422E+0	8.724254E-5	-2.443429E+1	9.771869E-5	-2.208432E+1	-1.079581E-1	-3.660737E-2
1.060938E+0	8.866967E-5	-3.275420E+1	9.441637E-5	-3.416636E+1	-6.115074E-2	2.314436E-2
1.064453E+0	8.810122E-5	-4.276516E+1	9.641479E-5	-4.555162E+1	-8.730752E-2	4.442191E-2
1.067969E+0	8.485174E-5	-5.386499E+1	9.674190E-5	-5.167101E+1	-1.235490E-1	-3.357763E-2
1.071484E+0	8.846074E-5	-6.948713E+1	9.757894E-5	-6.292291E+1	-9.938741E-2	-1.036345E-1
1.075000E+0	9.015171E-5	-7.468229E+1	9.982698E-5	-7.489063E+1	-9.692636E-2	3.283788E-3
1.078516E+0	8.843146E-5	-8.446208E+1	9.548927E-5	-8.544646E+1	-7.404875E-2	1.591003E-2
1.082031E+0	8.550142E-5	-9.703049E+1	9.968102E-5	-9.288675E+1	-1.444920E-1	-6.198007E-2
1.085547E+0	8.472239E-5	-1.040683E+2	9.638437E-5	-1.041975E+2	-1.209967E-1	1.982125E-3
1.089063E+0	9.245744E-5	-1.178457E+2	9.466922E-5	-1.165837E+2	-2.360014E-2	-2.150972E-2
1.092578E+0	9.147186E-5	-1.273504E+2	9.820297E-5	-1.216573E+2	-7.313723E-2	-9.240047E-2
1.096094E+0	8.968077E-5	-1.359847E+2	9.704666E-5	-1.348690E+2	-7.607570E-2	-1.799352E-2
1.099609E+0	8.579119E-5	-1.453653E+2	9.387565E-5	-1.439021E+2	-8.641681E-2	-2.333585E-2
1.103125E+0	8.538018E-5	-1.560605E+2	9.665363E-5	-1.525171E+2	-1.183264E-1	-5.459584E-2
1.106641E+0	8.794591E-5	-1.631775E+2	1.031859E-4	-1.655798E+2	-1.484436E-1	3.572503E-2
1.110156E+0	8.961837E-5	-1.755091E+2	9.766792E-5	-1.700708E+2	-8.654773E-2	-8.696276E-2
1.113672E+0	9.176856E-5	1.752045E+2	9.933304E-5	-1.796351E+2	-7.989724E-2	-8.309475E-2
1.117187E+0	9.886547E-5	1.668559E+2	9.910065E-5	1.685802E+2	-2.824880E-3	-3.001876E-2
1.120703E+0	1.000442E-4	1.558338E+2	1.005540E-4	1.551042E+2	-5.150577E-3	1.266902E-2
1.124219E+0	1.155537E-4	1.437496E+2	1.056876E-4	1.448671E+2	9.314358E-2	-2.132344E-2
1.127734E+0	1.388492E-4	1.257617E+2	9.730402E-5	1.370514E+2	3.993507E-1	-2.793563E-1
1.131250E+0	1.565357E-4	1.013830E+2	1.001795E-4	1.255416E+2	4.256978E-1	-6.394962E-1
1.134766E+0	1.566518E-4	7.732255E+1	1.063311E-4	1.149686E+2	1.665142E-1	-8.998314E-1
1.138281E+0	1.595238E-4	4.637914E+1	9.675941E-5	1.114985E+2	-3.063586E-1	-1.495646E+0
1.141797E+0	1.644793E-4	1.828183E+1	9.490654E-5	9.460824E+1	-5.903200E-1	-1.683948E+0
1.145313E+0	1.791333E-4	-1.416990E+1	1.031002E-4	8.783636E+1	-1.361426E+0	-1.699461E+0
1.148828E+0	2.035272E-4	-5.631136E+1	1.066764E-4	7.684563E+1	-2.304999E+0	-1.391774E+0
1.152344E+0	2.154094E-4	-9.489705E+1	1.007153E-4	6.636876E+1	-3.025479E+0	-6.869343E-1
1.155859E+0	2.434275E-4	-1.345274E+2	1.012934E-4	5.564301E+1	-3.365431E+0	4.243471E-1
1.159375E+0	2.703010E-4	-1.697643E+2	9.608358E-5	5.028135E+1	-3.153584E+0	1.809998E+0
1.162891E+0	2.948048E-4	1.606440E+2	9.931695E-5	3.755036E+1	-2.620731E+0	2.486800E+0
1.166406E+0	3.174434E-4	1.357345E+2	1.055499E-4	2.989984E+1	-1.820639E+0	2.893394E+0
1.169922E+0	3.429448E-4	1.114641E+2	1.075228E-4	1.998170E+1	-1.082512E+0	3.188440E+0
1.173438E+0	3.728038E-4	8.968570E+1	9.604138E-5	7.616604E+0	-4.644078E-1	3.844572E+0
1.176953E+0	4.125646E-4	6.784582E+1	1.071397E-4	8.969794E-1	5.077591E-1	3.543258E+0
1.180469E+0	4.555903E-4	4.698746E+1	1.026496E-4	-9.635245E+0	1.441733E+0	3.706278E+0
1.183984E+0	4.851245E-4	2.589269E+1	9.842201E-5	-2.001657E+1	2.429599E+0	3.540216E+0
1.187500E+0	5.274172E-4	5.040559E+0	1.031856E-4	-3.210266E+1	3.074400E+0	3.086278E+0
1.191016E+0	5.884594E-4	-1.669086E+1	1.063148E-4	-4.373628E+1	3.929786E+0	2.516776E+0
1.194531E+0	6.494661E-4	-3.984805E+1	1.048947E-4	-5.033533E+1	5.088172E+0	1.126978E+0
1.198047E+0	7.040366E-4	-6.327319E+1	1.078439E-4	-6.178091E+1	5.526079E+0	-1.700115E-1
1.201563E+0	7.701588E-4	-8.840136E+1	1.102841E-4	-7.064314E+1	5.650662E+0	-2.129946E+0
1.205078E+0	8.328920E-4	-1.161109E+2	1.091293E-4	-8.239620E+1	5.348518E+0	-4.236289E+0
1.208594E+0	8.649885E-4	-1.477835E+2	1.107957E-4	-9.448033E+1	3.665348E+0	-6.259767E+0
1.212109E+0	8.756664E-4	1.767583E+2	1.072645E-4	-1.039407E+2	5.155713E-1	-8.021702E+0
1.215625E+0	8.839360E-4	1.386549E+2	1.140044E-4	-1.114871E+2	-3.633796E+0	-7.292480E+0
1.219141E+0	9.108277E-4	9.729212E+1	1.062633E-4	-1.229359E+2	-7.544112E+0	-5.535692E+0
1.222656E+0	8.553563E-4	5.237003E+1	1.073573E-4	-1.312479E+2	-8.951500E+0	-5.027642E-1
1.226172E+0	8.959697E-4	9.549501E+0	1.065738E-4	-1.433051E+2	-8.481014E+0	3.835711E+0
1.229688E+0	9.411664E-4	-3.524583E+1	1.059909E-4	-1.537709E+2	-5.240436E+0	7.801769E+0
1.233203E+0	9.705216E-4	-7.985898E+1	1.062859E-4	-1.620275E+2	2.442212E-1	9.046070E+0
1.236719E+0	9.607478E-4	-1.262151E+2	1.111760E-4	-1.720655E+2	5.019228E+0	6.200612E+0
1.240234E+0	9.299639E-4	-1.657871E+2	1.157344E-4	1.768047E+2	6.667290E+0	2.403988E+0
1.243750E+0	8.915263E-4	1.569611E+2	1.088542E-4	1.682126E+2	7.032683E+0	-1.598019E+0
1.247266E+0	8.161847E-4	1.188403E+2	1.115795E-4	1.569951E+2	4.751974E+0	-4.519014E+0
1.250781E+0	7.080329E-4	7.622185E+1	1.104526E-4	1.512889E+2	6.518573E-1	-6.193799E+0
1.254297E+0	5.682227E-4	3.507473E+1	1.088580E-4	1.407069E+2	-2.406544E+0	-5.026778E+0
1.257812E+0	4.981438E-4	-1.367648E+1	1.080998E-4	1.292711E+2	-4.677721E+0	-2.776640E+0
1.261328E+0	4.675747E-4	-6.585301E+1	1.078382E-4	1.167616E+2	-5.331377E+0	1.977935E-1
1.264844E+0	4.773691E-4	-1.233792E+2	1.109994E-4	1.076905E+2	-3.702416E+0	3.345519E+0
1.268359E+0	5.296763E-4	-1.725613E+2	1.111682E-4	9.896296E+1	-8.732596E-1	4.762953E+0
1.271875E+0	5.992059E-4	1.420627E+2	1.110739E-4	9.159485E+1	2.433761E+0	4.160726E+0
1.275391E+0	5.776255E-4	9.837206E+1	1.098018E-4	7.750323E+1	3.915515E+0	1.873989E+0
1.278906E+0	4.913103E-4	6.027315E+1	1.133882E-4	7.015277E+1	3.268737E+0	-7.434493E-1
1.282422E+0	4.143124E-4	2.535195E+1	1.093713E-4	5.903801E+1	2.152059E+0	-2.101054E+0
1.285938E+0	2.929535E-4	-1.057369E+1	1.128928E-4	4.833958E+1	3.398742E-1	-2.222298E+0
1.289453E+0	1.618522E-4	-3.598096E+1	1.108243E-4	3.834442E+1	-6.054272E-1	-1.406128E+0
1.292969E+0	7.082203E-5	-6.274986E+1	1.084626E-4	2.948331E+1	-1.025444E+0	-6.524668E-1
1.296484E+0	1.042553E-5	3.183597E+1	1.069553E-4	2.117560E+1	-9.042068E-1	1.803171E-2
1.300000E+0	6.575107E-5	5.432246E+1	1.125963E-4	9.905095E+0	-5.829046E-1	4.086977E-1
1.303516E+0	1.000416E-4	2.866251E+1	1.120045E-4	3.857723E+0	-1.892111E-1	3.747193E-1
1.307031E+0	1.116381E-4	1.190207E+1	1.158577E-4	-7.927267E+0	-9.355386E-2	3.268651E-1
1.310547E+0	1.130659E-4	1.333819E+0	1.122434E-4	-1.869624E+1	-5.360235E-2	3.450230E-1
1.314063E+0	1.385420E-4	-1.009150E+1	1.163327E-4	-2.802396E+1	1.330576E-1	3.666766E-1
1.317578E+0	1.455064E-4	-2.617832E+1	1.167162E-4	-4.029068E+1	2.090433E-1	3.039680E-1
1.321094E+0	1.481329E-4	-4.607777E+1	1.186598E-4	-5.054346E+1	2.445933E-1	9.720174E-2
1.324609E+0	1.442354E-4	-5.644104E+1	1.203034E-4	-5.983658E+1	1.968256E-1	7.101105E-2
1.328125E+0	1.387409E-4	-6.727130E+1	1.238201E-4	-7.150032E+1	1.174530E-1	8.262968E-2
1.331641E+0	1.411933E-4	-8.028658E+1	1.215243E-4	-8.097672E+1	1.617681E-1	1.399442E-2
1.335156E+0	1.378213E-4	-9.217721E+1	1.237657E-4	-9.206159E+1	1.135639E-1	-2.247119E-3
1.338672E+0	1.441357E-4	-1.037797E+2	1.176419E-4	-1.023514E+2	2.248265E-1	-3.053946E-2
1.342188E+0	1.213604E-4	-1.211554E+2	1.191561E-4	-1.113795E+2	3.710048E-3	-1.729361E-1
1.345703E+0	1.102885E-4	-1.232007E+2	1.198870E-4	-1.177290E+2	-8.425466E-2	-8.771976E-2
1.349219E+0	1.102606E-4	-1.268494E+2	1.202566E-4	-1.324305E+2	-8.746868E-2	8.917058E-2
1.352734E+0	1.279041E-4	-1.396217E+2	1.208204E-4	-1.415188E+2	5.804976E-2	3.504551E-2
1.356250E+0	1.194078E-4	-1.540827E+2	1.151110E-4	-1.485828E+2	3.255197E-2	-9.942163E-2
1.359766E+0	9.842121E-5	-1.597844E+2	1.173270E-4	-1.622410E+2	-1.619085E-1	3.595584E-2
1.363281E+0	1.096729E-4	-1.586053E+2	1.218873E-4	-1.689707E+2	-1.148949E-1	1.618947E-1
1.366797E+0	1.221130E-4	-1.616913E+2	1.191376E-4	-1.774044E+2	-1.332897E-2	2.775842E-1
1.370313E+0	1.588577E-4	-1.751422E+2	1.198785E-4	1.693439E+2	2.768746E-1	3.544423E-1
1.373828E+0	1.619720E-4	1.663660E+2	1.165214E-4	1.602500E+2	3.821503E-1	1.480996E-1
1.377344E+0	1.739218E-4	1.497621E+2	1.280824E-4	1.524728E+2	3.563705E-1	-6.421868E-2
1.380859E+0	1.861738E-4	1.345470E+2	1.207174E-4	1.420573E+2	5.289982E-1	-2.015761E-1
1.384375E+0	1.999309E-4	1.089433E+2	1.189410E-4	1.312816E+2	5.547814E-1	-6.388768E-1
1.387891E+0	1.940823E-4	7.626038E+1	1.222573E-4	1.202542E+2	1.420640E-1	-1.102640E+0
1.391406E+0	1.566365E-4	2.195174E+1	1.167330E-4	1.098775E+2	-9.514331E-1	-1.340956E+0
1.394922E+0	1.653983E-4	-7.654950E+1	1.241693E-4	9.789994E+1	-2.325793E+0	-1.288402E-1
1.398437E+0	2.722767E-4	-1.655609E+2	1.213972E-4	8.901167E+1	-1.596640E+0	2.162044E+0
1.401953E+0	4.247237E-4	1.356548E+2	1.277763E-4	7.897314E+1	8.258207E-1	2.777608E+0
1.405469E+0	4.778293E-4	8.881933E+1	1.217561E-4	6.968847E+1	2.707740E+0	1.286157E+0
1.408984E+0	4.751509E-4	3.906386E+1	1.203718E-4	6.005669E+1	2.685356E+0	-1.414146E+0
1.412500E+0	4.057431E-4	-6.908431E+0	1.197492E-4	5.077880E+1	8.111704E-1	-2.863575E+0
1.416016E+0	2.925224E-4	-6.960087E+1	1.203244E-4	4.275323E+1	-1.924625E+0	-2.248419E+0
1.419531E+0	2.245042E-4	-1.621719E+2	1.242938E-4	3.157656E+1	-2.754487E+0	4.292702E-1
1.423047E+0	2.490728E-4	1.012196E+2	1.198198E-4	2.116511E+1	-6.409797E-1	2.047490E+0
1.426563E+0	2.559335E-4	4.140812E+1	1.115548E-4	1.304070E+1	1.018745E+0	1.090048E+0
1.430078E+0	2.284690E-4	6.667674E+0	1.224104E-4	4.556648E+0	8.651515E-1	6.875142E-2
1.433594E+0	1.840489E-4	-1.344035E+1	1.292200E-4	-5.569184E+0	4.108875E-1	-1.950532E-1
1.437109E+0	1.586776E-4	-2.610647E+1	1.224070E-4	-1.726043E+1	2.808920E-1	-1.993466E-1
1.440625E+0	1.387340E-4	-4.147200E+1	1.252744E-4	-2.581462E+1	6.634688E-2	-2.988809E-1
1.444141E+0	1.239274E-4	-4.901309E+1	1.287916E-4	-3.540112E+1	-6.479530E-2	-2.264567E-1
1.447656E+0	1.040915E-4	-5.524662E+1	1.347702E-4	-4.480884E+1	-2.404180E-1	-1.399272E-1
1.451172E+0	1.067127E-4	-5.763729E+1	1.328061E-4	-5.465221E+1	-1.975677E-1	-4.184417E-2
1.454688E+0	1.093257E-4	-6.132266E+1	1.329443E-4	-6.757319E+1	-1.825464E-1	8.953338E-2
1.458203E+0	1.113275E-4	-6.651632E+1	1.304689E-4	-7.789273E+1	-1.634774E-1	1.683142E-1
1.461719E+0	1.357664E-4	-7.577892E+1	1.351240E-4	-9.152208E+1	-3.293655E-2	2.726155E-1
1.465234E+0	1.439223E-4	-8.939875E+1	1.378381E-4	-1.001320E+2	2.587284E-2	1.944573E-1
1.468750E+0	1.522265E-4	-1.015814E+2	1.310599E-4	-1.119494E+2	1.425384E-1	2.090355E-1
1.472266E+0	1.577538E-4	-1.129442E+2	1.311642E-4	-1.218189E+2	1.883211E-1	1.855486E-1
1.475781E+0	1.542110E-4	-1.274695E+2	1.345257E-4	-1.300659E+2	1.451543E-1	5.192905E-2
1.479297E+0	1.462734E-4	-1.421524E+2	1.268149E-4	-1.400548E+2	1.526673E-1	-4.221804E-2
1.482813E+0	1.513473E-4	-1.517729E+2	1.290505E-4	-1.508824E+2	1.726341E-1	-1.822673E-2
1.486328E+0	1.476652E-4	-1.622210E+2	1.312438E-4	-1.594165E+2	1.237738E-1	-5.505018E-2
1.489844E+0	1.373853E-4	-1.771989E+2	1.285912E-4	-1.697475E+2	5.936574E-2	-1.385541E-1
1.493359E+0	1.382748E-4	1.700061E+2	1.280056E-4	-1.783708E+2	5.807364E-2	-2.176359E-1
1.496875E+0	1.260248E-4	1.615123E+2	1.262553E-4	1.713636E+2	-1.654364E-2	-1.707794E-1
1.500391E+0	1.156994E-4	1.534834E+2	1.255031E-4	1.616701E+2	-8.750984E-2	-1.312756E-1
1.503906E+0	9.859926E-5	1.475897E+2	1.312844E-4	1.504213E+2	-2.498814E-1	-3.710163E-2
1.507422E+0	8.658167E-5	1.489022E+2	1.238345E-4	1.427731E+2	-3.048241E-1	7.464999E-2
1.510938E+0	1.171975E-4	1.611174E+2	1.250842E-4	1.311604E+2	-1.882271E-1	4.678653E-1
1.514453E+0	1.685679E-4	1.502065E+2	1.267766E-4	1.220699E+2	1.725155E-1	6.270278E-1
1.517969E+0	2.406682E-4	1.257488E+2	1.286415E-4	1.103285E+2	8.034961E-1	4.974531E-1
1.521484E+0	2.857838E-4	8.604816E+1	1.272143E-4	1.048400E+2	1.126727E+0	-7.236591E-1
1.525000E+0	2.379761E-4	3.390324E+1	1.324203E-4	9.284289E+1	-7.278912E-2	-1.539463E+0
1.528516E+0	1.069805E-4	-5.155859E+1	1.341291E-4	8.280285E+1	-1.557663E+0	-5.702342E-1
1.532031E+0	1.671782E-4	1.786650E+2	1.363086E-4	7.549487E+1	-1.279443E+0	1.194210E+0
1.535547E+0	2.926181E-4	1.150744E+2	1.349320E-4	6.421995E+1	3.690424E-1	1.681873E+0
1.539062E+0	3.412917E-4	6.403242E+1	1.347553E-4	5.332746E+1	1.488600E+0	4.704491E-1
1.542578E+0	2.942963E-4	1.448375E+1	1.326458E-4	4.407426E+1	9.292975E-1	-1.095571E+0
1.546094E+0	1.312819E-4	-2.251566E+1	1.329751E-4	3.228827E+1	-4.309629E-1	-8.067791E-1
1.549609E+0	5.585274E-5	2.037286E+1	1.333642E-4	2.167600E+1	-5.813097E-1	-9.524369E-3
1.553125E+0	1.065105E-4	2.793143E+1	1.319019E-4	1.323161E+1	-2.189327E-1	2.049065E-1
1.556641E+0	1.345488E-4	1.800628E+1	1.299149E-4	3.901282E+0	4.444109E-3	2.523921E-1
1.560156E+0	1.411678E-4	1.618653E+0	1.317741E-4	-5.124477E+0	6.387581E-2	1.257887E-1
1.563672E+0	1.469866E-4	-1.028033E+1	1.385228E-4	-1.339340E+1	5.953455E-2	5.762475E-2
1.567188E+0	1.484680E-4	-2.187836E+1	1.416320E-4	-2.294978E+1	4.808265E-2	1.960123E-2
1.570703E+0	1.507265E-4	-3.335701E+1	1.380728E-4	-3.538240E+1	9.096314E-2	3.858132E-2
1.574219E+0	1.531671E-4	-4.466327E+1	1.365632E-4	-4.415454E+1	1.215398E-1	-9.958429E-3
1.577734E+0	1.515101E-4	-5.786613E+1	1.473339E-4	-5.408251E+1	2.610373E-2	-6.785910E-2
1.581250E+0	1.449981E-4	-6.613292E+1	1.409609E-4	-6.591017E+1	2.863279E-2	-3.999057E-3
1.584766E+0	1.425347E-4	-7.734112E+1	1.455971E-4	-7.817179E+1	-2.113627E-2	1.419249E-2
1.588281E+0	1.406955E-4	-8.710955E+1	1.428138E-4	-8.366193E+1	-1.661556E-2	-5.924404E-2
1.591797E+0	1.450352E-4	-9.482848E+1	1.464662E-4	-9.875337E+1	-1.209262E-2	6.777994E-2
1.595313E+0	1.539935E-4	-1.073899E+2	1.406667E-4	-1.085146E+2	9.452935E-2	2.148806E-2
1.598828E+0	1.467925E-4	-1.161684E+2	1.406737E-4	-1.185983E+2	4.255813E-2	4.424116E-2
1.602344E+0	1.552206E-4	-1.268909E+2	1.445208E-4	-1.278113E+2	7.389783E-2	1.725259E-2
1.605859E+0	1.486526E-4	-1.401854E+2	1.408331E-4	-1.367091E+2	5.358097E-2	-6.400235E-2
1.609375E+0	1.503923E-4	-1.492276E+2	1.380874E-4	-1.495835E+2	8.908849E-2	6.765098E-3
1.612891E+0	1.423201E-4	-1.632175E+2	1.403439E-4	-1.580336E+2	9.933358E-3	-9.162500E-2
1.616406E+0	1.445074E-4	-1.685310E+2	1.414489E-4	-1.670734E+2	2.129208E-2	-2.598719E-2
1.619922E+0	1.466721E-4	1.791650E+2	1.392792E-4	-1.781867E+2	5.195500E-2	-4.865765E-2
1.623438E+0	1.331125E-4	1.677199E+2	1.369057E-4	1.725943E+2	-3.122310E-2	-8.261746E-2
1.626953E+0	1.195608E-4	1.568099E+2	1.386719E-4	1.630722E+2	-1.429599E-1	-9.404735E-2
1.630469E+0	1.042609E-4	1.619950E+2	1.316448E-4	1.551497E+2	-2.136591E-1	9.439608E-2
1.633984E+0	1.404245E-4	1.704224E+2	1.364490E-4	1.437563E+2	-8.032642E-2	4.618660E-1
1.637500E+0	2.217331E-4	1.461114E+2	1.394158E-4	1.357705E+2	5.646112E-1	2.854920E-1
1.641016E+0	2.251949E-4	1.076516E+2	1.372549E-4	1.275969E+2	5.422941E-1	-5.596822E-1
1.644531E+0	1.352105E-4	7.331314E+1	1.410842E-4	1.161019E+2	-2.966895E-1	-6.510164E-1
1.648047E+0	4.872823E-5	1.221611E+2	1.411412E-4	1.054377E+2	-6.693575E-1	9.934470E-2
1.651563E+0	1.732536E-4	1.292205E+2	1.464875E-4	9.488453E+1	-2.337618E-2	6.671064E-1
1.655078E+0	1.956650E-4	9.043677E+1	1.479897E-4	8.458141E+1	3.152546E-1	1.348827E-1
1.658594E+0	1.688449E-4	6.892085E+1	1.452660E-4	7.332320E+1	1.588860E-1	-8.921924E-2
1.662109E+0	1.534297E-4	5.738394E+1	1.434027E-4	6.532004E+1	5.967498E-2	-1.477226E-1
1.665625E+0	1.390346E-4	4.936517E+1	1.506973E-4	5.330204E+1	-7.956864E-2	-6.334379E-2
1.669141E+0	1.394218E-4	4.410248E+1	1.428971E-4	4.412205E+1	-2.432035E-2	-3.332541E-4
1.672656E+0	1.424351E-4	3.524981E+1	1.442200E-4	3.177295E+1	-1.419408E-2	5.989486E-2
1.676172E+0	1.473907E-4	2.565487E+1	1.448862E-4	2.058116E+1	1.330000E-2	8.996598E-2
1.679687E+0	1.472658E-4	1.724197E+1	1.466909E-4	1.421639E+1	2.519732E-3	5.298865E-2
1.683203E+0	1.462308E-4	5.997089E+0	1.415460E-4	3.705299E+0	3.227103E-2	4.131213E-2
1.686719E+0	1.495101E-4	-2.917176E+0	1.367065E-4	-7.529060E+0	9.011656E-2	8.793627E-2
1.690234E+0	1.510962E-4	-1.325638E+1	1.412663E-4	-1.636223E+1	6.801312E-2	5.795089E-2
1.693750E+0	1.506291E-4	-2.410244E+1	1.434625E-4	-2.267051E+1	4.962664E-2	-2.623762E-2
1.697266E+0	1.456253E-4	-3.280730E+1	1.429893E-4	-3.572253E+1	1.711696E-2	5.179598E-2
1.700781E+0	1.470367E-4	-4.457201E+1	1.394928E-4	-4.406801E+1	5.404015E-2	-9.272061E-3
1.704297E+0	1.521103E-4	-5.183589E+1	1.416675E-4	-5.366486E+1	7.316645E-2	3.426878E-2
1.707813E+0	1.483284E-4	-6.487769E+1	1.446201E-4	-6.242611E+1	2.470292E-2	-4.387191E-2
1.711328E+0	1.533116E-4	-7.244011E+1	1.504079E-4	-7.434871E+1	1.874002E-2	3.394817E-2
1.714844E+0	1.561806E-4	-8.222921E+1	1.527605E-4	-8.157148E+1	2.232128E-2	-1.173631E-2
1.718359E+0	1.521515E-4	-9.190130E+1	1.598388E-4	-9.392989E+1	-4.869065E-2	3.369574E-2
1.721875E+0	1.611334E-4	-1.005602E+2	1.558864E-4	-1.031577E+2	3.259709E-2	4.684481E-2
1.725391E+0	1.728752E-4	-1.165932E+2	1.577520E-4	-1.178768E+2	9.559194E-2	2.454870E-2
1.728906E+0	1.721771E-4	-1.331294E+2	1.600363E-4	-1.265009E+2	6.867115E-2	-1.241882E-1
1.732422E+0	1.474674E-4	-1.447341E+2	1.564536E-4	-1.349241E+2	-7.121883E-2	-1.605953E-1
1.735938E+0	1.300424E-4	-1.437848E+2	1.566101E-4	-1.470556E+2	-1.709949E-1	4.737625E-2
1.739453E+0	1.488873E-4	-1.448535E+2	1.519733E-4	-1.585426E+2	-4.813523E-2	2.318478E-1
1.742969E+0	1.827172E-4	-1.614223E+2	1.549051E-4	-1.685995E+2	1.703005E-1	1.473702E-1
1.746484E+0	1.790615E-4	1.761602E+2	1.564943E-4	1.798883E+2	1.417833E-1	-7.439815E-2
1.750000E+0	1.389287E-4	1.633495E+2	1.467319E-4	1.696769E+2	-5.894767E-2	-1.043487E-1
1.753516E+0	1.294627E-4	1.634201E+2	1.453840E-4	1.610459E+2	-1.102765E-1	3.688913E-2
1.757031E+0	1.380649E-4	1.573942E+2	1.457651E-4	1.522330E+2	-5.666636E-2	8.520602E-2
1.760547E+0	1.493980E-4	1.466289E+2	1.415224E-4	1.415539E+2	5.151074E-2	9.338239E-2
1.764063E+0	1.508880E-4	1.347360E+2	1.414479E-4	1.344400E+2	6.672483E-2	5.510936E-3
1.767578E+0	1.458051E-4	1.254467E+2	1.378825E-4	1.254031E+2	5.745876E-2	8.046877E-4
1.771094E+0	1.484639E-4	1.147426E+2	1.464283E-4	1.161894E+2	1.357845E-2	-2.559974E-2
1.774609E+0	1.511419E-4	1.067406E+2	1.481329E-4	1.049319E+2	1.980450E-2	3.220365E-2
1.778125E+0	1.513186E-4	9.810897E+1	1.395656E-4	9.772466E+1	8.418691E-2	7.272265E-3
1.781641E+0	1.520237E-4	9.035577E+1	1.505739E-4	8.833224E+1	8.998901E-3	3.564990E-2
1.785156E+0	1.491129E-4	7.904047E+1	1.473694E-4	7.831635E+1	1.175001E-2	1.278746E-2
1.788672E+0	1.528638E-4	6.803919E+1	1.530144E-4	7.036219E+1	-1.805208E-3	-4.049300E-2
1.792188E+0	1.533159E-4	5.851257E+1	1.523144E-4	5.925119E+1	6.491577E-3	-1.297575E-2
1.795703E+0	1.547600E-4	4.983656E+1	1.501802E-4	4.826084E+1	3.010569E-2	2.833660E-2
1.799219E+0	1.605804E-4	3.810446E+1	1.486519E-4	3.803795E+1	8.024379E-2	1.253968E-3
1.802734E+0	1.574515E-4	2.736825E+1	1.541861E-4	2.646076E+1	2.105022E-2	1.617345E-2
1.806250E+0	1.589389E-4	1.694009E+1	1.526067E-4	1.868634E+1	4.100991E-2	-3.173753E-2
1.809766E+0	1.611547E-4	5.981012E+0	1.595404E-4	7.771701E+0	9.625151E-3	-3.156452E-2
1.813281E+0	1.571060E-4	-2.695894E+0	1.527443E-4	-5.407085E+0	2.740426E-2	4.865228E-2
1.816797E+0	1.530407E-4	-1.396833E+1	1.626942E-4	-1.586199E+1	-5.984896E-2	3.108388E-2
1.820313E+0	1.597239E-4	-2.075466E+1	1.545574E-4	-2.159031E+1	3.331780E-2	1.507185E-2
1.823828E+0	1.620338E-4	-3.176305E+1	1.541351E-4	-3.317901E+1	5.092430E-2	2.597695E-2
1.827344E+0	1.586163E-4	-4.588938E+1	1.611716E-4	-4.282322E+1	-1.726340E-2	-5.264100E-2
1.830859E+0	1.559783E-4	-5.360963E+1	1.492452E-4	-5.354134E+1	4.511361E-2	-1.245656E-3
1.834375E+0	1.514312E-4	-6.416871E+1	1.573504E-4	-6.363833E+1	-3.765919E-2	-8.908525E-3
1.837891E+0	1.601201E-4	-7.032811E+1	1.605350E-4	-7.195190E+1	-2.985010E-3	2.826345E-2
1.841406E+0	1.622829E-4	-8.188333E+1	1.542839E-4	-8.148467E+1	5.182052E-2	-7.318611E-3
1.844922E+0	1.513252E-4	-9.274458E+1	1.496030E-4	-9.340972E+1	1.144364E-2	1.174226E-2
1.848438E+0	1.579698E-4	-1.012298E+2	1.527637E-4	-1.038844E+2	3.296975E-2	4.789332E-2
1.851953E+0	1.579676E-4	-1.107911E+2	1.594026E-4	-1.118546E+2	-9.173073E-3	1.839342E-2
1.855469E+0	1.617174E-4	-1.207897E+2	1.566172E-4	-1.227573E+2	3.195595E-2	3.545244E-2
1.858984E+0	1.600736E-4	-1.322841E+2	1.586812E-4	-1.316469E+2	8.712444E-3	-1.121859E-2
1.862500E+0	1.642579E-4	-1.408175E+2	1.561936E-4	-1.427002E+2	5.106247E-2	3.454963E-2
1.866016E+0	1.606980E-4	-1.545629E+2	1.547814E-4	-1.526670E+2	3.765718E-2	-3.434830E-2
1.869531E+0	1.611333E-4	-1.629420E+2	1.582288E-4	-1.620943E+2	1.824487E-2	-1.506619E-2
1.873047E+0	1.609927E-4	-1.732938E+2	1.527798E-4	-1.716209E+2	5.330732E-2	-3.076280E-2
1.876563E+0	1.641665E-4	1.777794E+2	1.553037E-4	1.783495E+2	5.701521E-2	-1.051778E-2
1.880078E+0	1.597223E-4	1.682993E+2	1.519405E-4	1.673058E+2	5.105807E-2	1.822701E-2
1.883594E+0	1.611828E-4	1.591553E+2	1.559124E-4	1.590276E+2	3.380103E-2	2.304125E-3
1.887109E+0	1.542197E-4	1.486268E+2	1.588042E-4	1.488239E+2	-2.887463E-2	-3.340727E-3
1.890625E+0	1.591736E-4	1.391047E+2	1.602943E-4	1.408280E+2	-7.440639E-3	-2.986247E-2
1.894141E+0	1.620211E-4	1.297488E+2	1.572241E-4	1.278195E+2	2.992642E-2	3.469345E-2
1.897656E+0	1.608508E-4	1.206593E+2	1.522918E-4	1.187757E+2	5.563062E-2	3.471639E-2
1.901172E+0	1.665839E-4	1.082628E+2	1.588497E-4	1.114441E+2	4.707269E-2	-5.819765E-2
1.904688E+0	1.597544E-4	1.006375E+2	1.627387E-4	1.009057E+2	-1.834874E-2	-4.595117E-3
1.908203E+0	1.519026E-4	9.064532E+1	1.593422E-4	8.960059E+1	-4.684792E-2	1.738168E-2
1.911719E+0	1.615091E-4	8.002235E+1	1.663275E-4	8.091125E+1	-2.908621E-2	-1.506419E-2
1.915234E+0	1.700572E-4	6.991104E+1	1.699909E-4	6.961067E+1	3.762739E-4	5.244466E-3
1.918750E+0	1.618016E-4	6.134070E+1	1.625220E-4	5.915306E+1	-5.158226E-3	3.800304E-2
1.922266E+0	1.612016E-4	5.162871E+1	1.621610E-4	5.198458E+1	-5.935517E-3	-6.174316E-3
1.925781E+0	1.673318E-4	3.994031E+1	1.655713E-4	4.082768E+1	1.051168E-2	-1.565158E-2
1.929297E+0	1.698405E-4	3.108163E+1	1.621754E-4	3.038735E+1	4.718737E-2	1.268988E-2
1.932813E+0	1.663892E-4	2.026849E+1	1.654654E-4	2.158624E+1	5.317097E-3	-2.312544E-2
1.936328E+0	1.658295E-4	1.058054E+1	1.633911E-4	1.142539E+1	1.481337E-2	-1.496493E-2
1.939844E+0	1.681979E-4	1.781802E+0	1.631260E-4	2.180948E+0	3.106690E-2	-7.182953E-3
1.943359E+0	1.624997E-4	-9.176331E+0	1.624572E-4	-7.424459E+0	-2.059224E-4	-3.057917E-2
1.946875E+0	1.638553E-4	-1.725489E+1	1.596074E-4	-1.800263E+1	2.652726E-2	1.339748E-2
1.950391E+0	1.693831E-4	-2.606233E+1	1.607068E-4	-2.493235E+1	5.378341E-2	-2.078528E-2
1.953906E+0	1.670852E-4	-3.525065E+1	1.639208E-4	-3.590201E+1	1.923858E-2	1.158759E-2
1.957422E+0	1.675755E-4	-4.511028E+1	1.621799E-4	-4.515759E+1	3.326888E-2	8.531861E-4
1.960938E+0	1.671241E-4	-5.557500E+1	1.719285E-4	-5.498748E+1	-2.799528E-2	-9.967440E-3
1.964453E+0	1.692393E-4	-6.366852E+1	1.657893E-4	-6.322181E+1	2.077852E-2	-7.958723E-3
1.967969E+0	1.815513E-4	-7.436827E+1	1.741087E-4	-7.451783E+1	4.274331E-2	2.721894E-3
1.971484E+0	1.747119E-4	-8.371484E+1	1.769921E-4	-8.263807E+1	-1.305737E-2	-1.854998E-2
1.975000E+0	1.785182E-4	-9.479700E+1	1.825332E-4	-9.434466E+1	-2.202648E-2	-7.721088E-3
1.978516E+0	1.860163E-4	-1.046799E+2	1.856664E-4	-1.040006E+2	1.814149E-3	-1.187809E-2
1.982031E+0	1.955746E-4	-1.164904E+2	1.924154E-4	-1.143264E+2	1.569377E-2	-3.837991E-2
1.985547E+0	1.918332E-4	-1.255911E+2	1.908592E-4	-1.243800E+2	4.878706E-3	-2.124397E-2
1.989063E+0	1.934862E-4	-1.372466E+2	1.988918E-4	-1.366624E+2	-2.722916E-2	-9.918923E-3
1.992578E+0	1.998462E-4	-1.459085E+2	1.980741E-4	-1.467047E+2	8.849236E-3	1.402019E-2
1.996094E+0	1.965589E-4	-1.604264E+2	1.987931E-4	-1.589331E+2	-1.157462E-2	-2.576717E-2
1.999609E+0	2.044162E-4	-1.680824E+2	2.011949E-4	-1.700658E+2	1.540215E-2	3.516408E-2
2.003125E+0	1.986241E-4	1.791780E+2	1.916071E-4	1.798872E+2	3.654241E-2	-1.283085E-2
2.006641E+0	1.991000E-4	1.681298E+2	1.992677E-4	1.689441E+2	-9.424883E-4	-1.419978E-2
2.010156E+0	2.012545E-4	1.581320E+2	1.997239E-4	1.587169E+2	7.611075E-3	-1.028649E-2
2.013672E+0	1.890551E-4	1.478702E+2	1.924907E-4	1.505003E+2	-1.888273E-2	-4.506877E-2
2.017187E+0	2.042798E-4	1.396053E+2	1.895347E-4	1.385960E+2	7.762909E-2	1.898506E-2
2.020703E+0	1.972516E-4	1.283476E+2	1.908969E-4	1.282824E+2	3.328798E-2	1.175835E-3
2.024219E+0	1.907955E-4	1.197659E+2	1.927978E-4	1.171980E+2	-1.137924E-2	4.433800E-2
2.027734E+0	1.958411E-4	1.093407E+2	1.904778E-4	1.072588E+2	2.747842E-2	3.735091E-2
2.031250E+0	1.954721E-4	9.968177E+1	1.875438E-4	9.917612E+1	4.223380E-2	9.198220E-3
2.034766E+0	2.008818E-4	8.785731E+1	1.924588E-4	8.926466E+1	4.345036E-2	-2.563531E-2
2.038281E+0	1.875252E-4	7.943902E+1	1.885599E-4	8.081872E+1	-5.775707E-3	-2.394586E-2
2.041797E+0	1.872797E-4	6.954095E+1	1.902723E-4	6.899684E+1	-1.577237E-2	9.347010E-3
2.045313E+0	1.938834E-4	6.093333E+1	1.974952E-4	6.022014E+1	-1.836409E-2	1.221956E-2
2.048828E+0	2.062041E-4	5.004220E+1	1.971939E-4	5.111745E+1	4.550795E-2	-1.962299E-2
2.052344E+0	1.952938E-4	3.958400E+1	1.967018E-4	4.118652E+1	-7.546358E-3	-2.776542E-2
2.055859E+0	1.879998E-4	3.076298E+1	1.968814E-4	2.983034E+1	-4.523792E-2	1.554264E-2
2.059375E+0	1.905697E-4	1.861776E+1	1.975796E-4	2.102621E+1	-3.633088E-2	-4.053208E-2
2.062891E+0	2.017047E-4	1.146537E+1	2.042059E-4	1.056377E+1	-1.237071E-2	1.554251E-2
2.066406E+0	1.961178E-4	-1.344440E+0	1.980549E-4	-4.415879E-1	-9.903558E-3	-1.560298E-2
2.069922E+0	1.977180E-4	-1.114049E+1	1.982587E-4	-9.005083E+0	-3.419793E-3	-3.715963E-2
2.073438E+0	1.977625E-4	-2.353893E+1	2.022557E-4	-2.074804E+1	-2.337520E-2	-4.760927E-2
2.076953E+0	2.059984E-4	-3.224538E+1	2.050450E-4	-3.098328E+1	4.405981E-3	-2.212843E-2
2.080469E+0	2.112530E-4	-4.493064E+1	2.034957E-4	-4.368185E+1	3.787365E-2	-2.262455E-2
2.083984E+0	2.031923E-4	-5.017727E+1	2.032799E-4	-5.320439E+1	-1.825681E-3	5.278588E-2
2.087500E+0	1.984617E-4	-6.272771E+1	2.040588E-4	-6.101655E+1	-2.786256E-2	-2.904189E-2
2.091016E+0	2.080261E-4	-6.927805E+1	2.085282E-4	-7.275782E+1	-4.247097E-3	6.054997E-2
2.094531E+0	1.994081E-4	-8.276900E+1	1.987661E-4	-7.973454E+1	1.823275E-3	-5.310754E-2
2.098047E+0	1.983218E-4	-9.307497E+1	1.935299E-4	-9.339704E+1	2.474433E-2	5.760335E-3
2.101562E+0	1.925175E-4	-1.032051E+2	2.043563E-4	-1.019045E+2	-5.817485E-2	-2.138287E-2
2.105078E+0	2.047568E-4	-1.124934E+2	1.972415E-4	-1.138469E+2	3.781238E-2	2.452084E-2
2.108594E+0	2.126443E-4	-1.222574E+2	2.022507E-4	-1.240329E+2	5.088491E-2	3.257559E-2
2.112109E+0	1.945070E-4	-1.350338E+2	2.035712E-4	-1.328243E+2	-4.523630E-2	-3.683686E-2
2.115625E+0	2.099743E-4	-1.426419E+2	2.086612E-4	-1.424775E+2	6.288834E-3	-2.887374E-3
2.119141E+0	2.057567E-4	-1.535443E+2	1.964621E-4	-1.567769E+2	4.564345E-2	5.905737E-2
2.122656E+0	1.973949E-4	-1.662178E+2	2.043269E-4	-1.650121E+2	-3.413992E-2	-2.032801E-2
2.126172E+0	2.097486E-4	-1.738011E+2	1.954348E-4	-1.766192E+2	7.194288E-2	5.276620E-2
2.129688E+0	2.009367E-4	1.744858E+2	1.907718E-4	1.721801E+2	5.243029E-2	4.237484E-2
2.133203E+0	1.951290E-4	1.630206E+2	1.972317E-4	1.650745E+2	-1.129666E-2	-3.545755E-2
2.136719E+0	2.010790E-4	1.543329E+2	2.039985E-4	1.554176E+2	-1.448801E-2	-1.865953E-2
2.140234E+0	1.935135E-4	1.457022E+2	1.929098E-4	1.458582E+2	3.125724E-3	-2.731231E-3
2.143750E+0	1.942697E-4	1.349364E+2	1.973609E-4	1.340105E+2	-1.579120E-2	1.590620E-2
2.147266E+0	1.967392E-4	1.280180E+2	1.966315E-4	1.242584E+2	-1.605503E-3	6.560624E-2
2.150781E+0	1.980127E-4	1.158628E+2	1.915851E-4	1.133476E+2	3.255388E-2	4.535673E-2
2.154297E+0	2.078523E-4	1.040635E+2	1.912854E-4	1.063709E+2	8.572726E-2	-4.374776E-2
2.157813E+0	1.912563E-4	9.807826E+1	2.000412E-4	9.399592E+1	-4.634126E-2	6.806366E-2
2.161328E+0	1.961908E-4	8.654031E+1	1.859508E-4	8.478447E+1	5.457295E-2	3.232771E-2
2.164844E+0	2.036895E-4	7.477422E+1	2.025175E-4	7.691551E+1	5.084840E-3	-3.758009E-2
2.168359E+0	1.938354E-4	6.664771E+1	1.978689E-4	6.662802E+1	-2.038477E-2	3.366500E-4
2.171875E+0	2.032143E-4	5.751656E+1	1.986391E-4	5.842244E+1	2.290486E-2	-1.617408E-2
2.175391E+0	2.077309E-4	4.751561E+1	1.973561E-4	4.465464E+1	5.125700E-2	5.253645E-2
2.178906E+0	2.008179E-4	3.578246E+1	1.905181E-4	3.753675E+1	5.356802E-2	-3.226837E-2
2.182422E+0	2.022113E-4	2.546225E+1	2.035333E-4	2.718694E+1	-6.945326E-3	-2.990149E-2
2.185938E+0	1.988124E-4	1.450933E+1	1.934689E-4	1.254196E+1	2.701369E-2	3.527852E-2
2.189453E+0	1.961194E-4	4.306453E+0	1.980070E-4	3.398724E+0	-9.657295E-3	1.569117E-2
2.192969E+0	1.943032E-4	-5.821021E+0	1.943658E-4	-6.326034E+0	-3.609049E-4	8.811187E-3
2.196484E+0	1.980264E-4	-1.594431E+1	2.082746E-4	-1.582755E+1	-4.920721E-2	-1.937572E-3
2.200000E+0	1.968995E-4	-2.482598E+1	1.951399E-4	-2.520304E+1	8.995271E-3	6.640232E-3
