7.021484E-1	6.875935E-5	-1.008132E+2	6.846670E-5	-9.782638E+1	2.910082E-3	-5.232896E-2
7.042969E-1	6.599533E-5	-1.049103E+2	6.194590E-5	-1.044175E+2	6.533102E-2	-9.163119E-3
7.064453E-1	6.246396E-5	-1.106580E+2	6.143822E-5	-1.122080E+2	1.632346E-2	2.750090E-2
7.085937E-1	6.583062E-5	-1.181213E+2	6.135428E-5	-1.170532E+2	7.277246E-2	-2.000079E-2
7.107422E-1	6.733758E-5	-1.195379E+2	6.434022E-5	-1.253239E+2	4.125413E-2	1.055097E-1
7.128906E-1	6.567032E-5	-1.296991E+2	6.470762E-5	-1.314921E+2	1.438080E-2	3.175415E-2
7.150391E-1	6.840225E-5	-1.339508E+2	6.575193E-5	-1.368194E+2	3.900429E-2	5.206283E-2
7.171875E-1	7.221530E-5	-1.442713E+2	6.616961E-5	-1.385482E+2	8.592659E-2	-1.088321E-1
7.193359E-1	6.869886E-5	-1.486277E+2	6.552535E-5	-1.473833E+2	4.818452E-2	-2.276897E-2
7.214844E-1	6.810634E-5	-1.537118E+2	6.496931E-5	-1.563751E+2	4.715249E-2	4.871025E-2
7.236328E-1	6.693312E-5	-1.637891E+2	7.546027E-5	-1.575440E+2	-1.182656E-1	-9.648931E-2
7.257812E-1	7.279775E-5	-1.686637E+2	6.928584E-5	-1.636038E+2	4.659278E-2	-9.266764E-2
7.279297E-1	7.295674E-5	-1.701117E+2	6.850097E-5	-1.719256E+2	6.451313E-2	3.371218E-2
7.300781E-1	6.098050E-5	1.781791E+2	6.616865E-5	1.783161E+2	-7.841061E-2	-2.203618E-3
7.322266E-1	7.100326E-5	1.662614E+2	6.561879E-5	1.769414E+2	6.331295E-2	-2.005307E-1
7.343750E-1	6.952733E-5	1.708724E+2	6.544875E-5	1.707767E+2	6.231567E-2	1.774366E-3
7.365234E-1	7.558208E-5	1.618235E+2	7.175888E-5	1.614368E+2	5.325443E-2	7.108720E-3
7.386719E-1	6.743611E-5	1.520143E+2	7.416030E-5	1.536961E+2	-9.106273E-2	-2.668765E-2
7.408203E-1	6.427977E-5	1.459667E+2	6.576812E-5	1.422868E+2	-2.464541E-2	6.272976E-2
7.429687E-1	6.425350E-5	1.464709E+2	6.890737E-5	1.413032E+2	-7.132821E-2	8.398791E-2
7.451172E-1	6.965742E-5	1.380471E+2	7.210240E-5	1.358924E+2	-3.459290E-2	3.632281E-2
7.472656E-1	6.812842E-5	1.318725E+2	7.050009E-5	1.337605E+2	-3.416527E-2	-3.183753E-2
7.494141E-1	6.351935E-5	1.218732E+2	6.579152E-5	1.304838E+2	-4.541795E-2	-1.445476E-1
7.515625E-1	7.144547E-5	1.229407E+2	6.975534E-5	1.209941E+2	2.363834E-2	3.479107E-2
7.537109E-1	6.978393E-5	1.126456E+2	6.891142E-5	1.131808E+2	1.261715E-2	-9.459134E-3
7.558594E-1	7.318730E-5	1.065628E+2	7.274430E-5	1.069887E+2	6.062029E-3	-7.478556E-3
7.580078E-1	6.873023E-5	1.040305E+2	7.076506E-5	1.075904E+2	-3.062881E-2	-6.030657E-2
7.601562E-1	7.098652E-5	9.640512E+1	7.078226E-5	9.764056E+1	2.652619E-3	-2.162304E-2
7.623047E-1	7.088267E-5	8.665086E+1	6.923720E-5	9.190712E+1	1.946068E-2	-9.378760E-2
7.644531E-1	7.523307E-5	8.640520E+1	6.893293E-5	9.020217E+1	8.899957E-2	-7.227343E-2
7.666015E-1	7.233575E-5	7.406354E+1	6.630174E-5	7.627443E+1	9.019618E-2	-4.208863E-2
7.687500E-1	7.091444E-5	7.185232E+1	7.158627E-5	7.240679E+1	-9.431286E-3	-9.586357E-3
7.708984E-1	7.151312E-5	6.232314E+1	6.671400E-5	6.861853E+1	6.547172E-2	-1.175424E-1
7.730469E-1	7.258664E-5	6.243493E+1	6.699158E-5	6.358126E+1	8.330200E-2	-2.167677E-2
7.751953E-1	7.430512E-5	5.444357E+1	7.602636E-5	5.166872E+1	-2.378601E-2	4.731530E-2
7.773437E-1	7.143443E-5	4.961977E+1	7.384858E-5	4.985007E+1	-3.269835E-2	-3.888083E-3
7.794922E-1	7.209555E-5	4.051805E+1	7.278613E-5	4.246154E+1	-1.005758E-2	-3.359203E-2
7.816406E-1	7.467092E-5	2.971873E+1	7.116897E-5	3.367078E+1	4.671121E-2	-7.231297E-2
7.837890E-1	7.788897E-5	2.858887E+1	8.284862E-5	3.234144E+1	-6.187966E-2	-6.152992E-2
7.859375E-1	7.317609E-5	1.975350E+1	6.887977E-5	2.307248E+1	6.059226E-2	-6.150588E-2
7.880859E-1	7.263665E-5	1.708971E+1	6.767468E-5	2.237036E+1	6.876557E-2	-9.878235E-2
7.902344E-1	7.591530E-5	1.310604E+1	7.884221E-5	1.283719E+1	-3.713424E-2	4.518105E-3
7.923828E-1	7.374447E-5	6.271084E+0	7.620831E-5	5.863605E+0	-3.235480E-2	6.881864E-3
7.945312E-1	7.362603E-5	-1.812959E+0	7.544329E-5	-3.994048E+0	-2.479478E-2	3.714126E-2
7.966797E-1	7.105543E-5	-7.612803E+0	7.986464E-5	-1.056263E+1	-1.114806E-1	4.578516E-2
7.988281E-1	7.150870E-5	-1.587146E+1	7.491636E-5	-1.592648E+1	-4.548663E-2	9.166005E-4
8.009765E-1	8.024237E-5	-1.746714E+1	8.155246E-5	-2.038462E+1	-1.733969E-2	5.007999E-2
8.031250E-1	7.934598E-5	-2.655339E+1	8.567330E-5	-2.515596E+1	-7.412950E-2	-2.258623E-2
8.052734E-1	6.968850E-5	-3.532085E+1	8.012264E-5	-3.233395E+1	-1.314087E-1	-4.532180E-2
8.074218E-1	7.446979E-5	-3.825987E+1	7.623203E-5	-4.302784E+1	-2.649731E-2	8.119928E-2
8.095703E-1	7.377900E-5	-4.809888E+1	7.464586E-5	-4.713347E+1	-1.175327E-2	-1.665312E-2
8.117187E-1	6.897772E-5	-5.273145E+1	7.478441E-5	-5.041888E+1	-7.839692E-2	-3.721792E-2
8.138672E-1	7.256040E-5	-5.577362E+1	7.056953E-5	-5.242008E+1	2.645075E-2	-6.014718E-2
8.160156E-1	6.911756E-5	-6.683945E+1	7.727743E-5	-6.297403E+1	-1.076265E-1	-6.029486E-2
8.181640E-1	7.119055E-5	-6.843495E+1	7.278998E-5	-6.595519E+1	-2.288907E-2	-4.231576E-2
8.203125E-1	7.245881E-5	-7.529770E+1	7.427343E-5	-7.837730E+1	-2.584047E-2	5.241074E-2
8.224609E-1	7.383582E-5	-8.258999E+1	7.824462E-5	-8.040250E+1	-5.703403E-2	-3.601891E-2
8.246093E-1	7.016865E-5	-8.861446E+1	8.165769E-5	-8.888860E+1	-1.407074E-1	4.111442E-3
8.267578E-1	7.448290E-5	-9.009397E+1	7.237163E-5	-8.967730E+1	2.914540E-2	-7.484348E-3
8.289062E-1	7.597188E-5	-9.981349E+1	8.007855E-5	-9.949100E+1	-5.129805E-2	-5.339837E-3
8.310547E-1	7.777874E-5	-1.079324E+2	7.856647E-5	-1.047390E+2	-1.156353E-2	-5.514796E-2
8.332031E-1	6.870623E-5	-1.111038E+2	7.654337E-5	-1.103267E+2	-1.024708E-1	-1.217389E-2
8.353515E-1	6.828666E-5	-1.189625E+2	7.622800E-5	-1.164061E+2	-1.050703E-1	-3.995613E-2
8.375000E-1	7.445920E-5	-1.240447E+2	7.457152E-5	-1.218655E+2	-2.228329E-3	-3.796777E-2
8.396484E-1	7.284508E-5	-1.266907E+2	8.216454E-5	-1.253166E+2	-1.136793E-1	-2.126032E-2
8.417968E-1	7.106289E-5	-1.362139E+2	7.932353E-5	-1.350186E+2	-1.043335E-1	-1.868803E-2
8.439453E-1	6.973425E-5	-1.400637E+2	7.355688E-5	-1.401385E+2	-5.196916E-2	1.237661E-3
8.460937E-1	7.885546E-5	-1.472038E+2	8.051118E-5	-1.453342E+2	-2.108648E-2	-3.195395E-2
8.482422E-1	7.916598E-5	-1.545058E+2	7.475504E-5	-1.529373E+2	5.860846E-2	-2.898717E-2
8.503906E-1	7.473843E-5	-1.582234E+2	8.469349E-5	-1.547242E+2	-1.191874E-1	-5.386046E-2
8.525390E-1	8.036223E-5	-1.629477E+2	7.544509E-5	-1.646029E+2	6.473064E-2	3.076723E-2
8.546875E-1	7.482170E-5	-1.756768E+2	8.674438E-5	-1.653396E+2	-1.514465E-1	-1.547775E-1
8.568359E-1	7.767345E-5	1.791828E+2	7.861362E-5	-1.793187E+2	-1.229728E-2	-2.583803E-2
8.589843E-1	7.694903E-5	1.759403E+2	7.975900E-5	1.734554E+2	-3.613795E-2	4.182862E-2
8.611328E-1	7.953399E-5	1.672399E+2	8.047136E-5	1.702996E+2	-1.305743E-2	-5.275471E-2
8.632812E-1	7.541459E-5	1.626516E+2	8.509465E-5	1.634366E+2	-1.138396E-1	-1.214190E-2
8.654296E-1	7.932279E-5	1.568564E+2	8.341458E-5	1.586224E+2	-4.950533E-2	-2.930592E-2
8.675781E-1	7.110522E-5	1.481788E+2	7.703988E-5	1.536616E+2	-8.125625E-2	-8.818661E-2
8.697265E-1	7.532494E-5	1.449781E+2	8.044091E-5	1.450966E+2	-6.360111E-2	-1.936677E-3
8.718750E-1	7.775451E-5	1.375199E+2	8.211521E-5	1.417871E+2	-5.572955E-2	-7.045645E-2
8.740234E-1	8.259255E-5	1.366590E+2	8.204627E-5	1.354350E+2	6.428498E-3	2.150343E-2
8.761718E-1	7.748135E-5	1.247678E+2	7.833978E-5	1.249812E+2	-1.096464E-2	-3.683712E-3
8.783203E-1	7.393445E-5	1.185939E+2	8.349586E-5	1.194479E+2	-1.146119E-1	-1.319779E-2
8.804687E-1	8.110511E-5	1.123807E+2	8.454687E-5	1.116349E+2	-4.078957E-2	1.248643E-2
8.826171E-1	7.592631E-5	1.085018E+2	8.320565E-5	1.105917E+2	-8.809310E-2	-3.327714E-2
8.847656E-1	7.515465E-5	1.044211E+2	8.193433E-5	1.052469E+2	-8.284056E-2	-1.321987E-2
8.869140E-1	7.745068E-5	1.007178E+2	8.512191E-5	9.509629E+1	-9.449640E-2	8.912863E-2
8.890625E-1	7.909488E-5	9.158041E+1	7.520268E-5	8.949305E+1	5.105825E-2	3.830837E-2
8.912109E-1	7.816915E-5	8.417202E+1	8.087915E-5	8.433675E+1	-3.351078E-2	-2.778742E-3
8.933593E-1	8.069313E-5	8.110356E+1	8.267089E-5	8.133707E+1	-2.393140E-2	-3.978008E-3
8.955078E-1	7.752095E-5	7.238187E+1	8.042507E-5	7.188742E+1	-3.614553E-2	8.318059E-3
8.976562E-1	8.063015E-5	6.606188E+1	8.613877E-5	6.616522E+1	-6.395205E-2	-1.688280E-3
8.998046E-1	8.382992E-5	6.005143E+1	8.078680E-5	6.160380E+1	3.728769E-2	-2.811112E-2
9.019531E-1	7.827354E-5	5.849424E+1	8.318538E-5	5.605557E+1	-5.989910E-2	4.003753E-2
9.041015E-1	7.535302E-5	4.712054E+1	8.579480E-5	4.954189E+1	-1.224906E-1	-3.710610E-2
9.062500E-1	7.883315E-5	4.572800E+1	8.170951E-5	4.291616E+1	-3.636386E-2	4.732928E-2
9.083984E-1	8.245870E-5	3.421610E+1	8.423744E-5	3.835965E+1	-2.367445E-2	-7.072984E-2
9.105468E-1	7.904531E-5	3.182430E+1	8.097788E-5	3.299482E+1	-2.406910E-2	-1.994048E-2
9.126953E-1	8.066539E-5	2.711390E+1	8.366213E-5	2.365384E+1	-3.757714E-2	5.819093E-2
9.148437E-1	8.063727E-5	1.649660E+1	8.605541E-5	2.046482E+1	-6.520753E-2	-6.484604E-2
9.169921E-1	8.328039E-5	1.017774E+1	8.878919E-5	1.130089E+1	-6.222379E-2	-1.838527E-2
9.191406E-1	8.599111E-5	8.209903E+0	8.805621E-5	5.173892E+0	-2.482271E-2	5.172149E-2
9.212890E-1	8.474072E-5	-1.489636E+0	8.902614E-5	2.463636E+0	-5.040150E-2	-6.562420E-2
9.234374E-1	8.198165E-5	-6.735169E+0	8.394435E-5	-3.674186E+0	-2.477434E-2	-5.215031E-2
9.255859E-1	8.668857E-5	-1.624055E+1	8.993302E-5	-1.424690E+1	-3.665977E-2	-3.353369E-2
9.277343E-1	8.802162E-5	-1.651279E+1	8.567000E-5	-1.834238E+1	2.692596E-2	3.280333E-2
9.298828E-1	7.829114E-5	-2.558411E+1	9.188719E-5	-2.464225E+1	-1.480797E-1	-1.400560E-2
9.320312E-1	8.241757E-5	-3.135337E+1	9.148701E-5	-3.132140E+1	-9.913378E-2	-5.026670E-4
9.341796E-1	8.350714E-5	-3.532654E+1	8.912525E-5	-3.661447E+1	-6.327283E-2	2.105988E-2
9.363281E-1	8.701545E-5	-4.700619E+1	8.292925E-5	-4.499697E+1	4.862823E-2	-3.678786E-2
9.384765E-1	8.288199E-5	-4.917546E+1	8.249209E-5	-5.663251E+1	-3.771033E-3	1.303964E-1
9.406249E-1	8.845328E-5	-6.093647E+1	8.982643E-5	-5.567914E+1	-1.942918E-2	-9.022831E-2
9.427734E-1	8.152312E-5	-6.516729E+1	8.742006E-5	-6.466126E+1	-6.749160E-2	-8.236025E-3
9.449218E-1	8.186745E-5	-6.941928E+1	8.439441E-5	-6.820351E+1	-3.016065E-2	-2.058229E-2
9.470703E-1	7.659569E-5	-7.552803E+1	8.637997E-5	-7.530882E+1	-1.132767E-1	-3.392563E-3
9.492187E-1	7.893772E-5	-8.030584E+1	8.683559E-5	-8.559144E+1	-9.481737E-2	8.374180E-2
9.513671E-1	8.038800E-5	-8.752869E+1	8.686886E-5	-9.076132E+1	-7.607758E-2	5.218312E-2
9.535156E-1	8.383809E-5	-9.285632E+1	8.637916E-5	-9.160958E+1	-2.964740E-2	-2.111793E-2
9.556640E-1	8.032609E-5	-9.743123E+1	8.363734E-5	-9.570090E+1	-4.002850E-2	-2.899991E-2
9.578124E-1	8.206673E-5	-1.048758E+2	8.314110E-5	-1.045882E+2	-1.293468E-2	-4.954682E-3
9.599609E-1	8.203094E-5	-1.125395E+2	9.008481E-5	-1.117611E+2	-8.948723E-2	-1.237066E-2
9.621093E-1	8.364782E-5	-1.149898E+2	8.103946E-5	-1.165913E+2	3.178311E-2	2.884734E-2
9.642578E-1	7.855082E-5	-1.211645E+2	8.102696E-5	-1.274038E+2	-3.630179E-2	1.053600E-1
9.664062E-1	7.921760E-5	-1.304310E+2	9.053980E-5	-1.270128E+2	-1.266088E-1	-5.216742E-2
9.685546E-1	8.507610E-5	-1.343414E+2	8.407873E-5	-1.309478E+2	1.008798E-2	-5.989706E-2
9.707031E-1	8.124714E-5	-1.402349E+2	9.118118E-5	-1.377096E+2	-1.098137E-1	-3.926021E-2
9.728515E-1	8.680292E-5	-1.465418E+2	8.476858E-5	-1.445653E+2	2.338953E-2	-3.531730E-2
9.749999E-1	7.801394E-5	-1.511027E+2	8.766273E-5	-1.504883E+2	-1.101184E-1	-9.542836E-3
9.771484E-1	8.202800E-5	-1.585532E+2	8.556760E-5	-1.567855E+2	-4.182233E-2	-2.957126E-2
9.792968E-1	7.942757E-5	-1.639229E+2	8.759659E-5	-1.638405E+2	-9.325822E-2	-1.304033E-3
9.814452E-1	8.380022E-5	-1.712003E+2	8.665365E-5	-1.679625E+2	-3.447285E-2	-5.462035E-2
9.835937E-1	8.397586E-5	-1.798582E+2	9.047781E-5	-1.746942E+2	-7.562954E-2	-8.353873E-2
9.857421E-1	8.728321E-5	1.759731E+2	8.921771E-5	1.762877E+2	-2.169766E-2	-5.371722E-3
9.878906E-1	8.392597E-5	1.682312E+2	9.413429E-5	1.750212E+2	-1.146975E-1	-1.054092E-1
9.900390E-1	9.167603E-5	1.645318E+2	8.837194E-5	1.668384E+2	3.654792E-2	-4.175166E-2
9.921874E-1	8.566788E-5	1.596406E+2	9.073218E-5	1.618373E+2	-5.650978E-2	-3.619082E-2
9.943359E-1	8.556261E-5	1.498162E+2	9.285558E-5	1.528896E+2	-7.986636E-2	-4.940424E-2
9.964843E-1	8.684215E-5	1.459138E+2	9.318559E-5	1.490145E+2	-6.943752E-2	-5.040886E-2
9.986327E-1	8.011267E-5	1.424801E+2	8.634983E-5	1.355919E+2	-7.892787E-2	1.112695E-1
1.000781E+0	8.777019E-5	1.328789E+2	8.253822E-5	1.341980E+2	6.310664E-2	-2.447984E-2
1.002930E+0	8.550914E-5	1.269627E+2	9.275425E-5	1.295014E+2	-7.901562E-2	-4.083432E-2
1.005078E+0	9.026453E-5	1.216677E+2	9.160912E-5	1.210592E+2	-1.473304E-2	1.046425E-2
1.007226E+0	8.287100E-5	1.163624E+2	9.593933E-5	1.148171E+2	-1.365287E-1	2.329396E-2
1.009375E+0	8.500944E-5	1.067760E+2	9.055812E-5	1.089699E+2	-6.196012E-2	-3.593584E-2
1.011523E+0	8.378355E-5	1.006067E+2	9.689929E-5	1.020567E+2	-1.356312E-1	-2.187949E-2
1.013672E+0	8.715752E-5	9.535316E+1	9.164659E-5	9.675496E+1	-4.926702E-2	-2.326530E-2
1.015820E+0	8.603966E-5	9.206393E+1	9.127767E-5	9.112585E+1	-5.751178E-2	1.543235E-2
1.017969E+0	8.327554E-5	8.585178E+1	9.062837E-5	8.459139E+1	-8.135397E-2	2.021159E-2
1.020117E+0	8.575775E-5	7.770825E+1	9.229367E-5	8.107224E+1	-7.241763E-2	-5.452353E-2
1.022266E+0	8.555307E-5	7.003109E+1	8.697309E-5	7.405673E+1	-1.875410E-2	-6.905667E-2
1.024414E+0	8.474115E-5	6.862116E+1	9.084750E-5	6.494717E+1	-6.913244E-2	5.977217E-2
1.026562E+0	8.900760E-5	6.215873E+1	9.301239E-5	6.171546E+1	-4.308516E-2	7.403339E-3
1.028711E+0	8.544455E-5	5.396105E+1	9.013135E-5	5.542678E+1	-5.230985E-2	-2.424892E-2
1.030859E+0	8.082804E-5	4.729630E+1	8.589667E-5	4.774659E+1	-5.903752E-2	-7.395217E-3
1.033008E+0	7.775014E-5	4.138072E+1	9.397299E-5	4.261885E+1	-1.728263E-1	-1.787755E-2
1.035156E+0	8.172055E-5	3.391699E+1	9.505337E-5	3.925244E+1	-1.439916E-1	-7.994372E-2
1.037305E+0	8.816721E-5	3.006253E+1	9.050300E-5	3.286916E+1	-2.697754E-2	-4.770160E-2
1.039453E+0	8.573861E-5	2.316263E+1	8.855835E-5	2.331163E+1	-3.184375E-2	-2.517735E-3
1.041601E+0	8.451253E-5	1.846841E+1	9.393607E-5	2.274863E+1	-1.028279E-1	-6.714724E-2
1.043750E+0	8.156952E-5	1.010963E+1	8.901692E-5	1.524564E+1	-8.734184E-2	-8.203077E-2
1.045898E+0	8.017561E-5	6.262530E+0	9.090942E-5	8.298616E+0	-1.186283E-1	-3.133397E-2
1.048047E+0	8.623780E-5	-1.602700E+0	9.413021E-5	2.416692E+0	-8.609905E-2	-6.421701E-2
1.050195E+0	8.986441E-5	-9.020894E+0	9.618869E-5	-4.413810E+0	-6.876729E-2	-7.504109E-2
1.052344E+0	9.212121E-5	-1.458359E+1	9.082594E-5	-1.231546E+1	1.346640E-2	-4.014039E-2
1.054492E+0	8.846438E-5	-1.912062E+1	9.226049E-5	-1.354434E+1	-4.568314E-2	-9.317272E-2
1.056641E+0	8.758387E-5	-2.343745E+1	9.970854E-5	-2.329065E+1	-1.216040E-1	-2.250581E-3
1.058789E+0	9.093575E-5	-3.014137E+1	9.520610E-5	-2.781208E+1	-4.564293E-2	-3.881961E-2
1.060937E+0	9.346528E-5	-3.697779E+1	9.948267E-5	-3.492609E+1	-6.108911E-2	-3.363576E-2
1.063086E+0	8.914988E-5	-4.455128E+1	1.008998E-4	-4.254142E+1	-1.169949E-1	-3.098736E-2
1.065234E+0	9.045519E-5	-5.058328E+1	9.836049E-5	-4.869773E+1	-8.086862E-2	-3.025867E-2
1.067383E+0	8.675960E-5	-5.374144E+1	9.467940E-5	-5.604525E+1	-8.438927E-2	3.683571E-2
1.069531E+0	9.329288E-5	-6.080404E+1	9.899562E-5	-6.382258E+1	-5.891351E-2	4.962562E-2
1.071680E+0	9.031779E-5	-6.943343E+1	9.686359E-5	-6.744760E+1	-6.813749E-2	-3.231061E-2
1.073828E+0	8.954383E-5	-7.731382E+1	9.557777E-5	-7.444286E+1	-6.430710E-2	-4.692470E-2
1.075976E+0	8.990215E-5	-8.002885E+1	1.003448E-4	-8.027753E+1	-1.040761E-1	3.888589E-3
1.078125E+0	8.811557E-5	-8.841063E+1	9.965096E-5	-8.261211E+1	-1.202823E-1	-8.933550E-2
1.080273E+0	8.554243E-5	-9.331116E+1	1.016769E-4	-9.296759E+1	-1.586989E-1	-5.044862E-3
1.082422E+0	8.486947E-5	-9.945287E+1	9.718846E-5	-1.003533E+2	-1.268615E-1	1.372291E-2
1.084570E+0	8.650331E-5	-1.024286E+2	9.217572E-5	-1.028987E+2	-6.157068E-2	7.699791E-3
1.086719E+0	8.414057E-5	-1.117758E+2	9.633981E-5	-1.076719E+2	-1.288666E-1	-6.250322E-2
1.088867E+0	9.005094E-5	-1.168676E+2	9.371032E-5	-1.150168E+2	-3.955123E-2	-3.103574E-2
1.091016E+0	8.703950E-5	-1.256062E+2	9.476579E-5	-1.196600E+2	-8.647210E-2	-9.514847E-2
1.093164E+0	8.472483E-5	-1.284462E+2	9.900396E-5	-1.258687E+2	-1.450936E-1	-3.848466E-2
1.095312E+0	8.564530E-5	-1.353216E+2	1.022641E-4	-1.343335E+2	-1.626332E-1	-1.444232E-2
1.097461E+0	9.077775E-5	-1.424467E+2	1.018179E-4	-1.385852E+2	-1.104544E-1	-6.004265E-2
1.099609E+0	9.231627E-5	-1.485494E+2	9.479144E-5	-1.452267E+2	-2.774892E-2	-5.644613E-2
1.101758E+0	9.205846E-5	-1.573840E+2	9.796151E-5	-1.524229E+2	-6.377948E-2	-8.126822E-2
1.103906E+0	8.748866E-5	-1.624987E+2	1.006387E-4	-1.579198E+2	-1.334405E-1	-6.940055E-2
1.106055E+0	9.398044E-5	-1.644351E+2	9.818195E-5	-1.631072E+2	-4.305016E-2	-2.218246E-2
1.108203E+0	8.991838E-5	-1.719999E+2	1.024434E-4	-1.676544E+2	-1.247861E-1	-6.650667E-2
1.110351E+0	9.716253E-5	-1.775334E+2	1.016860E-4	-1.758758E+2	-4.488453E-2	-2.763975E-2
1.112500E+0	9.770457E-5	1.754058E+2	1.037894E-4	-1.792840E+2	-6.266685E-2	-8.712207E-2
1.114648E+0	9.613264E-5	1.726095E+2	9.544865E-5	1.688872E+2	5.041361E-3	6.538593E-2
1.116797E+0	1.024510E-4	1.634354E+2	9.708232E-5	1.652463E+2	5.477323E-2	-3.334844E-2
1.118945E+0	1.015151E-4	1.565851E+2	1.000305E-4	1.618553E+2	1.055134E-2	-9.321592E-2
1.121094E+0	1.119291E-4	1.503441E+2	9.706961E-5	1.559826E+2	1.475017E-1	-1.132921E-1
1.123242E+0	1.200762E-4	1.396243E+2	9.884109E-5	1.455304E+2	2.083924E-1	-1.250052E-1
1.125391E+0	1.340895E-4	1.263506E+2	1.006085E-4	1.409475E+2	2.897664E-1	-3.358845E-1
1.127539E+0	1.493786E-4	1.139420E+2	1.053955E-4	1.377704E+2	2.965022E-1	-5.725934E-1
1.129687E+0	1.573451E-4	9.783587E+1	1.026315E-4	1.252832E+2	3.605329E-1	-7.066598E-1
1.131836E+0	1.584631E-4	8.124073E+1	1.063339E-4	1.224633E+2	1.208925E-1	-9.820474E-1
1.133984E+0	1.576255E-4	6.690604E+1	9.615799E-5	1.159456E+2	7.458018E-2	-1.237888E+0
1.136133E+0	1.642716E-4	4.813377E+1	1.056980E-4	1.103383E+2	-2.752693E-1	-1.374838E+0
1.138281E+0	1.631558E-4	3.176552E+1	1.038349E-4	1.015174E+2	-4.561946E-1	-1.474198E+0
1.140430E+0	1.639122E-4	1.123897E+1	1.001772E-4	9.657162E+1	-8.668596E-1	-1.630797E+0
1.142578E+0	1.746920E-4	-8.801019E+0	1.034255E-4	9.323146E+1	-1.352112E+0	-1.651952E+0
1.144726E+0	1.895561E-4	-3.592409E+1	1.045503E-4	8.493434E+1	-1.929953E+0	-1.556399E+0
1.146875E+0	1.991136E-4	-6.029262E+1	1.044091E-4	8.207233E+1	-2.510226E+0	-1.164503E+0
1.149023E+0	2.096497E-4	-8.347624E+1	1.005312E-4	7.513089E+1	-2.941736E+0	-7.606794E-1
1.151172E+0	2.287551E-4	-1.083921E+2	1.005650E-4	7.022903E+1	-3.274040E+0	-5.473721E-2
1.153320E+0	2.443447E-4	-1.314597E+2	9.759849E-5	5.795182E+1	-3.469871E+0	4.093947E-1
1.155469E+0	2.569343E-4	-1.526705E+2	1.017622E-4	5.919115E+1	-3.144419E+0	1.332793E+0
1.157617E+0	2.792689E-4	-1.725652E+2	9.416954E-5	5.110169E+1	-3.145213E+0	2.047639E+0
1.159766E+0	2.926746E-4	1.692145E+2	1.043646E-4	4.241007E+1	-2.680044E+0	2.245399E+0
1.161914E+0	3.044612E-4	1.517209E+2	1.002743E-4	3.495597E+1	-2.367333E+0	2.710981E+0
1.164062E+0	3.153733E-4	1.372576E+2	1.021886E-4	3.129577E+1	-1.848692E+0	2.967201E+0
1.166211E+0	3.399511E-4	1.225297E+2	1.065820E-4	2.781161E+1	-1.262353E+0	3.178765E+0
1.168359E+0	3.555439E-4	1.083203E+2	1.025347E-4	1.886638E+1	-9.669517E-1	3.467390E+0
1.170508E+0	3.750086E-4	9.432597E+1	9.852656E-5	1.530881E+1	-2.748680E-1	3.736455E+0
1.172656E+0	3.976685E-4	8.215187E+1	1.006583E-4	1.186356E+1	3.325136E-1	3.719175E+0
1.174805E+0	4.173617E-4	6.997147E+1	1.017247E-4	1.971201E+0	5.369387E-1	3.804108E+0
1.176953E+0	4.361386E-4	5.617895E+1	1.011256E-4	-2.602468E+0	1.235364E+0	3.688325E+0
1.179101E+0	4.595116E-4	4.420911E+1	1.039785E-4	-7.127534E+0	1.760925E+0	3.450718E+0
1.181250E+0	4.821165E-4	3.177033E+1	1.055478E-4	-1.617310E+1	2.059775E+0	3.391484E+0
1.183398E+0	5.058721E-4	1.922429E+1	1.062579E-4	-1.961636E+1	2.708151E+0	2.985764E+0
1.185547E+0	5.427661E-4	5.301860E+0	1.062250E-4	-2.770985E+1	3.284693E+0	2.783757E+0
1.187695E+0	5.763758E-4	-7.794833E+0	1.108338E-4	-3.466803E+1	3.638769E+0	2.350654E+0
1.189844E+0	6.213606E-4	-2.117007E+1	1.037647E-4	-4.107415E+1	4.630459E+0	2.038651E+0
1.191992E+0	6.529404E-4	-3.625213E+1	1.106516E-4	-4.427048E+1	4.843177E+0	8.231134E-1
1.194141E+0	6.838281E-4	-5.080516E+1	1.105067E-4	-5.157082E+1	5.187562E+0	8.269109E-2
1.196289E+0	7.077354E-4	-6.488056E+1	1.144306E-4	-5.716922E+1	5.128912E+0	-8.298967E-1
1.198437E+0	7.470169E-4	-7.839806E+1	1.097128E-4	-6.627465E+1	5.656986E+0	-1.429979E+0
1.200586E+0	7.922993E-4	-9.455562E+1	1.084332E-4	-7.014210E+1	5.653468E+0	-3.020040E+0
1.202734E+0	8.350951E-4	-1.118898E+2	1.070358E-4	-7.736023E+1	5.427565E+0	-4.422429E+0
1.204883E+0	8.591650E-4	-1.300497E+2	1.022367E-4	-8.494389E+1	4.931319E+0	-5.953266E+0
1.207031E+0	8.959504E-4	-1.507552E+2	1.072087E-4	-9.041785E+1	3.135849E+0	-7.261910E+0
1.209180E+0	9.153527E-4	-1.720973E+2	1.037115E-4	-9.483743E+1	9.463820E-1	-8.608660E+0
1.211328E+0	8.916392E-4	1.641397E+2	1.112436E-4	-9.988686E+1	-1.834121E+0	-7.971675E+0
1.213476E+0	8.964663E-4	1.404614E+2	1.101058E-4	-1.073485E+2	-4.075025E+0	-7.538843E+0
1.215625E+0	9.100083E-4	1.168828E+2	1.103483E-4	-1.130516E+2	-6.308100E+0	-6.311258E+0
1.217773E+0	9.196597E-4	8.933797E+1	1.078292E-4	-1.192216E+2	-8.491069E+0	-4.077409E+0
1.219922E+0	9.196133E-4	6.138644E+1	1.053155E-4	-1.244540E+2	-9.686658E+0	-8.885534E-1
1.222070E+0	9.165488E-4	3.396012E+1	1.119330E-4	-1.341119E+2	-9.011568E+0	1.692389E+0
1.224219E+0	9.270516E-4	6.812545E+0	1.052229E-4	-1.397078E+2	-8.348560E+0	4.860154E+0
1.226367E+0	9.570928E-4	-2.121821E+1	1.145312E-4	-1.441259E+2	-5.540040E+0	7.015768E+0
1.228516E+0	9.731660E-4	-4.767980E+1	1.085799E-4	-1.517009E+2	-3.171469E+0	8.695643E+0
1.230664E+0	1.023480E-3	-7.616624E+1	1.115688E-4	-1.564654E+2	5.457753E-1	9.042360E+0
1.232812E+0	1.010007E-3	-1.052083E+2	1.118034E-4	-1.637845E+2	3.709887E+0	7.708832E+0
1.234961E+0	1.003799E-3	-1.307669E+2	1.085226E-4	-1.681237E+2	6.352312E+0	5.612488E+0
1.237109E+0	9.891962E-4	-1.567638E+2	1.119726E-4	-1.728982E+2	7.486310E+0	2.454968E+0
1.239258E+0	9.572905E-4	-1.797596E+2	1.105808E-4	1.784142E+2	7.652535E+0	2.758774E-1
1.241406E+0	9.152832E-4	1.564197E+2	1.132802E-4	1.746217E+2	6.675512E+0	-2.523877E+0
1.243555E+0	8.609688E-4	1.342722E+2	1.117837E-4	1.684440E+2	5.372384E+0	-4.326084E+0
1.245703E+0	8.255522E-4	1.116770E+2	1.060089E-4	1.614032E+2	4.034207E+0	-5.941639E+0
1.247851E+0	7.649271E-4	8.775772E+1	1.154822E-4	1.546242E+2	1.602313E+0	-6.091161E+0
1.250000E+0	6.505612E-4	6.067602E+1	1.129671E-4	1.497356E+2	-9.054817E-1	-5.758080E+0
1.252148E+0	5.978672E-4	3.563332E+1	1.066587E-4	1.416536E+2	-2.546971E+0	-5.387732E+0
1.254297E+0	5.433278E-4	5.169950E+0	1.088751E-4	1.350831E+2	-4.201954E+0	-3.827709E+0
1.256445E+0	5.047960E-4	-2.810411E+1	1.076247E-4	1.293343E+2	-5.331373E+0	-1.799571E+0
1.258594E+0	4.869868E-4	-6.076341E+1	1.108228E-4	1.242429E+2	-5.377520E+0	3.834691E-1
1.260742E+0	4.685214E-4	-9.748565E+1	1.092698E-4	1.157431E+2	-4.586656E+0	2.349613E+0
1.262890E+0	4.700981E-4	-1.298161E+2	1.147300E-4	1.124374E+2	-2.907601E+0	3.626291E+0
1.265039E+0	5.017373E-4	-1.583444E+2	1.065203E-4	1.037316E+2	-1.649352E+0	4.665276E+0
1.267187E+0	5.497063E-4	1.760858E+2	1.080005E-4	1.015621E+2	3.581742E-1	4.905296E+0
1.269336E+0	6.058548E-4	1.481959E+2	1.075920E-4	9.406377E+1	2.299327E+0	4.563227E+0
1.271484E+0	6.041930E-4	1.212388E+2	1.124110E-4	8.787564E+1	3.489089E+0	2.955869E+0
1.273633E+0	5.901383E-4	9.420322E+1	1.066939E-4	8.286351E+1	4.423159E+0	1.087563E+0
1.275781E+0	5.357465E-4	6.728455E+1	1.102276E-4	7.337933E+1	3.832894E+0	-5.160420E-1
1.277930E+0	4.797342E-4	4.537808E+1	1.103131E-4	6.995822E+1	2.954751E+0	-1.808969E+0
1.280078E+0	4.120573E-4	2.475167E+1	1.118518E-4	6.091818E+1	1.974079E+0	-2.174028E+0
1.282226E+0	3.450196E-4	3.594977E+0	1.137729E-4	5.833574E+1	7.506087E-1	-2.476207E+0
1.284375E+0	2.597175E-4	-1.719216E+1	1.112026E-4	5.218039E+1	-1.772144E-1	-2.185805E+0
1.286523E+0	1.725749E-4	-3.224299E+1	1.112523E-4	4.411454E+1	-6.341294E-1	-1.507438E+0
1.288672E+0	1.298726E-4	-4.679012E+1	1.153376E-4	4.249413E+1	-9.859339E-1	-1.125933E+0
1.290820E+0	5.827835E-5	-5.721006E+1	1.160120E-4	3.616010E+1	-1.029531E+0	-5.014788E-1
1.292969E+0	1.188608E-5	-6.463772E+1	1.179452E-4	3.055215E+1	-1.009116E+0	-1.003632E-1
1.295117E+0	2.798222E-5	7.087514E+1	1.108948E-4	2.539094E+1	-8.230891E-1	1.799266E-1
1.297265E+0	6.173801E-5	6.077813E+1	1.180013E-4	1.496600E+1	-6.353242E-1	3.751632E-1
1.299414E+0	8.678426E-5	4.595026E+1	1.162612E-4	1.192928E+1	-3.813100E-1	4.176413E-1
1.301562E+0	1.008692E-4	3.369775E+1	1.133103E-4	1.799598E+0	-2.442275E-1	4.703932E-1
1.303711E+0	1.139940E-4	2.254200E+1	1.154331E-4	-2.685864E-1	-8.970040E-2	3.828526E-1
1.305859E+0	1.118322E-4	1.533716E+1	1.163409E-4	-8.360901E+0	-1.198101E-1	3.863408E-1
1.308008E+0	1.181069E-4	7.577281E+0	1.186266E-4	-1.403687E+1	-7.438739E-2	3.667404E-1
1.310156E+0	1.244791E-4	-2.396933E+0	1.173224E-4	-2.184524E+1	4.620210E-4	3.532667E-1
1.312305E+0	1.383106E-4	-7.277549E+0	1.204967E-4	-2.645465E+1	8.414115E-2	3.770521E-1
1.314453E+0	1.472710E-4	-1.774668E+1	1.203709E-4	-3.221083E+1	1.846976E-1	3.055929E-1
1.316601E+0	1.481278E-4	-3.027760E+1	1.180963E-4	-3.946260E+1	2.382142E-1	2.002143E-1
1.318750E+0	1.491454E-4	-3.838469E+1	1.210300E-4	-4.667392E+1	2.194271E-1	1.776611E-1
1.320898E+0	1.455882E-4	-4.723284E+1	1.163269E-4	-5.122390E+1	2.485086E-1	8.710847E-2
1.323047E+0	1.441920E-4	-5.637384E+1	1.183946E-4	-5.887734E+1	2.167310E-1	5.319809E-2
1.325195E+0	1.420705E-4	-6.477565E+1	1.211319E-4	-6.234050E+1	1.717987E-1	-4.983308E-2
1.327344E+0	1.379833E-4	-6.848085E+1	1.203844E-4	-6.888521E+1	1.461607E-1	8.089064E-3
1.329492E+0	1.402484E-4	-7.288663E+1	1.162216E-4	-7.768959E+1	2.024953E-1	1.010389E-1
1.331640E+0	1.447318E-4	-8.004683E+1	1.215560E-4	-8.293174E+1	1.891505E-1	5.992578E-2
1.333789E+0	1.476127E-4	-9.327724E+1	1.223759E-4	-9.024333E+1	2.045330E-1	-6.384177E-2
1.335937E+0	1.390350E-4	-1.021388E+2	1.159936E-4	-9.786504E+1	1.953107E-1	-8.932537E-2
1.338086E+0	1.288585E-4	-1.113086E+2	1.176267E-4	-1.014497E+2	7.930912E-2	-1.875719E-1
1.340234E+0	1.182956E-4	-1.165828E+2	1.142920E-4	-1.053809E+2	1.531093E-2	-2.010720E-1
1.342383E+0	1.084166E-4	-1.225981E+2	1.153664E-4	-1.141451E+2	-7.044992E-2	-1.381427E-1
1.344531E+0	1.092883E-4	-1.186786E+2	1.205508E-4	-1.181302E+2	-9.346687E-2	-8.677043E-3
1.346680E+0	1.092131E-4	-1.224531E+2	1.144029E-4	-1.264487E+2	-4.768457E-2	6.651889E-2
1.348828E+0	1.163541E-4	-1.287374E+2	1.235471E-4	-1.302793E+2	-5.856172E-2	2.534138E-2
1.350976E+0	1.260868E-4	-1.358737E+2	1.165542E-4	-1.374874E+2	8.135782E-2	3.046383E-2
1.353125E+0	1.162712E-4	-1.443390E+2	1.178644E-4	-1.450088E+2	-1.358463E-2	1.153193E-2
1.355273E+0	1.083105E-4	-1.529833E+2	1.229364E-4	-1.508585E+2	-1.195770E-1	-3.266525E-2
1.357422E+0	1.054606E-4	-1.548777E+2	1.157957E-4	-1.557576E+2	-8.936028E-2	1.398593E-2
1.359570E+0	1.002322E-4	-1.522240E+2	1.217114E-4	-1.629588E+2	-1.908883E-1	1.533923E-1
1.361719E+0	1.104100E-4	-1.553398E+2	1.226902E-4	-1.690361E+2	-1.256806E-1	2.130763E-1
1.363867E+0	1.168134E-4	-1.566994E+2	1.143084E-4	-1.748941E+2	-2.918036E-2	3.190897E-1
1.366015E+0	1.357256E-4	-1.628944E+2	1.189206E-4	-1.788738E+2	9.721329E-2	3.141940E-1
1.368164E+0	1.547725E-4	-1.701747E+2	1.207725E-4	1.723911E+2	2.226501E-1	3.839569E-1
1.370312E+0	1.564220E-4	1.783996E+2	1.201978E-4	1.689182E+2	2.835937E-1	2.143716E-1
1.372461E+0	1.683922E-4	1.695506E+2	1.154378E-4	1.601693E+2	4.392168E-1	2.377782E-1
1.374609E+0	1.776870E-4	1.592899E+2	1.203639E-4	1.586320E+2	4.761510E-1	1.695068E-2
1.376758E+0	1.959748E-4	1.490502E+2	1.220102E-4	1.511904E+2	6.050961E-1	-5.998392E-2
1.378906E+0	1.950797E-4	1.351643E+2	1.221457E-4	1.452250E+2	5.725482E-1	-2.790008E-1
1.381055E+0	2.015039E-4	1.218363E+2	1.272267E-4	1.387770E+2	5.150909E-1	-4.614956E-1
1.383203E+0	1.995464E-4	1.023902E+2	1.197266E-4	1.330110E+2	4.342768E-1	-8.489319E-1
1.385351E+0	2.007941E-4	8.363644E+1	1.273869E-4	1.248627E+2	1.855210E-1	-1.038805E+0
1.387500E+0	1.807516E-4	5.468938E+1	1.257070E-4	1.184823E+2	-3.650081E-1	-1.290072E+0
1.389648E+0	1.614265E-4	1.520309E+1	1.251885E-4	1.129136E+2	-1.173005E+0	-1.277809E+0
1.391797E+0	1.480053E-4	-4.106770E+1	1.151739E-4	1.073914E+2	-2.095214E+0	-6.722237E-1
1.393945E+0	1.921592E-4	-1.036355E+2	1.183512E-4	9.977106E+1	-2.490025E+0	6.449940E-1
1.396094E+0	2.795848E-4	-1.549157E+2	1.219630E-4	9.295999E+1	-1.863348E+0	2.123584E+0
1.398242E+0	3.825679E-4	1.668470E+2	1.182851E-4	8.996494E+1	-2.659584E-1	3.149888E+0
1.400390E+0	4.447572E-4	1.334285E+2	1.215788E-4	8.238319E+1	1.299919E+0	2.844760E+0
1.402539E+0	4.935852E-4	1.040030E+2	1.224367E-4	7.659946E+1	2.578980E+0	1.855448E+0
1.404687E+0	5.117052E-4	7.426778E+1	1.208530E-4	7.032212E+1	3.224077E+0	2.913507E-1
1.406836E+0	4.928081E-4	4.369884E+1	1.200085E-4	6.428479E+1	2.844230E+0	-1.443875E+0
1.408984E+0	4.477776E-4	1.421853E+1	1.221408E-4	5.823111E+1	1.636596E+0	-2.547250E+0
1.411133E+0	3.883687E-4	-1.674545E+1	1.196358E-4	5.398987E+1	7.104617E-2	-3.064482E+0
1.413281E+0	3.222130E-4	-5.434642E+1	1.217481E-4	4.739571E+1	-1.538593E+0	-2.591171E+0
1.415430E+0	2.708588E-4	-1.013740E+2	1.220357E-4	4.060316E+1	-2.748449E+0	-1.367161E+0
1.417578E+0	2.431829E-4	-1.637737E+2	1.168178E-4	3.836576E+1	-2.928241E+0	7.845248E-1
1.419726E+0	2.695518E-4	1.324154E+2	1.206864E-4	2.793600E+1	-1.558444E+0	2.162548E+0
1.421875E+0	2.882339E-4	8.265694E+1	1.205656E-4	2.614288E+1	3.190161E-1	1.993879E+0
1.424023E+0	2.632210E-4	5.050293E+1	1.202124E-4	1.995847E+1	8.857884E-1	1.112786E+0
1.426172E+0	2.479415E-4	2.604709E+1	1.261651E-4	1.177877E+1	9.045920E-1	4.843531E-1
1.428320E+0	2.201177E-4	8.021288E+0	1.228223E-4	3.286639E+0	7.860485E-1	1.479274E-1
1.430469E+0	1.957246E-4	-5.257591E+0	1.306240E-4	3.901275E-1	4.911081E-1	-1.474583E-1
1.432617E+0	1.739268E-4	-1.618792E+1	1.240024E-4	-7.449992E+0	3.863290E-1	-2.130774E-1
1.434765E+0	1.607734E-4	-2.530376E+1	1.223674E-4	-1.220441E+1	2.796696E-1	-2.977731E-1
1.436914E+0	1.441191E-4	-3.300771E+1	1.269932E-4	-1.719952E+1	9.193548E-2	-3.091552E-1
1.439062E+0	1.382512E-4	-3.876004E+1	1.278328E-4	-2.108099E+1	3.042375E-2	-3.284351E-1
1.441211E+0	1.260915E-4	-4.260879E+1	1.278222E-4	-2.980142E+1	-3.808219E-2	-2.186725E-1
1.443359E+0	1.159337E-4	-4.938373E+1	1.281208E-4	-3.461497E+1	-1.250168E-1	-2.306702E-1
1.445508E+0	1.119644E-4	-5.018021E+1	1.312397E-4	-4.112859E+1	-1.574950E-1	-1.342179E-1
1.447656E+0	1.093301E-4	-5.275088E+1	1.298990E-4	-4.766106E+1	-1.616641E-1	-7.466935E-2
1.449805E+0	1.045045E-4	-5.443176E+1	1.325483E-4	-5.365229E+1	-2.116472E-1	-1.072566E-2
1.451953E+0	1.134912E-4	-5.354462E+1	1.368670E-4	-6.199636E+1	-1.797973E-1	1.218739E-1
1.454101E+0	1.147650E-4	-6.017836E+1	1.267164E-4	-6.789944E+1	-1.025272E-1	1.216793E-1
1.456250E+0	1.224674E-4	-6.367192E+1	1.374707E-4	-7.405435E+1	-1.237244E-1	1.605489E-1
1.458398E+0	1.251922E-4	-6.891579E+1	1.310493E-4	-8.261545E+1	-7.187182E-2	2.262474E-1
1.460547E+0	1.417535E-4	-7.385719E+1	1.295612E-4	-8.311959E+1	7.983914E-2	1.761029E-1
1.462695E+0	1.514309E-4	-8.324880E+1	1.397377E-4	-9.379972E+1	6.535739E-2	1.984318E-1
1.464844E+0	1.469762E-4	-8.966441E+1	1.320706E-4	-9.932269E+1	9.708704E-2	1.867064E-1
1.466992E+0	1.461730E-4	-9.663493E+1	1.300385E-4	-1.085679E+2	9.978372E-2	2.324218E-1
1.469140E+0	1.536277E-4	-1.061816E+2	1.362713E-4	-1.135544E+2	1.180457E-1	1.446691E-1
1.471289E+0	1.551897E-4	-1.151651E+2	1.321079E-4	-1.181293E+2	1.731476E-1	6.074705E-2
1.473437E+0	1.621771E-4	-1.235947E+2	1.262864E-4	-1.233612E+2	2.841902E-1	-5.233545E-3
1.475586E+0	1.616494E-4	-1.296055E+2	1.299360E-4	-1.292745E+2	2.440486E-1	-7.186998E-3
1.477734E+0	1.573235E-4	-1.377971E+2	1.318998E-4	-1.392621E+2	1.923602E-1	3.049419E-2
1.479883E+0	1.586734E-4	-1.475617E+2	1.336098E-4	-1.436617E+2	1.848379E-1	-8.077415E-2
1.482031E+0	1.542101E-4	-1.527466E+2	1.284162E-4	-1.510160E+2	2.003140E-1	-3.626611E-2
1.484180E+0	1.471375E-4	-1.594813E+2	1.308096E-4	-1.554953E+2	1.221010E-1	-7.818943E-2
1.486328E+0	1.456043E-4	-1.691376E+2	1.305698E-4	-1.589852E+2	9.768479E-2	-1.965634E-1
1.488476E+0	1.389782E-4	-1.763746E+2	1.354217E-4	-1.695293E+2	1.894678E-2	-1.223192E-1
1.490625E+0	1.255365E-4	1.762251E+2	1.239094E-4	-1.742275E+2	-9.017952E-4	-1.680415E-1
1.492773E+0	1.287749E-4	1.698730E+2	1.244117E-4	1.789838E+2	2.201218E-2	-1.638974E-1
1.494922E+0	1.217155E-4	1.627867E+2	1.236847E-4	1.764374E+2	-4.371885E-2	-2.322447E-1
1.497070E+0	1.210397E-4	1.591551E+2	1.302085E-4	1.674589E+2	-8.016185E-2	-1.342522E-1
1.499219E+0	1.116269E-4	1.567930E+2	1.227542E-4	1.637357E+2	-9.731480E-2	-1.099196E-1
1.501367E+0	1.060292E-4	1.498653E+2	1.250719E-4	1.581595E+2	-1.611211E-1	-1.222925E-1
1.503515E+0	8.978351E-5	1.515013E+2	1.296779E-4	1.520613E+2	-3.076752E-1	-6.766890E-3
1.505664E+0	7.942125E-5	1.603176E+2	1.266069E-4	1.452129E+2	-3.943668E-1	1.634657E-1
1.507812E+0	1.023552E-4	1.666358E+2	1.250836E-4	1.399624E+2	-2.687886E-1	3.673358E-1
1.509961E+0	1.358872E-4	1.629448E+2	1.281662E-4	1.343753E+2	-6.885545E-2	5.070337E-1
1.512109E+0	1.686184E-4	1.536743E+2	1.306779E-4	1.284808E+2	1.675932E-1	5.492659E-1
1.514258E+0	2.068792E-4	1.433304E+2	1.265706E-4	1.197125E+2	4.975871E-1	6.548370E-1
1.516406E+0	2.573614E-4	1.232554E+2	1.272337E-4	1.187098E+2	1.016383E+0	1.603076E-1
1.518554E+0	2.953238E-4	9.883405E+1	1.368211E-4	1.079421E+2	1.131252E+0	-3.416784E-1
1.520703E+0	2.850603E-4	7.095686E+1	1.305832E-4	1.036211E+2	8.377355E-1	-1.178186E+0
1.522851E+0	2.465261E-4	3.603591E+1	1.301857E-4	9.750977E+1	-9.566935E-2	-1.663759E+0
1.525000E+0	1.724067E-4	-9.334790E+0	1.345803E-4	9.087582E+1	-1.227091E+0	-1.260781E+0
1.527148E+0	1.113505E-4	-8.067485E+1	1.343912E-4	8.535509E+1	-1.804048E+0	-2.000255E-1
1.529297E+0	1.379598E-4	-1.641601E+2	1.351728E-4	8.046709E+1	-1.437341E+0	9.221680E-1
1.531445E+0	2.210607E-4	1.495475E+2	1.388066E-4	7.155974E+1	-6.685511E-1	1.557708E+0
1.533594E+0	2.936646E-4	1.158432E+2	1.338892E-4	6.553739E+1	4.008642E-1	1.687697E+0
1.535742E+0	3.460167E-4	8.544876E+1	1.329100E-4	5.885655E+1	1.327992E+0	1.165375E+0
1.537890E+0	3.504919E-4	5.548531E+1	1.359732E-4	5.450210E+1	1.577275E+0	4.423103E-2
1.540039E+0	3.193063E-4	2.462313E+1	1.373359E-4	4.895743E+1	1.118442E+0	-9.580403E-1
1.542187E+0	2.318764E-4	-4.533295E+0	1.329630E-4	4.095102E+1	2.226679E-1	-1.243515E+0
1.544336E+0	1.289409E-4	-2.223086E+1	1.294097E-4	3.810902E+1	-5.069387E-1	-8.658282E-1
1.546484E+0	5.431115E-5	-8.113653E+0	1.359088E-4	3.049297E+1	-6.877218E-1	-2.493475E-1
1.548633E+0	6.157706E-5	2.944618E+1	1.324243E-4	2.041762E+1	-5.407630E-1	7.297067E-2
1.550781E+0	1.063925E-4	3.554081E+1	1.344988E-4	1.880202E+1	-2.424883E-1	2.278235E-1
1.552929E+0	1.204521E-4	2.758126E+1	1.321607E-4	1.172098E+1	-1.232900E-1	2.490805E-1
1.555078E+0	1.317455E-4	2.048071E+1	1.321181E-4	6.922036E+0	-3.061126E-2	2.337798E-1
1.557226E+0	1.414100E-4	7.702788E+0	1.330312E-4	2.797987E+0	5.909122E-2	9.088554E-2
1.559375E+0	1.450769E-4	-4.337249E-1	1.325972E-4	-6.661329E+0	8.766078E-2	1.186880E-1
1.561523E+0	1.416469E-4	-5.968609E+0	1.299517E-4	-1.092041E+1	8.592828E-2	9.408597E-2
1.563672E+0	1.523323E-4	-1.360512E+1	1.339738E-4	-1.709459E+1	1.349225E-1	6.920547E-2
1.565820E+0	1.566202E-4	-1.969031E+1	1.414977E-4	-2.449029E+1	1.029926E-1	9.262049E-2
1.567969E+0	1.485275E-4	-2.895711E+1	1.417211E-4	-2.972252E+1	4.793321E-2	1.400009E-2
1.570117E+0	1.491542E-4	-3.255952E+1	1.371591E-4	-3.508194E+1	8.640025E-2	4.785919E-2
1.572265E+0	1.453217E-4	-4.338244E+1	1.416756E-4	-4.163382E+1	2.525790E-2	-3.129974E-2
1.574414E+0	1.481424E-4	-4.717965E+1	1.420965E-4	-5.021735E+1	4.108294E-2	5.524777E-2
1.576562E+0	1.444325E-4	-5.375701E+1	1.458208E-4	-5.398707E+1	-9.528574E-3	3.977066E-3
1.578711E+0	1.400551E-4	-6.193283E+1	1.410402E-4	-6.098129E+1	-7.121472E-3	-1.649075E-2
1.580859E+0	1.439083E-4	-6.637102E+1	1.399118E-4	-6.547775E+1	2.843942E-2	-1.603519E-2
1.583008E+0	1.410486E-4	-7.172820E+1	1.442775E-4	-7.253294E+1	-2.247622E-2	1.373058E-2
1.585156E+0	1.438114E-4	-7.921323E+1	1.430011E-4	-7.860281E+1	5.609317E-3	-1.071400E-2
1.587304E+0	1.429210E-4	-8.434208E+1	1.438929E-4	-8.384697E+1	-6.791413E-3	-8.582827E-3
1.589453E+0	1.472473E-4	-9.185802E+1	1.443703E-4	-9.508815E+1	1.830753E-2	5.746941E-2
1.591601E+0	1.445030E-4	-9.438720E+1	1.420475E-4	-9.928571E+1	1.357085E-2	8.686712E-2
1.593750E+0	1.488792E-4	-1.028835E+2	1.419542E-4	-1.065624E+2	4.662213E-2	6.729498E-2
1.595898E+0	1.519991E-4	-1.084845E+2	1.423394E-4	-1.117278E+2	6.615345E-2	6.041551E-2
1.598047E+0	1.526623E-4	-1.159693E+2	1.393059E-4	-1.193101E+2	9.401584E-2	6.386222E-2
1.600195E+0	1.545918E-4	-1.226312E+2	1.449280E-4	-1.254987E+2	6.534441E-2	5.336219E-2
1.602344E+0	1.526075E-4	-1.294535E+2	1.458815E-4	-1.321961E+2	4.490768E-2	5.005525E-2
1.604492E+0	1.451047E-4	-1.385355E+2	1.436291E-4	-1.405806E+2	9.630187E-3	3.605278E-2
1.606640E+0	1.415431E-4	-1.441614E+2	1.411468E-4	-1.443038E+2	2.804618E-3	2.492324E-3
1.608789E+0	1.458181E-4	-1.531678E+2	1.416410E-4	-1.505933E+2	2.845165E-2	-4.624306E-2
1.610937E+0	1.432376E-4	-1.555281E+2	1.426669E-4	-1.557188E+2	3.994666E-3	3.341651E-3
1.613086E+0	1.478393E-4	-1.623991E+2	1.435735E-4	-1.606528E+2	2.923337E-2	-3.137940E-2
1.615234E+0	1.485321E-4	-1.702964E+2	1.382324E-4	-1.665451E+2	7.220782E-2	-7.030065E-2
1.617383E+0	1.414096E-4	-1.752671E+2	1.384081E-4	-1.716042E+2	1.959876E-2	-6.527155E-2
1.619531E+0	1.427674E-4	1.753536E+2	1.402505E-4	-1.785528E+2	1.219416E-2	-1.080580E-1
1.621679E+0	1.368205E-4	1.703409E+2	1.369032E-4	1.751202E+2	-4.078950E-3	-8.326749E-2
1.623828E+0	1.279159E-4	1.640420E+2	1.411615E-4	1.707780E+2	-1.000881E-1	-1.062886E-1
1.625976E+0	1.172112E-4	1.590354E+2	1.435986E-4	1.627158E+2	-1.854414E-1	-5.239533E-2
1.628125E+0	1.092637E-4	1.634418E+2	1.437593E-4	1.577077E+2	-2.437569E-1	7.593769E-2
1.630273E+0	1.158341E-4	1.701555E+2	1.389234E-4	1.504206E+2	-2.151748E-1	2.815476E-1
1.632422E+0	1.446665E-4	1.745717E+2	1.397058E-4	1.465920E+2	-8.552835E-2	4.858177E-1
1.634570E+0	2.000888E-4	1.583814E+2	1.352867E-4	1.421477E+2	4.200298E-1	4.134627E-1
1.636719E+0	2.377546E-4	1.370060E+2	1.435544E-4	1.365173E+2	6.561384E-1	1.412625E-2
1.638867E+0	2.314472E-4	1.135812E+2	1.435796E-4	1.283132E+2	5.589859E-1	-4.099231E-1
1.641015E+0	1.882916E-4	8.864037E+1	1.492063E-4	1.242520E+2	2.594724E-2	-7.348211E-1
1.643164E+0	1.133205E-4	6.735401E+1	1.387038E-4	1.164420E+2	-4.649497E-1	-6.174174E-1
1.645312E+0	4.156804E-5	9.209286E+1	1.438801E-4	1.103259E+2	-7.255980E-1	-9.039415E-2
1.647461E+0	9.409495E-5	1.490305E+2	1.439892E-4	1.046601E+2	-5.328658E-1	4.569790E-1
1.649609E+0	1.681859E-4	1.301014E+2	1.504156E-4	9.925057E+1	-4.006974E-2	5.733881E-1
1.651758E+0	2.004675E-4	1.061846E+2	1.370957E-4	9.163743E+1	4.153671E-1	3.672823E-1
1.653906E+0	2.022732E-4	8.656735E+1	1.513111E-4	8.709386E+1	3.367470E-1	-1.228416E-2
1.656054E+0	1.762909E-4	7.231332E+1	1.491031E-4	8.004564E+1	1.715918E-1	-1.590784E-1
1.658203E+0	1.613099E-4	6.467680E+1	1.481272E-4	7.245599E+1	7.897385E-2	-1.474018E-1
1.660351E+0	1.506574E-4	6.067176E+1	1.526508E-4	6.669888E+1	-1.851407E-2	-1.036281E-1
1.662500E+0	1.444004E-4	5.713383E+1	1.387251E-4	5.923115E+1	4.021311E-2	-3.809416E-2
1.664648E+0	1.425779E-4	5.435711E+1	1.461010E-4	5.421082E+1	-2.411732E-2	2.491670E-3
1.666797E+0	1.348830E-4	4.805418E+1	1.471197E-4	4.753391E+1	-8.321293E-2	8.325045E-3
1.668945E+0	1.380778E-4	4.304679E+1	1.505162E-4	4.243251E+1	-8.269100E-2	9.835038E-3
1.671094E+0	1.422359E-4	3.826845E+1	1.525444E-4	3.434319E+1	-6.976433E-2	6.382914E-2
1.673242E+0	1.416948E-4	3.227357E+1	1.468094E-4	2.911111E+1	-3.630819E-2	5.324538E-2
1.675390E+0	1.456638E-4	2.710561E+1	1.436492E-4	2.144024E+1	9.071357E-3	1.001028E-1
1.677539E+0	1.459103E-4	2.123115E+1	1.445097E-4	1.554466E+1	4.723349E-3	1.000455E-1
1.679687E+0	1.479692E-4	1.313306E+1	1.417067E-4	1.245176E+1	4.411957E-2	1.241614E-2
1.681836E+0	1.529163E-4	6.489947E+0	1.405351E-4	5.878691E+0	8.803849E-2	1.160810E-2
1.683984E+0	1.467991E-4	1.017896E+0	1.403271E-4	-1.794036E+0	4.486122E-2	5.132036E-2
1.686133E+0	1.590290E-4	-1.852957E+0	1.425112E-4	-6.112904E+0	1.128224E-1	8.289125E-2
1.688281E+0	1.517216E-4	-9.990182E+0	1.443975E-4	-1.381810E+1	4.837769E-2	7.014627E-2
1.690429E+0	1.476311E-4	-1.754818E+1	1.472254E-4	-1.856816E+1	2.596750E-3	1.785012E-2
1.692578E+0	1.471931E-4	-2.227964E+1	1.320433E-4	-2.471123E+1	1.137299E-1	4.729426E-2
1.694726E+0	1.475737E-4	-2.945285E+1	1.402612E-4	-2.990042E+1	5.210277E-2	8.218742E-3
1.696875E+0	1.500948E-4	-3.661285E+1	1.436639E-4	-3.693754E+1	4.474673E-2	5.920549E-3
1.699023E+0	1.458008E-4	-4.169127E+1	1.412444E-4	-3.898272E+1	3.110577E-2	-4.877992E-2
1.701172E+0	1.480668E-4	-4.810950E+1	1.410194E-4	-4.565697E+1	4.901293E-2	-4.493015E-2
1.703320E+0	1.515238E-4	-5.360360E+1	1.485798E-4	-5.272647E+1	1.969477E-2	-1.561153E-2
1.705469E+0	1.438362E-4	-5.792500E+1	1.481455E-4	-5.682956E+1	-2.926574E-2	-1.856176E-2
1.707617E+0	1.422770E-4	-6.640914E+1	1.548877E-4	-6.283337E+1	-8.320665E-2	-5.729052E-2
1.709765E+0	1.529383E-4	-7.166009E+1	1.515238E-4	-6.746481E+1	6.630661E-3	-7.383896E-2
1.711914E+0	1.583107E-4	-7.837632E+1	1.575651E-4	-7.785889E+1	4.691041E-3	-9.073468E-3
1.714062E+0	1.528896E-4	-8.265919E+1	1.495299E-4	-8.245628E+1	2.246200E-2	-3.621011E-3
1.716211E+0	1.574330E-4	-8.651418E+1	1.588784E-4	-8.825317E+1	-9.553893E-3	3.007036E-2
1.718359E+0	1.616650E-4	-9.100552E+1	1.494453E-4	-9.430658E+1	7.997212E-2	6.229085E-2
1.720508E+0	1.654257E-4	-1.009177E+2	1.483370E-4	-1.027828E+2	1.146111E-1	3.629579E-2
1.722656E+0	1.747875E-4	-1.089384E+2	1.579066E-4	-1.083625E+2	1.068484E-1	-1.112570E-2
1.724804E+0	1.775719E-4	-1.178348E+2	1.615448E-4	-1.167040E+2	9.899741E-2	-2.169283E-2
1.726953E+0	1.669490E-4	-1.281985E+2	1.607422E-4	-1.222070E+2	3.293984E-2	-1.084114E-1
1.729101E+0	1.562555E-4	-1.373664E+2	1.522228E-4	-1.274978E+2	1.130350E-2	-1.759297E-1
1.731250E+0	1.420710E-4	-1.405848E+2	1.551742E-4	-1.379578E+2	-8.540405E-2	-4.196345E-2
1.733398E+0	1.271091E-4	-1.429990E+2	1.620860E-4	-1.409179E+2	-2.163095E-1	-2.847777E-2
1.735547E+0	1.330065E-4	-1.384806E+2	1.558762E-4	-1.477643E+2	-1.578937E-1	1.376542E-1
1.737695E+0	1.567874E-4	-1.417404E+2	1.580283E-4	-1.528768E+2	-2.653437E-2	1.916287E-1
1.739844E+0	1.830093E-4	-1.506545E+2	1.555334E-4	-1.634234E+2	1.475566E-1	2.600635E-1
1.741992E+0	1.956681E-4	-1.662008E+2	1.572871E-4	-1.664067E+2	2.440107E-1	4.470537E-3
1.744140E+0	1.860883E-4	-1.795379E+2	1.492077E-4	-1.762521E+2	2.451260E-1	-7.148390E-2
1.746289E+0	1.603516E-4	1.701977E+2	1.454970E-4	1.789204E+2	8.934861E-2	-1.671355E-1
1.748437E+0	1.377174E-4	1.651697E+2	1.551079E-4	1.720119E+2	-1.184422E-1	-1.057780E-1
1.750586E+0	1.246771E-4	1.671715E+2	1.547822E-4	1.677906E+2	-1.945468E-1	-8.703529E-3
1.752734E+0	1.384574E-4	1.662841E+2	1.508449E-4	1.619166E+2	-8.478620E-2	6.989967E-2
1.754883E+0	1.427428E-4	1.611163E+2	1.470452E-4	1.555522E+2	-3.383282E-2	9.412236E-2
1.757031E+0	1.493182E-4	1.526032E+2	1.407278E-4	1.525807E+2	6.104258E-2	4.166705E-4
1.759179E+0	1.465707E-4	1.458302E+2	1.431077E-4	1.461461E+2	2.418299E-2	-5.646885E-3
1.761328E+0	1.539482E-4	1.405523E+2	1.433525E-4	1.385119E+2	7.323271E-2	3.823580E-2
1.763476E+0	1.542228E-4	1.361685E+2	1.509391E-4	1.323294E+2	1.946232E-2	6.841142E-2
1.765625E+0	1.489873E-4	1.302615E+2	1.379326E-4	1.258529E+2	7.694976E-2	8.302937E-2
1.767773E+0	1.490571E-4	1.222739E+2	1.430761E-4	1.244056E+2	4.108197E-2	-3.875153E-2
1.769922E+0	1.440295E-4	1.161274E+2	1.421400E-4	1.169947E+2	1.317714E-2	-1.533788E-2
1.772070E+0	1.506415E-4	1.119494E+2	1.463429E-4	1.128094E+2	2.925752E-2	-1.545014E-2
1.774219E+0	1.476325E-4	1.055480E+2	1.511403E-4	1.045146E+2	-2.336777E-2	1.761668E-2
1.776367E+0	1.540273E-4	9.896648E+1	1.446039E-4	9.865560E+1	6.515130E-2	5.779439E-3
1.778515E+0	1.448608E-4	9.354987E+1	1.461299E-4	9.528291E+1	-9.138180E-3	-2.997999E-2
1.780664E+0	1.483775E-4	8.832238E+1	1.401541E-4	8.861796E+1	5.865990E-2	-5.461510E-3
1.782812E+0	1.529550E-4	8.415784E+1	1.493160E-4	8.437932E+1	2.436348E-2	-3.959753E-3
1.784961E+0	1.521319E-4	7.501021E+1	1.537578E-4	7.570101E+1	-1.064634E-2	-1.192895E-2
1.787109E+0	1.577531E-4	7.093299E+1	1.507136E-4	7.074777E+1	4.670233E-2	3.383685E-3
1.789258E+0	1.526984E-4	6.526546E+1	1.553023E-4	6.480473E+1	-1.679844E-2	7.906345E-3
1.791406E+0	1.587534E-4	6.031441E+1	1.552121E-4	5.811907E+1	2.206517E-2	3.918053E-2
1.793554E+0	1.574628E-4	5.328280E+1	1.533717E-4	5.094227E+1	2.581792E-2	4.192794E-2
1.795703E+0	1.600295E-4	4.606025E+1	1.562159E-4	4.679232E+1	2.432875E-2	-1.308859E-2
1.797851E+0	1.600436E-4	4.256982E+1	1.571177E-4	3.996333E+1	1.756850E-2	4.632302E-2
1.800000E+0	1.552721E-4	3.298247E+1	1.567191E-4	3.302287E+1	-9.233326E-3	-6.986026E-4
