7.021484E-1	6.065496E-5	-1.022399E+2	6.846670E-5	-9.782638E+1	-1.167225E-1	-6.817416E-2
7.042969E-1	6.898391E-5	-1.034436E+2	6.194590E-5	-1.044175E+2	1.134546E-1	1.892806E-2
7.064453E-1	6.978487E-5	-1.104806E+2	6.143822E-5	-1.122080E+2	1.353382E-1	3.423948E-2
7.085937E-1	6.542618E-5	-1.168232E+2	6.135428E-5	-1.170532E+2	6.635842E-2	4.280660E-3
7.107422E-1	6.417667E-5	-1.246459E+2	6.434022E-5	-1.253239E+2	-2.611791E-3	1.180298E-2
7.128906E-1	6.860266E-5	-1.321737E+2	6.470762E-5	-1.314921E+2	6.011944E-2	-1.261195E-2
7.150391E-1	6.396327E-5	-1.361310E+2	6.575193E-5	-1.368194E+2	-2.727337E-2	1.168772E-2
7.171875E-1	6.081423E-5	-1.383935E+2	6.616961E-5	-1.385482E+2	-8.093748E-2	2.481497E-3
7.193359E-1	7.012559E-5	-1.494554E+2	6.552535E-5	-1.473833E+2	6.950571E-2	-3.869551E-2
7.214844E-1	6.263497E-5	-1.552050E+2	6.496931E-5	-1.563751E+2	-3.613092E-2	1.968697E-2
7.236328E-1	6.225418E-5	-1.584474E+2	7.546027E-5	-1.575440E+2	-1.751097E-1	-1.300737E-2
7.257812E-1	7.328585E-5	-1.614275E+2	6.928584E-5	-1.636038E+2	5.696907E-2	4.016681E-2
7.279297E-1	6.709550E-5	-1.688534E+2	6.850097E-5	-1.719256E+2	-2.192524E-2	5.249469E-2
7.300781E-1	6.812890E-5	-1.799008E+2	6.616865E-5	1.783161E+2	2.912649E-2	3.203775E-2
7.322266E-1	6.546130E-5	1.702981E+2	6.561879E-5	1.769414E+2	-9.098339E-3	-1.154102E-1
7.343750E-1	7.291914E-5	1.741804E+2	6.544875E-5	1.707767E+2	1.121757E-1	6.614749E-2
7.365234E-1	7.111006E-5	1.614079E+2	7.175888E-5	1.614368E+2	-9.041794E-3	-4.998395E-4
7.386719E-1	7.061454E-5	1.541766E+2	7.416030E-5	1.536961E+2	-4.784559E-2	7.985246E-3
7.408203E-1	6.609379E-5	1.476267E+2	6.576812E-5	1.422868E+2	5.904322E-4	9.352481E-2
7.429687E-1	7.101123E-5	1.445450E+2	6.890737E-5	1.413032E+2	2.888263E-2	5.827647E-2
7.451172E-1	6.784944E-5	1.372643E+2	7.210240E-5	1.358924E+2	-5.925474E-2	2.252967E-2
7.472656E-1	6.473974E-5	1.311556E+2	7.050009E-5	1.337605E+2	-8.265587E-2	-4.173497E-2
7.494141E-1	6.745006E-5	1.259005E+2	6.579152E-5	1.304838E+2	2.193062E-2	-8.192280E-2
7.515625E-1	7.134199E-5	1.192473E+2	6.975534E-5	1.209941E+2	2.227065E-2	-3.117605E-2
7.537109E-1	6.851568E-5	1.107733E+2	6.891142E-5	1.131808E+2	-6.620326E-3	-4.176521E-2
7.558594E-1	6.981798E-5	1.082999E+2	7.274430E-5	1.069887E+2	-4.047879E-2	2.196224E-2
7.580078E-1	6.720852E-5	9.967202E+1	7.076506E-5	1.075904E+2	-5.931390E-2	-1.308386E-1
7.601562E-1	7.649278E-5	9.871343E+1	7.078226E-5	9.764056E+1	8.048782E-2	2.023462E-2
7.623047E-1	6.743318E-5	9.033397E+1	6.923720E-5	9.190712E+1	-2.642274E-2	-2.673789E-2
7.644531E-1	7.214740E-5	8.447792E+1	6.893293E-5	9.020217E+1	4.141276E-2	-1.043920E-1
7.666015E-1	7.656089E-5	7.734751E+1	6.630174E-5	7.627443E+1	1.545317E-1	2.162550E-2
7.687500E-1	7.163869E-5	7.235046E+1	7.158627E-5	7.240679E+1	7.317797E-4	-9.838637E-4
7.708984E-1	7.268663E-5	6.689941E+1	6.671400E-5	6.861853E+1	8.903550E-2	-3.268556E-2
7.730469E-1	7.546620E-5	6.133684E+1	6.699158E-5	6.358126E+1	1.256386E-1	-4.411667E-2
7.751953E-1	7.517832E-5	5.075712E+1	7.602636E-5	5.166872E+1	-1.127971E-2	-1.573228E-2
7.773437E-1	7.333415E-5	4.754235E+1	7.384858E-5	4.985007E+1	-7.771382E-3	-3.998593E-2
7.794922E-1	6.893380E-5	4.295782E+1	7.278613E-5	4.246154E+1	-5.296223E-2	8.203181E-3
7.816406E-1	7.174769E-5	3.480584E+1	7.116897E-5	3.367078E+1	7.933816E-3	1.997032E-2
7.837890E-1	7.382149E-5	2.729469E+1	8.284862E-5	3.234144E+1	-1.124137E-1	-7.838356E-2
7.859375E-1	7.111428E-5	2.382388E+1	6.887977E-5	2.307248E+1	3.235195E-2	1.353946E-2
7.880859E-1	7.445105E-5	1.767805E+1	6.767468E-5	2.237036E+1	9.644431E-2	-8.999598E-2
7.902344E-1	7.986167E-5	1.100003E+1	7.884221E-5	1.283719E+1	1.240972E-2	-3.247353E-2
7.923828E-1	6.852392E-5	5.455073E+0	7.620831E-5	5.863605E+0	-1.008569E-1	-6.411205E-3
7.945312E-1	7.264299E-5	-4.611190E-1	7.544329E-5	-3.994048E+0	-3.894786E-2	5.933489E-2
7.966797E-1	7.146971E-5	-6.247331E+0	7.986464E-5	-1.056263E+1	-1.076514E-1	6.733565E-2
7.988281E-1	7.335481E-5	-1.388410E+1	7.491636E-5	-1.592648E+1	-2.146593E-2	3.489586E-2
8.009765E-1	7.417858E-5	-2.185903E+1	8.155246E-5	-2.038462E+1	-9.072000E-2	-2.340395E-2
8.031250E-1	7.553669E-5	-2.634118E+1	8.567330E-5	-2.515596E+1	-1.185057E-1	-1.823719E-2
8.052734E-1	7.797035E-5	-2.885227E+1	8.012264E-5	-3.233395E+1	-2.865860E-2	5.909805E-2
8.074218E-1	8.171600E-5	-3.949145E+1	7.623203E-5	-4.302784E+1	6.989671E-2	6.611977E-2
8.095703E-1	7.276093E-5	-4.284761E+1	7.464586E-5	-4.713347E+1	-2.797741E-2	7.284551E-2
8.117187E-1	7.344846E-5	-5.335219E+1	7.478441E-5	-5.041888E+1	-1.915084E-2	-5.025939E-2
8.138672E-1	7.504571E-5	-5.954753E+1	7.056953E-5	-5.242008E+1	5.521182E-2	-1.319470E-1
8.160156E-1	7.506599E-5	-6.346983E+1	7.727743E-5	-6.297403E+1	-2.865326E-2	-8.405606E-3
8.181640E-1	7.641014E-5	-6.772802E+1	7.278998E-5	-6.595519E+1	4.923186E-2	-3.247540E-2
8.203125E-1	7.226145E-5	-7.868003E+1	7.427343E-5	-7.837730E+1	-2.710241E-2	-5.140484E-3
8.224609E-1	7.047955E-5	-8.126481E+1	7.824462E-5	-8.040250E+1	-9.934296E-2	-1.355605E-2
8.246093E-1	6.855118E-5	-9.095156E+1	8.165769E-5	-8.888860E+1	-1.610496E-1	-3.021984E-2
8.267578E-1	7.294205E-5	-9.459510E+1	7.237163E-5	-8.967730E+1	4.171514E-3	-8.640213E-2
8.289062E-1	7.604049E-5	-9.715502E+1	8.007855E-5	-9.949100E+1	-5.121534E-2	3.870391E-2
8.310547E-1	7.484552E-5	-1.067333E+2	7.856647E-5	-1.047390E+2	-4.793755E-2	-3.315192E-2
8.332031E-1	7.384527E-5	-1.125052E+2	7.654337E-5	-1.103267E+2	-3.594657E-2	-3.667291E-2
8.353515E-1	7.941986E-5	-1.201424E+2	7.622800E-5	-1.164061E+2	3.965807E-2	-6.789313E-2
8.375000E-1	7.138184E-5	-1.210054E+2	7.457152E-5	-1.218655E+2	-4.288129E-2	1.436894E-2
8.396484E-1	7.199764E-5	-1.329438E+2	8.216454E-5	-1.253166E+2	-1.314909E-1	-1.163035E-1
8.417968E-1	7.214044E-5	-1.318483E+2	7.932353E-5	-1.350186E+2	-9.194619E-2	5.029593E-2
8.439453E-1	7.428972E-5	-1.424102E+2	7.355688E-5	-1.401385E+2	9.169168E-3	-4.003317E-2
8.460937E-1	7.710214E-5	-1.462683E+2	8.051118E-5	-1.453342E+2	-4.246971E-2	-1.561211E-2
8.482422E-1	7.240366E-5	-1.545194E+2	7.475504E-5	-1.529373E+2	-3.182369E-2	-2.674091E-2
8.503906E-1	7.438718E-5	-1.588552E+2	8.469349E-5	-1.547242E+2	-1.239714E-1	-6.327094E-2
8.525390E-1	7.333884E-5	-1.625183E+2	7.544509E-5	-1.646029E+2	-2.856097E-2	3.535960E-2
8.546875E-1	8.046070E-5	-1.692962E+2	8.674438E-5	-1.653396E+2	-7.464979E-2	-6.400247E-2
8.568359E-1	7.763106E-5	-1.786200E+2	7.861362E-5	-1.793187E+2	-1.257202E-2	1.204190E-2
8.589843E-1	7.902102E-5	1.765113E+2	7.975900E-5	1.734554E+2	-1.066147E-2	5.281697E-2
8.611328E-1	8.023750E-5	1.669591E+2	8.047136E-5	1.702996E+2	-4.600312E-3	-5.810036E-2
8.632812E-1	7.811519E-5	1.625782E+2	8.509465E-5	1.634366E+2	-8.212298E-2	-1.375258E-2
8.654296E-1	8.206192E-5	1.572828E+2	8.341458E-5	1.586224E+2	-1.648499E-2	-2.299920E-2
8.675781E-1	7.666877E-5	1.511581E+2	7.703988E-5	1.536616E+2	-5.766963E-3	-4.347000E-2
8.697265E-1	8.157019E-5	1.500200E+2	8.044091E-5	1.450966E+2	1.029716E-2	8.702868E-2
8.718750E-1	7.933096E-5	1.416943E+2	8.211521E-5	1.417871E+2	-3.390790E-2	-1.564747E-3
8.740234E-1	7.813470E-5	1.348396E+2	8.204627E-5	1.354350E+2	-4.772659E-2	-9.896087E-3
8.761718E-1	7.955603E-5	1.240575E+2	7.833978E-5	1.249812E+2	1.539335E-2	-1.637119E-2
8.783203E-1	8.220017E-5	1.196266E+2	8.349586E-5	1.194479E+2	-1.552280E-2	3.070499E-3
8.804687E-1	7.900431E-5	1.200664E+2	8.454687E-5	1.116349E+2	-7.565566E-2	1.370146E-1
8.826171E-1	7.522373E-5	1.072291E+2	8.320565E-5	1.105917E+2	-9.748654E-2	-5.302800E-2
8.847656E-1	7.574484E-5	1.030255E+2	8.193433E-5	1.052469E+2	-7.623681E-2	-3.583294E-2
8.869140E-1	8.183791E-5	9.820332E+1	8.512191E-5	9.509629E+1	-3.999322E-2	5.211024E-2
8.890625E-1	7.580045E-5	9.151611E+1	7.520268E-5	8.949305E+1	7.320531E-3	3.558233E-2
8.912109E-1	7.294583E-5	8.526924E+1	8.087915E-5	8.433675E+1	-9.820801E-2	1.467798E-2
8.933593E-1	7.881696E-5	7.865137E+1	8.267089E-5	8.133707E+1	-4.766493E-2	-4.467277E-2
8.955078E-1	7.881560E-5	7.224756E+1	8.042507E-5	7.188742E+1	-2.003140E-2	6.159800E-3
8.976562E-1	8.176496E-5	6.823943E+1	8.613877E-5	6.616522E+1	-5.139827E-2	3.435609E-2
8.998046E-1	7.976125E-5	5.760538E+1	8.078680E-5	6.160380E+1	-1.509765E-2	-6.884379E-2
9.019531E-1	8.395199E-5	5.981871E+1	8.318538E-5	5.605557E+1	7.039710E-3	6.623682E-2
9.041015E-1	8.797836E-5	5.124868E+1	8.579480E-5	4.954189E+1	2.499601E-2	3.054275E-2
9.062500E-1	7.652451E-5	4.484836E+1	8.170951E-5	4.291616E+1	-6.398900E-2	3.157731E-2
9.083984E-1	8.363737E-5	3.792636E+1	8.423744E-5	3.835965E+1	-7.151945E-3	-7.508395E-3
9.105468E-1	7.591784E-5	3.187418E+1	8.097788E-5	3.299482E+1	-6.266601E-2	-1.833552E-2
9.126953E-1	8.334048E-5	2.540660E+1	8.366213E-5	2.365384E+1	-4.310713E-3	3.046907E-2
9.148437E-1	8.635472E-5	2.190347E+1	8.605541E-5	2.046482E+1	3.161793E-3	2.519386E-2
9.169921E-1	8.464645E-5	1.195403E+1	8.878919E-5	1.130089E+1	-4.672010E-2	1.086733E-2
9.191406E-1	8.356273E-5	6.075524E+0	8.805621E-5	5.173892E+0	-5.114717E-2	1.493280E-2
9.212890E-1	7.999311E-5	-4.423265E+0	8.902614E-5	2.463636E+0	-1.079480E-1	-1.077432E-1
9.234374E-1	8.846466E-5	-8.877413E+0	8.394435E-5	-3.674186E+0	4.950629E-2	-9.557215E-2
9.255859E-1	8.390902E-5	-1.165369E+1	8.993302E-5	-1.424690E+1	-6.793865E-2	4.221397E-2
9.277343E-1	8.217822E-5	-1.968546E+1	8.567000E-5	-1.834238E+1	-4.102203E-2	-2.248368E-2
9.298828E-1	8.162473E-5	-2.873820E+1	9.188719E-5	-2.464225E+1	-1.139543E-1	-6.344959E-2
9.320312E-1	8.149036E-5	-3.176810E+1	9.148701E-5	-3.132140E+1	-1.092956E-1	-6.944416E-3
9.341796E-1	8.113511E-5	-3.787062E+1	8.912525E-5	-3.661447E+1	-8.986946E-2	-1.995686E-2
9.363281E-1	8.028359E-5	-4.530428E+1	8.292925E-5	-4.499697E+1	-3.191654E-2	-5.192434E-3
9.384765E-1	8.505139E-5	-5.273032E+1	8.249209E-5	-5.663251E+1	2.863455E-2	7.016477E-2
9.406249E-1	8.581319E-5	-5.686377E+1	8.982643E-5	-5.567914E+1	-4.488190E-2	-1.975054E-2
9.427734E-1	7.942072E-5	-6.306258E+1	8.742006E-5	-6.466126E+1	-9.185825E-2	2.534576E-2
9.449218E-1	8.700532E-5	-6.867647E+1	8.439441E-5	-6.820351E+1	3.090188E-2	-8.509989E-3
9.470703E-1	8.122715E-5	-7.780167E+1	8.637997E-5	-7.530882E+1	-6.054284E-2	-4.090013E-2
9.492187E-1	7.973795E-5	-8.255837E+1	8.683559E-5	-8.559144E+1	-8.302287E-2	4.858747E-2
9.513671E-1	8.473919E-5	-9.001258E+1	8.686886E-5	-9.076132E+1	-2.459921E-2	1.274724E-2
9.535156E-1	8.096771E-5	-9.266855E+1	8.637916E-5	-9.160958E+1	-6.280773E-2	-1.732364E-2
9.556640E-1	8.005816E-5	-1.011614E+2	8.363734E-5	-9.570090E+1	-4.713781E-2	-9.108724E-2
9.578124E-1	8.481119E-5	-1.002026E+2	8.314110E-5	-1.045882E+2	1.710060E-2	7.800449E-2
9.599609E-1	7.993179E-5	-1.147160E+2	9.008481E-5	-1.117611E+2	-1.138849E-1	-4.573994E-2
9.621093E-1	7.971098E-5	-1.164151E+2	8.103946E-5	-1.165913E+2	-1.639765E-2	3.024852E-3
9.642578E-1	8.426514E-5	-1.199389E+2	8.102696E-5	-1.274038E+2	3.115015E-2	1.351109E-1
9.664062E-1	8.223434E-5	-1.289986E+2	9.053980E-5	-1.270128E+2	-9.227816E-2	-3.147311E-2
9.685546E-1	8.131863E-5	-1.326305E+2	8.407873E-5	-1.309478E+2	-3.324464E-2	-2.840047E-2
9.707031E-1	8.772004E-5	-1.394692E+2	9.118118E-5	-1.377096E+2	-3.841257E-2	-2.954042E-2
9.728515E-1	8.109483E-5	-1.411172E+2	8.476858E-5	-1.445653E+2	-4.507044E-2	5.753781E-2
9.749999E-1	7.925281E-5	-1.492962E+2	8.766273E-5	-1.504883E+2	-9.613063E-2	1.880868E-2
9.771484E-1	8.204304E-5	-1.575944E+2	8.556760E-5	-1.567855E+2	-4.128591E-2	-1.353599E-2
9.792968E-1	8.337726E-5	-1.640359E+2	8.759659E-5	-1.638405E+2	-4.817328E-2	-3.246097E-3
9.814452E-1	8.994844E-5	-1.687914E+2	8.665365E-5	-1.679625E+2	3.791389E-2	-1.501658E-2
9.835937E-1	8.806506E-5	-1.727622E+2	9.047781E-5	-1.746942E+2	-2.722006E-2	3.281435E-2
9.857421E-1	8.448539E-5	1.782892E+2	8.921771E-5	1.762877E+2	-5.362011E-2	3.307312E-2
9.878906E-1	9.118929E-5	1.733042E+2	9.413429E-5	1.750212E+2	-3.172003E-2	-2.902543E-2
9.900390E-1	8.665431E-5	1.668499E+2	8.837194E-5	1.668384E+2	-1.943639E-2	1.968117E-4
9.921874E-1	8.900144E-5	1.550989E+2	9.073218E-5	1.618373E+2	-2.585126E-2	-1.150981E-1
9.943359E-1	8.995383E-5	1.555416E+2	9.285558E-5	1.528896E+2	-3.228768E-2	4.482367E-2
9.964843E-1	8.645250E-5	1.485489E+2	9.318559E-5	1.490145E+2	-7.228526E-2	-7.539011E-3
9.986327E-1	8.793110E-5	1.440674E+2	8.634983E-5	1.355919E+2	7.191357E-3	1.500855E-1
1.000781E+0	9.089720E-5	1.315391E+2	8.253822E-5	1.341980E+2	1.000884E-1	-5.108800E-2
1.002930E+0	9.214185E-5	1.279694E+2	9.275425E-5	1.295014E+2	-6.957484E-3	-2.655874E-2
1.005078E+0	8.820332E-5	1.192589E+2	9.160912E-5	1.210592E+2	-3.765277E-2	-3.024802E-2
1.007226E+0	8.507528E-5	1.107017E+2	9.593933E-5	1.148171E+2	-1.155252E-1	-6.363890E-2
1.009375E+0	8.626779E-5	1.096633E+2	9.055812E-5	1.089699E+2	-4.744630E-2	1.152848E-2
1.011523E+0	8.321344E-5	1.025220E+2	9.689929E-5	1.020567E+2	-1.412662E-1	6.973945E-3
1.013672E+0	9.066068E-5	9.646973E+1	9.164659E-5	9.675496E+1	-1.077000E-2	-4.924628E-3
1.015820E+0	8.433266E-5	9.092822E+1	9.127767E-5	9.112585E+1	-7.609212E-2	-3.186843E-3
1.017969E+0	8.848182E-5	8.356774E+1	9.062837E-5	8.459139E+1	-2.384100E-2	-1.744197E-2
1.020117E+0	8.778505E-5	7.724305E+1	9.229367E-5	8.107224E+1	-5.097417E-2	-6.351987E-2
1.022266E+0	8.668647E-5	7.569103E+1	8.697309E-5	7.405673E+1	-3.700941E-3	2.842606E-2
1.024414E+0	8.963260E-5	6.446133E+1	9.084750E-5	6.494717E+1	-1.340843E-2	-8.366011E-3
1.026562E+0	8.610229E-5	6.176993E+1	9.301239E-5	6.171546E+1	-7.429267E-2	8.800525E-4
1.028711E+0	8.312067E-5	5.491793E+1	9.013135E-5	5.542678E+1	-7.781929E-2	-8.190202E-3
1.030859E+0	8.396785E-5	4.977487E+1	8.589667E-5	4.774659E+1	-2.306757E-2	3.459802E-2
1.033008E+0	8.417133E-5	4.494595E+1	9.397299E-5	4.261885E+1	-1.050416E-1	3.636923E-2
1.035156E+0	8.232757E-5	4.099345E+1	9.505337E-5	3.925244E+1	-1.342804E-1	2.631416E-2
1.037305E+0	9.128098E-5	3.159657E+1	9.050300E-5	3.286916E+1	8.347407E-3	-2.239997E-2
1.039453E+0	9.272654E-5	2.317607E+1	8.855835E-5	2.331163E+1	4.706423E-2	-2.477325E-3
1.041601E+0	8.770804E-5	2.078625E+1	9.393607E-5	2.274863E+1	-6.684832E-2	-3.197294E-2
1.043750E+0	9.373185E-5	1.294722E+1	8.901692E-5	1.524564E+1	5.211956E-2	-4.222843E-2
1.045898E+0	8.606592E-5	3.534977E+0	9.090942E-5	8.298616E+0	-5.654851E-2	-7.862091E-2
1.048047E+0	8.980760E-5	3.606536E+0	9.413021E-5	2.416692E+0	-4.612732E-2	1.981163E-2
1.050195E+0	9.350223E-5	-2.790286E+0	9.618869E-5	-4.413810E+0	-2.831928E-2	2.754076E-2
1.052344E+0	9.075692E-5	-1.008399E+1	9.082594E-5	-1.231546E+1	-1.517658E-3	3.890706E-2
1.054492E+0	9.221047E-5	-1.810431E+1	9.226049E-5	-1.354434E+1	-3.705778E-3	-7.945940E-2
1.056641E+0	9.201757E-5	-2.509862E+1	9.970854E-5	-2.329065E+1	-7.759394E-2	-2.911621E-2
1.058789E+0	9.372743E-5	-3.080543E+1	9.520610E-5	-2.781208E+1	-1.687446E-2	-5.140901E-2
1.060937E+0	9.186068E-5	-3.528403E+1	9.948267E-5	-3.492609E+1	-7.663428E-2	-5.768554E-3
1.063086E+0	9.230321E-5	-4.140051E+1	1.008998E-4	-4.254142E+1	-8.538064E-2	1.821489E-2
1.065234E+0	9.326598E-5	-4.923648E+1	9.836049E-5	-4.869773E+1	-5.183619E-2	-8.915810E-3
1.067383E+0	8.990113E-5	-5.647953E+1	9.467940E-5	-5.604525E+1	-5.049517E-2	-7.197020E-3
1.069531E+0	9.317941E-5	-5.783589E+1	9.899562E-5	-6.382258E+1	-6.388562E-2	9.816973E-2
1.071680E+0	8.897194E-5	-6.693305E+1	9.686359E-5	-6.744760E+1	-8.150883E-2	8.248816E-3
1.073828E+0	9.607837E-5	-7.385027E+1	9.557777E-5	-7.444286E+1	5.183855E-3	1.039663E-2
1.075976E+0	9.290715E-5	-7.493608E+1	1.003448E-4	-8.027753E+1	-7.814146E-2	8.619092E-2
1.078125E+0	9.371385E-5	-8.771327E+1	9.965096E-5	-8.261211E+1	-6.330381E-2	-8.361702E-2
1.080273E+0	8.714663E-5	-9.164126E+1	1.016769E-4	-9.296759E+1	-1.431359E-1	1.983894E-2
1.082422E+0	9.042297E-5	-9.522822E+1	9.718846E-5	-1.003533E+2	-7.333171E-2	8.311182E-2
1.084570E+0	9.353703E-5	-1.015756E+2	9.217572E-5	-1.028987E+2	1.449808E-2	2.343141E-2
1.086719E+0	8.791771E-5	-1.101956E+2	9.633981E-5	-1.076719E+2	-8.830588E-2	-4.018327E-2
1.088867E+0	8.589251E-5	-1.191358E+2	9.371032E-5	-1.150168E+2	-8.579278E-2	-6.583592E-2
1.091016E+0	8.509794E-5	-1.226181E+2	9.476579E-5	-1.196600E+2	-1.032149E-1	-4.634093E-2
1.093164E+0	9.386273E-5	-1.260604E+2	9.900396E-5	-1.258687E+2	-5.193485E-2	-3.172045E-3
1.095312E+0	8.900390E-5	-1.359877E+2	1.022641E-4	-1.343335E+2	-1.300289E-1	-2.512412E-2
1.097461E+0	9.091978E-5	-1.407769E+2	1.018179E-4	-1.385852E+2	-1.076886E-1	-3.414969E-2
1.099609E+0	9.022747E-5	-1.471060E+2	9.479144E-5	-1.452267E+2	-4.865946E-2	-3.121514E-2
1.101758E+0	8.876609E-5	-1.499402E+2	9.796151E-5	-1.524229E+2	-9.471823E-2	3.925160E-2
1.103906E+0	9.353956E-5	-1.589197E+2	1.006387E-4	-1.579198E+2	-7.068239E-2	-1.621968E-2
1.106055E+0	9.093455E-5	-1.611225E+2	9.818195E-5	-1.631072E+2	-7.437162E-2	3.207618E-2
1.108203E+0	8.567261E-5	-1.655986E+2	1.024434E-4	-1.676544E+2	-1.642461E-1	3.000012E-2
1.110351E+0	9.086045E-5	1.788102E+2	1.016860E-4	-1.758758E+2	-1.103009E-1	-8.275416E-2
1.112500E+0	9.525390E-5	1.745876E+2	1.037894E-4	-1.792840E+2	-8.748352E-2	-9.797738E-2
1.114648E+0	9.041026E-5	1.730389E+2	9.544865E-5	1.688872E+2	-5.527201E-2	6.857584E-2
1.116797E+0	9.560583E-5	1.684523E+2	9.708232E-5	1.652463E+2	-1.674992E-2	5.507550E-2
1.118945E+0	8.959037E-5	1.576497E+2	1.000305E-4	1.618553E+2	-1.067811E-1	-6.568167E-2
1.121094E+0	9.899158E-5	1.524501E+2	9.706961E-5	1.559826E+2	1.786230E-2	-6.283467E-2
1.123242E+0	9.240357E-5	1.475620E+2	9.884109E-5	1.455304E+2	-6.571763E-2	3.314178E-2
1.125391E+0	8.837026E-5	1.378663E+2	1.006085E-4	1.409475E+2	-1.229120E-1	-4.721276E-2
1.127539E+0	9.139504E-5	1.336951E+2	1.053955E-4	1.377704E+2	-1.350300E-1	-6.162703E-2
1.129687E+0	9.562686E-5	1.274689E+2	1.026315E-4	1.252832E+2	-6.892827E-2	3.553545E-2
1.131836E+0	9.283195E-5	1.200973E+2	1.063339E-4	1.224633E+2	-1.277212E-1	-3.604080E-2
1.133984E+0	9.713513E-5	1.170561E+2	9.615799E-5	1.159456E+2	9.972087E-3	1.957761E-2
1.136133E+0	9.622648E-5	1.074078E+2	1.056980E-4	1.103383E+2	-9.079980E-2	-4.654334E-2
1.138281E+0	9.117178E-5	1.010298E+2	1.038349E-4	1.015174E+2	-1.219862E-1	-7.472276E-3
1.140430E+0	9.477480E-5	9.518401E+1	1.001772E-4	9.657162E+1	-5.420587E-2	-2.291006E-2
1.142578E+0	9.318146E-5	8.838440E+1	1.034255E-4	9.323146E+1	-1.022695E-1	-7.612714E-2
1.144726E+0	9.312095E-5	8.588777E+1	1.045503E-4	8.493434E+1	-1.094425E-1	1.482068E-2
1.146875E+0	9.388672E-5	7.775517E+1	1.044091E-4	8.207233E+1	-1.033317E-1	-6.769090E-2
1.149023E+0	9.019188E-5	7.192299E+1	1.005312E-4	7.513089E+1	-1.042527E-1	-5.020394E-2
1.151172E+0	9.358625E-5	6.694282E+1	1.005650E-4	7.022903E+1	-7.092566E-2	-5.334574E-2
1.153320E+0	9.214379E-5	5.895200E+1	9.759849E-5	5.795182E+1	-5.603303E-2	1.647997E-2
1.155469E+0	9.177902E-5	5.591982E+1	1.017622E-4	5.919115E+1	-9.957267E-2	-5.146627E-2
1.157617E+0	9.134412E-5	4.357606E+1	9.416954E-5	5.110169E+1	-3.835873E-2	-1.270401E-1
1.159766E+0	9.542380E-5	4.194202E+1	1.043646E-4	4.241007E+1	-8.569940E-2	-7.469100E-3
1.161914E+0	9.038870E-5	3.884672E+1	1.002743E-4	3.495597E+1	-1.006631E-1	6.116477E-2
1.164062E+0	9.038374E-5	2.963943E+1	1.021886E-4	3.129577E+1	-1.158899E-1	-2.556550E-2
1.166211E+0	9.195463E-5	2.643833E+1	1.065820E-4	2.781161E+1	-1.374883E-1	-2.067686E-2
1.168359E+0	8.844185E-5	1.860097E+1	1.025347E-4	1.886638E+1	-1.374539E-1	-3.995582E-3
1.170508E+0	8.767335E-5	1.245215E+1	9.852656E-5	1.530881E+1	-1.112609E-1	-4.434761E-2
1.172656E+0	9.263616E-5	8.203577E+0	1.006583E-4	1.186356E+1	-8.157376E-2	-5.874785E-2
1.174805E+0	9.214381E-5	3.967157E+0	1.017247E-4	1.971201E+0	-9.473407E-2	3.154861E-2
1.176953E+0	8.988794E-5	-5.394511E+0	1.011256E-4	-2.602468E+0	-1.121809E-1	-4.329801E-2
1.179101E+0	9.827009E-5	-9.017938E+0	1.039785E-4	-7.127534E+0	-5.541427E-2	-3.117676E-2
1.181250E+0	8.841421E-5	-1.566613E+1	1.055478E-4	-1.617310E+1	-1.623629E-1	7.411854E-3
1.183398E+0	9.052470E-5	-2.339786E+1	1.062579E-4	-1.961636E+1	-1.499210E-1	-5.618650E-2
1.185547E+0	9.400646E-5	-3.156266E+1	1.062250E-4	-2.770985E+1	-1.170252E-1	-5.946461E-2
1.187695E+0	9.870842E-5	-3.702848E+1	1.108338E-4	-3.466803E+1	-1.101571E-1	-3.668017E-2
1.189844E+0	9.726342E-5	-4.250933E+1	1.037647E-4	-4.107415E+1	-6.294811E-2	-2.347676E-2
1.191992E+0	9.612514E-5	-4.804792E+1	1.106516E-4	-4.427048E+1	-1.331684E-1	-5.723208E-2
1.194141E+0	9.928163E-5	-5.537567E+1	1.105067E-4	-5.157082E+1	-1.035584E-1	-5.961780E-2
1.196289E+0	9.862117E-5	-6.267763E+1	1.144306E-4	-5.716922E+1	-1.421373E-1	-8.272988E-2
1.198437E+0	1.069933E-4	-6.823295E+1	1.097128E-4	-6.627465E+1	-2.535701E-2	-3.332509E-2
1.200586E+0	1.030428E-4	-7.377809E+1	1.084332E-4	-7.014210E+1	-5.162456E-2	-6.026482E-2
1.202734E+0	1.064022E-4	-7.807672E+1	1.070358E-4	-7.736023E+1	-5.997240E-3	-1.243076E-2
1.204883E+0	1.144673E-4	-8.630511E+1	1.022367E-4	-8.494389E+1	1.193143E-1	-2.659742E-2
1.207031E+0	1.149919E-4	-9.694906E+1	1.072087E-4	-9.041785E+1	6.563747E-2	-1.220021E-1
1.209180E+0	1.259464E-4	-1.049589E+2	1.037115E-4	-9.483743E+1	1.954927E-1	-2.134119E-1
1.211328E+0	1.480658E-4	-1.135228E+2	1.112436E-4	-9.988686E+1	2.934885E-1	-3.137868E-1
1.213476E+0	1.607859E-4	-1.266367E+2	1.101058E-4	-1.073485E+2	3.783182E-1	-4.823615E-1
1.215625E+0	1.783022E-4	-1.451019E+2	1.103483E-4	-1.130516E+2	3.695348E-1	-8.574530E-1
1.217773E+0	1.810003E-4	-1.612068E+2	1.078292E-4	-1.192216E+2	2.477206E-1	-1.122869E+0
1.219922E+0	1.699927E-4	-1.783434E+2	1.053155E-4	-1.244540E+2	-4.872038E-2	-1.304023E+0
1.222070E+0	1.811502E-4	1.630655E+2	1.119330E-4	-1.341119E+2	-2.608094E-1	-1.439706E+0
1.224219E+0	1.764169E-4	1.450446E+2	1.052229E-4	-1.397078E+2	-5.730660E-1	-1.621333E+0
1.226367E+0	1.829238E-4	1.256749E+2	1.145312E-4	-1.441259E+2	-1.005553E+0	-1.597143E+0
1.228516E+0	2.007229E-4	1.030081E+2	1.085799E-4	-1.517009E+2	-1.487521E+0	-1.783176E+0
1.230664E+0	2.141184E-4	7.844806E+1	1.115688E-4	-1.564654E+2	-2.103158E+0	-1.570420E+0
1.232812E+0	2.229441E-4	5.046066E+1	1.118034E-4	-1.637845E+2	-2.648375E+0	-1.122135E+0
1.234961E+0	2.421799E-4	2.507458E+1	1.085226E-4	-1.681237E+2	-3.172662E+0	-5.095244E-1
1.237109E+0	2.504830E-4	5.757683E-1	1.119726E-4	-1.728982E+2	-3.222508E+0	2.542457E-1
1.239258E+0	2.744890E-4	-2.342538E+1	1.105808E-4	1.784142E+2	-3.304095E+0	9.234191E-1
1.241406E+0	2.861923E-4	-4.292864E+1	1.132802E-4	1.746217E+2	-3.002984E+0	1.539742E+0
1.243555E+0	3.031154E-4	-6.244302E+1	1.117837E-4	1.684440E+2	-2.710633E+0	2.103959E+0
1.245703E+0	3.309352E-4	-8.017801E+1	1.060089E-4	1.614032E+2	-2.485689E+0	2.745572E+0
1.247851E+0	3.494887E-4	-9.718188E+1	1.154822E-4	1.546242E+2	-1.944927E+0	2.875041E+0
1.250000E+0	3.686216E-4	-1.148519E+2	1.129671E-4	1.497356E+2	-1.307792E+0	3.248539E+0
1.252148E+0	3.893868E-4	-1.284587E+2	1.066587E-4	1.416536E+2	-9.928445E-1	3.650767E+0
1.254297E+0	4.146018E-4	-1.430350E+2	1.088751E-4	1.350831E+2	-4.622501E-1	3.769890E+0
1.256445E+0	4.309477E-4	-1.563259E+2	1.076247E-4	1.293343E+2	8.085250E-2	3.855534E+0
1.258594E+0	4.581512E-4	-1.705692E+2	1.108228E-4	1.242429E+2	7.348443E-1	3.752466E+0
1.260742E+0	4.844090E-4	1.763929E+2	1.092698E-4	1.157431E+2	1.172890E+0	3.864108E+0
1.262890E+0	5.105552E-4	1.630570E+2	1.147300E-4	1.124374E+2	1.823411E+0	3.439676E+0
1.265039E+0	5.594604E-4	1.485738E+2	1.065203E-4	1.037316E+2	2.724044E+0	3.703587E+0
1.267187E+0	6.020709E-4	1.337818E+2	1.080005E-4	1.015621E+2	3.716255E+0	2.972250E+0
1.269336E+0	6.505632E-4	1.200538E+2	1.075920E-4	9.406377E+1	4.435088E+0	2.649699E+0
1.271484E+0	6.874771E-4	1.044814E+2	1.124110E-4	8.787564E+1	4.860682E+0	1.747787E+0
1.273633E+0	7.161723E-4	8.930050E+1	1.066939E-4	8.286351E+1	5.670085E+0	7.525306E-1
1.275781E+0	7.365010E-4	7.562527E+1	1.102276E-4	7.337933E+1	5.676506E+0	2.618468E-1
1.277930E+0	7.798814E-4	6.159649E+1	1.103131E-4	6.995822E+1	5.994555E+0	-1.028093E+0
1.280078E+0	8.141089E-4	4.480865E+1	1.118518E-4	6.091818E+1	5.992657E+0	-2.019587E+0
1.282226E+0	8.404359E-4	2.854368E+1	1.137729E-4	5.833574E+1	5.410658E+0	-3.670239E+0
1.284375E+0	8.710871E-4	1.007128E+1	1.112026E-4	5.218039E+1	4.811309E+0	-5.252600E+0
1.286523E+0	8.711020E-4	-9.317072E+0	1.112523E-4	4.411454E+1	3.664953E+0	-6.288610E+0
1.288672E+0	8.943009E-4	-2.898272E+1	1.153376E-4	4.249413E+1	1.463277E+0	-7.352086E+0
1.290820E+0	9.203918E-4	-5.053043E+1	1.160120E-4	3.616010E+1	-5.420014E-1	-7.920360E+0
1.292969E+0	9.367266E-4	-7.372144E+1	1.179452E-4	3.055215E+1	-2.958131E+0	-7.696874E+0
1.295117E+0	9.434817E-4	-9.856834E+1	1.108948E-4	2.539094E+1	-5.752542E+0	-7.056747E+0
1.297265E+0	9.520786E-4	-1.254421E+2	1.180013E-4	1.496600E+1	-7.217516E+0	-5.142096E+0
1.299414E+0	9.380758E-4	-1.519105E+2	1.162612E-4	1.192928E+1	-8.749875E+0	-2.245713E+0
1.301562E+0	9.146709E-4	1.792636E+2	1.133103E-4	1.799598E+0	-9.064360E+0	3.571741E-1
1.303711E+0	9.534518E-4	1.512909E+2	1.154331E-4	-2.685864E-1	-8.262922E+0	3.933687E+0
1.305859E+0	9.770120E-4	1.210175E+2	1.163409E-4	-8.360901E+0	-6.327917E+0	6.491300E+0
1.308008E+0	9.746962E-4	9.310346E+1	1.186266E-4	-1.403687E+1	-3.421511E+0	7.851577E+0
1.310156E+0	9.911295E-4	6.503964E+1	1.173224E-4	-2.184524E+1	-5.409208E-1	8.435431E+0
1.312305E+0	1.025450E-3	3.677038E+1	1.204967E-4	-2.645465E+1	2.833735E+0	7.597752E+0
1.314453E+0	1.044643E-3	1.009935E+1	1.203709E-4	-3.221083E+1	5.417876E+0	5.841903E+0
1.316601E+0	1.021084E-3	-1.663260E+1	1.180963E-4	-3.946260E+1	6.968856E+0	3.354709E+0
1.318750E+0	9.950325E-4	-4.236714E+1	1.210300E-4	-4.667392E+1	7.198156E+0	6.173980E-1
1.320898E+0	9.750255E-4	-6.876315E+1	1.163269E-4	-5.122390E+1	6.992109E+0	-2.525923E+0
1.323047E+0	9.245494E-4	-9.408232E+1	1.183946E-4	-5.887734E+1	5.380734E+0	-4.501944E+0
1.325195E+0	8.609085E-4	-1.210922E+2	1.211319E-4	-6.234050E+1	2.686844E+0	-6.076138E+0
1.327344E+0	7.784526E-4	-1.483610E+2	1.203844E-4	-6.888521E+1	1.810926E-1	-6.357612E+0
1.329492E+0	6.984472E-4	-1.789023E+2	1.162216E-4	-7.768959E+1	-2.168582E+0	-5.894905E+0
1.331640E+0	6.431440E-4	1.507223E+2	1.215560E-4	-8.293174E+1	-4.135718E+0	-4.261594E+0
1.333789E+0	5.734655E-4	1.160683E+2	1.223759E-4	-9.024333E+1	-5.200602E+0	-2.077128E+0
1.335937E+0	5.137932E-4	8.388260E+1	1.159936E-4	-9.786504E+1	-5.427436E+0	-1.350879E-1
1.338086E+0	5.371222E-4	5.322416E+1	1.176267E-4	-1.014497E+2	-5.127448E+0	1.953340E+0
1.340234E+0	5.882063E-4	1.724915E+1	1.142920E-4	-1.053809E+2	-3.775069E+0	4.334245E+0
1.342383E+0	6.053281E-4	-1.091733E+1	1.153664E-4	-1.141451E+2	-2.200634E+0	5.107792E+0
1.344531E+0	6.455909E-4	-3.935910E+1	1.205508E-4	-1.181302E+2	4.284126E-2	5.252826E+0
1.346680E+0	6.856248E-4	-6.925895E+1	1.144029E-4	-1.264487E+2	2.247397E+0	5.036995E+0
1.348828E+0	7.065128E-4	-9.822958E+1	1.235471E-4	-1.302793E+2	3.846991E+0	3.034588E+0
1.350976E+0	6.557467E-4	-1.260829E+2	1.165542E-4	-1.374874E+2	4.515026E+0	1.112475E+0
1.353125E+0	5.973176E-4	-1.498950E+2	1.178644E-4	-1.450088E+2	4.049420E+0	-4.316629E-1
1.355273E+0	5.102859E-4	-1.737164E+2	1.229364E-4	-1.508585E+2	2.824853E+0	-1.612370E+0
1.357422E+0	4.274457E-4	1.637141E+2	1.157957E-4	-1.557576E+2	1.805761E+0	-2.398744E+0
1.359570E+0	3.417920E-4	1.453450E+2	1.217114E-4	-1.629588E+2	7.406201E-1	-2.203707E+0
1.361719E+0	2.442186E-4	1.209035E+2	1.226902E-4	-1.690361E+2	-3.211706E-1	-1.871204E+0
1.363867E+0	1.467127E-4	9.922106E+1	1.143084E-4	-1.748941E+2	-9.078956E-1	-1.280172E+0
1.366015E+0	8.809946E-5	8.808897E+1	1.189206E-4	-1.788738E+2	-1.039253E+0	-7.397853E-1
1.368164E+0	3.416734E-5	7.472496E+1	1.207725E-4	1.723911E+2	-1.037740E+0	-2.803781E-1
1.370312E+0	2.134009E-5	-1.436836E+2	1.201978E-4	1.689182E+2	-8.798224E-1	1.306840E-1
1.372461E+0	6.722546E-5	-1.563962E+2	1.154378E-4	1.601693E+2	-5.771186E-1	4.003816E-1
1.374609E+0	9.406821E-5	-1.664130E+2	1.203639E-4	1.586320E+2	-3.594548E-1	4.477653E-1
1.376758E+0	1.158616E-4	1.736433E+2	1.220102E-4	1.511904E+2	-1.223802E-1	3.626771E-1
1.378906E+0	1.105456E-4	1.635560E+2	1.221457E-4	1.452250E+2	-1.408947E-1	2.846377E-1
1.381055E+0	1.133582E-4	1.573187E+2	1.272267E-4	1.387770E+2	-1.552555E-1	2.833314E-1
1.383203E+0	1.192164E-4	1.520045E+2	1.197266E-4	1.330110E+2	-5.847386E-2	3.240740E-1
1.385351E+0	1.376456E-4	1.470870E+2	1.273869E-4	1.248627E+2	2.593931E-4	4.086933E-1
1.387500E+0	1.515764E-4	1.390825E+2	1.257070E-4	1.184823E+2	1.286909E-1	4.242515E-1
1.389648E+0	1.553073E-4	1.233288E+2	1.251885E-4	1.129136E+2	2.201471E-1	2.242735E-1
1.391797E+0	1.519552E-4	1.152194E+2	1.151739E-4	1.073914E+2	3.070599E-1	1.796957E-1
1.393945E+0	1.454067E-4	1.073248E+2	1.183512E-4	9.977106E+1	2.179417E-1	1.615074E-1
1.396094E+0	1.555275E-4	1.018532E+2	1.219630E-4	9.295999E+1	2.598721E-1	1.971377E-1
1.398242E+0	1.483977E-4	9.017596E+1	1.182851E-4	8.996494E+1	2.545679E-1	4.620587E-3
1.400390E+0	1.423222E-4	8.141585E+1	1.215788E-4	8.238319E+1	1.704501E-1	-1.976290E-2
1.402539E+0	1.385160E-4	7.803384E+1	1.224367E-4	7.659946E+1	1.309730E-1	2.831943E-2
1.404687E+0	1.408580E-4	7.221333E+1	1.208530E-4	7.032212E+1	1.648968E-1	3.846470E-2
1.406836E+0	1.425208E-4	6.169247E+1	1.200085E-4	6.428479E+1	1.863739E-1	-5.371357E-2
1.408984E+0	1.411121E-4	5.093613E+1	1.221408E-4	5.823111E+1	1.459715E-1	-1.467003E-1
1.411133E+0	1.334844E-4	4.396808E+1	1.196358E-4	5.398987E+1	9.873171E-2	-1.941669E-1
1.413281E+0	1.190417E-4	4.197230E+1	1.217481E-4	4.739571E+1	-2.660656E-2	-9.241405E-2
1.415430E+0	1.076941E-4	3.714464E+1	1.220357E-4	4.060316E+1	-1.191269E-1	-5.323643E-2
1.417578E+0	1.124868E-4	3.578395E+1	1.168178E-4	3.836576E+1	-3.805227E-2	-4.337577E-2
1.419726E+0	1.152958E-4	3.248036E+1	1.206864E-4	2.793600E+1	-4.766947E-2	7.569197E-2
1.421875E+0	1.270402E-4	2.632152E+1	1.205656E-4	2.614288E+1	5.369676E-2	3.285286E-3
1.424023E+0	1.209000E-4	1.777979E+1	1.202124E-4	1.995847E+1	4.992873E-3	-3.823342E-2
1.426172E+0	1.227273E-4	1.297812E+1	1.261651E-4	1.177877E+1	-2.746153E-2	2.036074E-2
1.428320E+0	1.203113E-4	5.811945E+0	1.228223E-4	3.286639E+0	-2.139546E-2	4.315985E-2
1.430469E+0	1.152213E-4	9.281979E-3	1.306240E-4	3.901275E-1	-1.179358E-1	-5.863174E-3
1.432617E+0	1.091213E-4	1.619972E+0	1.240024E-4	-7.449992E+0	-1.310095E-1	1.387225E-1
1.434765E+0	1.204997E-4	3.653158E+0	1.223674E-4	-1.220441E+1	-5.273827E-2	2.690763E-1
1.436914E+0	1.347783E-4	-1.028670E+0	1.269932E-4	-1.719952E+1	1.931335E-2	2.955756E-1
1.439062E+0	1.446459E-4	-7.812890E+0	1.278328E-4	-2.108099E+1	1.013202E-1	2.596937E-1
1.441211E+0	1.700161E-4	-1.509634E+1	1.278222E-4	-2.980142E+1	2.865313E-1	3.376371E-1
1.443359E+0	1.759504E-4	-2.635329E+1	1.281208E-4	-3.461497E+1	3.590643E-1	1.973378E-1
1.445508E+0	1.929504E-4	-3.536612E+1	1.312397E-4	-4.112859E+1	4.627842E-1	1.476162E-1
1.447656E+0	2.057497E-4	-4.708752E+1	1.298990E-4	-4.766106E+1	5.838412E-1	1.585504E-2
1.449805E+0	2.114589E-4	-6.145086E+1	1.325483E-4	-5.365229E+1	5.805798E-1	-2.164723E-1
1.451953E+0	2.226818E-4	-7.705267E+1	1.368670E-4	-6.199636E+1	5.711410E-1	-4.226414E-1
1.454101E+0	2.128103E-4	-9.520043E+1	1.267164E-4	-6.789944E+1	4.923500E-1	-7.702919E-1
1.456250E+0	2.090267E-4	-1.146632E+2	1.374707E-4	-7.405435E+1	1.543330E-1	-9.896923E-1
1.458398E+0	1.959686E-4	-1.396928E+2	1.310493E-4	-8.261545E+1	-1.872511E-1	-1.255230E+0
1.460547E+0	1.866509E-4	-1.779692E+2	1.295612E-4	-8.311959E+1	-1.121793E+0	-1.435481E+0
1.462695E+0	1.844693E-4	1.142983E+2	1.397377E-4	-9.379972E+1	-2.164527E+0	-6.217478E-1
1.464844E+0	2.549885E-4	4.639114E+1	1.320706E-4	-9.932269E+1	-2.595209E+0	1.087614E+0
1.466992E+0	3.543836E-4	-6.470085E+0	1.300385E-4	-1.085679E+2	-1.571155E+0	2.664697E+0
1.469140E+0	4.461897E-4	-4.471622E+1	1.362713E-4	-1.135544E+2	1.820238E-1	3.053473E+0
1.471289E+0	5.006394E-4	-8.042938E+1	1.321079E-4	-1.181293E+2	1.998444E+0	2.317454E+0
1.473437E+0	5.219904E-4	-1.111333E+2	1.262864E-4	-1.233612E+2	3.039611E+0	8.754541E-1
1.475586E+0	5.087414E-4	-1.398238E+2	1.299360E-4	-1.292745E+2	2.849145E+0	-7.168232E-1
1.477734E+0	4.669489E-4	-1.661134E+2	1.318998E-4	-1.392621E+2	2.158483E+0	-1.599016E+0
1.479883E+0	4.255351E-4	1.635198E+2	1.336098E-4	-1.436617E+2	9.247741E-1	-2.537497E+0
1.482031E+0	3.514016E-4	1.288273E+2	1.284162E-4	-1.510160E+2	-5.321964E-1	-2.696144E+0
1.484180E+0	2.797597E-4	8.437501E+1	1.308096E-4	-1.554953E+2	-2.073529E+0	-1.849725E+0
1.486328E+0	2.192398E-4	2.186964E+1	1.305698E-4	-1.589852E+2	-2.678913E+0	-2.505087E-2
1.488476E+0	2.344652E-4	-4.874706E+1	1.354217E-4	-1.695293E+2	-1.886075E+0	1.487453E+0
1.490625E+0	2.621065E-4	-1.028465E+2	1.239094E-4	-1.742275E+2	-3.246382E-1	2.004598E+0
1.492773E+0	2.736992E-4	-1.410503E+2	1.244117E-4	1.789838E+2	6.860988E-1	1.413096E+0
1.494922E+0	2.523692E-4	-1.679156E+2	1.236847E-4	1.764374E+2	9.648090E-1	5.503223E-1
1.497070E+0	2.287036E-4	1.729893E+2	1.302085E-4	1.674589E+2	7.482655E-1	1.692751E-1
1.499219E+0	2.015946E-4	1.582264E+2	1.227542E-4	1.637357E+2	6.346761E-1	-1.576692E-1
1.501367E+0	1.857294E-4	1.471903E+2	1.250719E-4	1.581595E+2	4.578499E-1	-2.825641E-1
1.503515E+0	1.631504E-4	1.363108E+2	1.296779E-4	1.520613E+2	2.108815E-1	-3.415153E-1
1.505664E+0	1.449747E-4	1.298156E+2	1.266069E-4	1.452129E+2	1.039782E-1	-3.040303E-1
1.507812E+0	1.346675E-4	1.223011E+2	1.250836E-4	1.399624E+2	2.587522E-2	-3.266352E-1
1.509961E+0	1.232093E-4	1.167113E+2	1.281662E-4	1.343753E+2	-8.399978E-2	-2.916989E-1
1.512109E+0	1.147643E-4	1.179918E+2	1.306779E-4	1.284808E+2	-1.364525E-1	-1.598776E-1
1.514258E+0	1.077730E-4	1.171813E+2	1.265706E-4	1.197125E+2	-1.493455E-1	-3.760449E-2
1.516406E+0	1.032466E-4	1.152071E+2	1.272337E-4	1.187098E+2	-1.900438E-1	-4.957736E-2
1.518554E+0	1.027758E-4	1.139008E+2	1.368211E-4	1.079421E+2	-2.528894E-1	7.798005E-2
1.520703E+0	1.134750E-4	1.115288E+2	1.305832E-4	1.036211E+2	-1.392770E-1	1.195531E-1
1.522851E+0	1.202198E-4	1.070855E+2	1.301857E-4	9.750977E+1	-8.941821E-2	1.536167E-1
1.525000E+0	1.275185E-4	1.025334E+2	1.345803E-4	9.087582E+1	-7.201771E-2	1.914595E-1
1.527148E+0	1.319440E-4	9.629034E+1	1.343912E-4	8.535509E+1	-3.603669E-2	1.862452E-1
1.529297E+0	1.406454E-4	8.949008E+1	1.351728E-4	8.046709E+1	2.761045E-2	1.631802E-1
1.531445E+0	1.483706E-4	8.386639E+1	1.388066E-4	7.155974E+1	4.433916E-2	2.278297E-1
1.533594E+0	1.471322E-4	7.374049E+1	1.338892E-4	6.553739E+1	8.766666E-2	1.567952E-1
1.535742E+0	1.544085E-4	6.819053E+1	1.329100E-4	5.885655E+1	1.463704E-1	1.884235E-1
1.537890E+0	1.616531E-4	6.117324E+1	1.359732E-4	5.450210E+1	1.808106E-1	1.381104E-1
1.540039E+0	1.568429E-4	5.184710E+1	1.373359E-4	4.895743E+1	1.405865E-1	5.757345E-2
1.542187E+0	1.546054E-4	4.383206E+1	1.329630E-4	4.095102E+1	1.613004E-1	5.844367E-2
1.544336E+0	1.537217E-4	3.546788E+1	1.294097E-4	3.810902E+1	1.866066E-1	-5.473729E-2
1.546484E+0	1.596400E-4	2.876151E+1	1.359088E-4	3.049297E+1	1.740749E-1	-3.549097E-2
1.548633E+0	1.545412E-4	2.059190E+1	1.324243E-4	2.041762E+1	1.670100E-1	3.549775E-3
1.550781E+0	1.482167E-4	1.242801E+1	1.344988E-4	1.880202E+1	9.518063E-2	-1.223412E-1
1.552929E+0	1.459021E-4	4.647391E+0	1.321607E-4	1.172098E+1	9.557237E-2	-1.359479E-1
1.555078E+0	1.487926E-4	6.120184E-2	1.321181E-4	6.922036E+0	1.181445E-1	-1.345349E-1
1.557226E+0	1.401625E-4	-6.653594E+0	1.330312E-4	2.797987E+0	3.930323E-2	-1.730170E-1
1.559375E+0	1.442861E-4	-1.501798E+1	1.325972E-4	-6.661329E+0	7.660006E-2	-1.581463E-1
1.561523E+0	1.389408E-4	-2.117450E+1	1.299517E-4	-1.092041E+1	5.209579E-2	-1.903275E-1
1.563672E+0	1.251965E-4	-3.046127E+1	1.339738E-4	-1.709459E+1	-9.082979E-2	-2.160362E-1
1.565820E+0	1.148354E-4	-3.734785E+1	1.414977E-4	-2.449029E+1	-2.087783E-1	-1.805973E-1
1.567969E+0	9.979606E-5	-3.483094E+1	1.417211E-4	-2.972252E+1	-2.986248E-1	-6.269997E-2
1.570117E+0	9.834710E-5	-2.587798E+1	1.371591E-4	-3.508194E+1	-2.922023E-1	1.146884E-1
1.572265E+0	1.046975E-4	-2.244533E+1	1.416756E-4	-4.163382E+1	-3.020622E-1	2.428905E-1
1.574414E+0	1.409217E-4	-2.173348E+1	1.420965E-4	-5.021735E+1	-1.283154E-1	4.729684E-1
1.576562E+0	1.614423E-4	-2.781743E+1	1.458208E-4	-5.398707E+1	-6.361210E-3	4.882771E-1
1.578711E+0	2.086947E-4	-3.605246E+1	1.410402E-4	-6.098129E+1	3.418234E-1	6.236745E-1
1.580859E+0	2.504073E-4	-5.201035E+1	1.399118E-4	-6.547775E+1	7.405376E-1	4.168188E-1
1.583008E+0	2.940199E-4	-7.457587E+1	1.442775E-4	-7.253294E+1	1.036582E+0	-7.264688E-2
1.585156E+0	3.134257E-4	-1.037903E+2	1.430011E-4	-7.860281E+1	9.833776E-1	-9.327778E-1
1.587304E+0	2.777052E-4	-1.387257E+2	1.438929E-4	-8.384697E+1	1.103139E-1	-1.578571E+0
1.589453E+0	1.969538E-4	-1.793642E+2	1.443703E-4	-9.508815E+1	-8.639379E-1	-1.357424E+0
1.591601E+0	1.126210E-4	1.125132E+2	1.420475E-4	-9.928571E+1	-1.673837E+0	-4.177790E-1
1.593750E+0	1.376396E-4	2.290348E+1	1.419542E-4	-1.065624E+2	-1.616299E+0	7.485387E-1
1.595898E+0	2.295287E-4	-3.148609E+1	1.423394E-4	-1.117278E+2	-7.266863E-1	1.589214E+0
1.598047E+0	3.237141E-4	-6.921545E+1	1.393059E-4	-1.193101E+2	4.907443E-1	1.782572E+0
1.600195E+0	3.634843E-4	-1.011403E+2	1.449280E-4	-1.254987E+2	1.284777E+0	1.034421E+0
1.602344E+0	3.718169E-4	-1.310569E+2	1.458815E-4	-1.321961E+2	1.548256E+0	5.067312E-2
1.604492E+0	3.279704E-4	-1.624766E+2	1.436291E-4	-1.405806E+2	1.118731E+0	-8.515524E-1
1.606640E+0	2.285442E-4	1.664782E+2	1.411468E-4	-1.443038E+2	5.763028E-2	-1.226055E+0
1.608789E+0	1.214490E-4	1.522590E+2	1.416410E-4	-1.505933E+2	-5.348587E-1	-7.203132E-1
1.610937E+0	4.630797E-5	-1.708401E+2	1.426669E-4	-1.557188E+2	-6.866506E-1	-8.467314E-2
1.613086E+0	8.567380E-5	-1.433372E+2	1.435735E-4	-1.606528E+2	-4.303193E-1	1.776059E-1
1.615234E+0	1.164003E-4	-1.487112E+2	1.382324E-4	-1.665451E+2	-1.984001E-1	2.578888E-1
1.617383E+0	1.326363E-4	-1.590526E+2	1.384081E-4	-1.716042E+2	-6.460400E-2	2.082563E-1
1.619531E+0	1.420538E-4	-1.687292E+2	1.402505E-4	-1.785528E+2	-1.993109E-3	1.728091E-1
1.621679E+0	1.461847E-4	-1.758767E+2	1.369032E-4	1.751202E+2	5.464070E-2	1.670972E-1
1.623828E+0	1.497184E-4	1.756978E+2	1.411615E-4	1.707780E+2	5.671019E-2	9.095989E-2
1.625976E+0	1.468110E-4	1.692081E+2	1.435986E-4	1.627158E+2	1.581429E-2	1.155991E-1
1.628125E+0	1.532168E-4	1.607227E+2	1.437593E-4	1.577077E+2	6.431178E-2	5.605762E-2
1.630273E+0	1.527097E-4	1.523757E+2	1.389234E-4	1.504206E+2	9.859680E-2	3.750190E-2
1.632422E+0	1.476562E-4	1.480926E+2	1.397058E-4	1.465920E+2	5.654569E-2	2.767769E-2
1.634570E+0	1.545364E-4	1.419162E+2	1.352867E-4	1.421477E+2	1.422789E-1	-4.615331E-3
1.636719E+0	1.468618E-4	1.355854E+2	1.435544E-4	1.365173E+2	2.290403E-2	-1.663872E-2
1.638867E+0	1.524946E-4	1.270772E+2	1.435796E-4	1.283132E+2	6.184387E-2	-2.290994E-2
1.641015E+0	1.454526E-4	1.199993E+2	1.492063E-4	1.242520E+2	-2.784183E-2	-7.228990E-2
1.643164E+0	1.466301E-4	1.156551E+2	1.387038E-4	1.164420E+2	5.704582E-2	-1.451838E-2
1.645312E+0	1.485196E-4	1.083908E+2	1.438801E-4	1.103259E+2	3.165693E-2	-3.485630E-2
1.647461E+0	1.439697E-4	1.065424E+2	1.439892E-4	1.046601E+2	-6.749431E-4	3.284198E-2
1.649609E+0	1.453881E-4	1.000226E+2	1.504156E-4	9.925057E+1	-3.351180E-2	1.302370E-2
1.651758E+0	1.425583E-4	9.640183E+1	1.370957E-4	9.163743E+1	3.625214E-2	8.636816E-2
1.653906E+0	1.404426E-4	8.918365E+1	1.513111E-4	8.709386E+1	-7.244615E-2	3.384635E-2
1.656054E+0	1.521352E-4	8.062997E+1	1.491031E-4	8.004564E+1	2.028253E-2	1.040569E-2
1.658203E+0	1.630820E-4	7.568954E+1	1.481272E-4	7.245599E+1	9.920635E-2	6.210086E-2
1.660351E+0	1.610903E-4	6.969306E+1	1.526508E-4	6.669888E+1	5.384569E-2	5.512237E-2
1.662500E+0	1.535373E-4	6.161482E+1	1.387251E-4	5.923115E+1	1.058161E-1	4.603171E-2
1.664648E+0	1.593177E-4	5.389979E+1	1.461010E-4	5.421082E+1	9.044669E-2	-5.919545E-3
1.666797E+0	1.574146E-4	4.704789E+1	1.471197E-4	4.753391E+1	6.993786E-2	-9.076125E-3
1.668945E+0	1.478335E-4	4.161794E+1	1.505162E-4	4.243251E+1	-1.792259E-2	-1.396307E-2
1.671094E+0	1.488845E-4	3.337194E+1	1.525444E-4	3.434319E+1	-2.413259E-2	-1.654401E-2
1.673242E+0	1.493720E-4	2.926742E+1	1.468094E-4	2.911111E+1	1.745150E-2	2.775741E-3
1.675390E+0	1.583965E-4	2.160962E+1	1.436492E-4	2.144024E+1	1.026571E-1	3.259727E-3
1.677539E+0	1.498076E-4	1.345280E+1	1.445097E-4	1.554466E+1	3.597037E-2	-3.783993E-2
1.679687E+0	1.427666E-4	7.144443E+0	1.417067E-4	1.245176E+1	3.160362E-3	-9.318959E-2
1.681836E+0	1.465383E-4	-1.083982E+0	1.405351E-4	5.878691E+0	3.502705E-2	-1.264009E-1
1.683984E+0	1.321241E-4	-7.568619E+0	1.403271E-4	-1.794036E+0	-6.323420E-2	-9.473337E-2
1.686133E+0	1.302836E-4	-1.391058E+1	1.425112E-4	-6.112904E+0	-9.425426E-2	-1.240343E-1
1.688281E+0	1.147512E-4	-9.955006E+0	1.443975E-4	-1.381810E+1	-2.071160E-1	5.354034E-2
1.690429E+0	1.143618E-4	-6.923553E+0	1.472254E-4	-1.856816E+1	-2.392070E-1	1.567857E-1
1.692578E+0	1.463128E-4	-1.479651E+0	1.320433E-4	-2.471123E+1	1.822263E-2	4.370752E-1
1.694726E+0	2.009246E-4	-8.930387E+0	1.402612E-4	-2.990042E+1	3.376251E-1	5.126637E-1
1.696875E+0	2.319332E-4	-3.138417E+1	1.436639E-4	-3.693754E+1	6.068380E-1	1.562317E-1
1.699023E+0	2.365805E-4	-5.362309E+1	1.412444E-4	-3.898272E+1	6.205885E-1	-4.233512E-1
1.701172E+0	1.975744E-4	-7.741845E+1	1.410194E-4	-4.565697E+1	1.912332E-1	-7.374876E-1
1.703320E+0	1.187750E-4	-9.802839E+1	1.485798E-4	-5.272647E+1	-4.377239E-1	-5.682334E-1
1.705469E+0	4.517570E-5	-8.280514E+1	1.481455E-4	-5.682956E+1	-7.258635E-1	-1.335607E-1
1.707617E+0	9.260522E-5	-2.010685E+1	1.548877E-4	-6.283337E+1	-5.607924E-1	4.056657E-1
1.709765E+0	1.770196E-4	-3.833813E+1	1.515238E-4	-6.746481E+1	2.053080E-2	5.686427E-1
1.711914E+0	2.110585E-4	-6.126172E+1	1.575651E-4	-7.785889E+1	2.836923E-1	3.826163E-1
1.714062E+0	2.040219E-4	-8.269495E+1	1.495299E-4	-8.245628E+1	3.644103E-1	-5.683589E-3
1.716211E+0	1.854861E-4	-9.595685E+1	1.588784E-4	-8.825317E+1	1.569352E-1	-1.564994E-1
1.718359E+0	1.694133E-4	-1.030855E+2	1.494453E-4	-9.430658E+1	1.203334E-1	-1.730147E-1
1.720508E+0	1.558980E-4	-1.088569E+2	1.483370E-4	-1.027828E+2	4.507149E-2	-1.112081E-1
1.722656E+0	1.494843E-4	-1.110263E+2	1.579066E-4	-1.083625E+2	-5.436015E-2	-4.399647E-2
1.724804E+0	1.520263E-4	-1.173797E+2	1.615448E-4	-1.167040E+2	-5.898718E-2	-1.109806E-2
1.726953E+0	1.525348E-4	-1.199608E+2	1.607422E-4	-1.222070E+2	-5.178853E-2	3.719235E-2
1.729101E+0	1.592935E-4	-1.271805E+2	1.522228E-4	-1.274978E+2	4.643363E-2	5.795135E-3
1.731250E+0	1.569726E-4	-1.305480E+2	1.551742E-4	-1.379578E+2	3.141891E-3	1.304599E-1
1.733398E+0	1.579952E-4	-1.364858E+2	1.620860E-4	-1.409179E+2	-2.815337E-2	7.532725E-2
1.735547E+0	1.576639E-4	-1.443221E+2	1.558762E-4	-1.477643E+2	9.643902E-3	6.073019E-2
1.737695E+0	1.641140E-4	-1.511021E+2	1.580283E-4	-1.528768E+2	3.801205E-2	3.216204E-2
1.739844E+0	1.698498E-4	-1.596914E+2	1.555334E-4	-1.634234E+2	8.973134E-2	7.108095E-2
1.741992E+0	1.657865E-4	-1.648947E+2	1.572871E-4	-1.664067E+2	5.367050E-2	2.781217E-2
1.744140E+0	1.629504E-4	-1.724822E+2	1.492077E-4	-1.762521E+2	8.974134E-2	7.180555E-2
1.746289E+0	1.579689E-4	-1.788584E+2	1.454970E-4	1.789204E+2	8.490353E-2	4.207981E-2
1.748437E+0	1.609936E-4	1.760278E+2	1.551079E-4	1.720119E+2	3.539733E-2	7.269078E-2
1.750586E+0	1.666489E-4	1.689647E+2	1.547822E-4	1.677906E+2	7.644104E-2	2.206142E-2
1.752734E+0	1.572043E-4	1.606511E+2	1.508449E-4	1.619166E+2	4.190434E-2	-2.301643E-2
1.754883E+0	1.586203E-4	1.541732E+2	1.470452E-4	1.555522E+2	7.840555E-2	-2.596018E-2
1.757031E+0	1.470318E-4	1.478588E+2	1.407278E-4	1.525807E+2	4.124966E-2	-8.600700E-2
1.759179E+0	1.499075E-4	1.450257E+2	1.431077E-4	1.461461E+2	4.731499E-2	-2.048251E-2
1.761328E+0	1.444584E-4	1.368353E+2	1.433525E-4	1.385119E+2	7.283140E-3	-2.948373E-2
1.763476E+0	1.428782E-4	1.328248E+2	1.509391E-4	1.323294E+2	-5.344037E-2	8.184500E-3
1.765625E+0	1.320021E-4	1.300473E+2	1.379326E-4	1.258529E+2	-4.555885E-2	6.999599E-2
1.767773E+0	1.439512E-4	1.216817E+2	1.430761E-4	1.244056E+2	4.979553E-3	-4.781378E-2
1.769922E+0	1.475423E-4	1.181571E+2	1.421400E-4	1.169947E+2	3.779328E-2	2.105734E-2
1.772070E+0	1.436134E-4	1.120411E+2	1.463429E-4	1.128094E+2	-1.873963E-2	-1.315887E-2
1.774219E+0	1.411582E-4	1.074618E+2	1.511403E-4	1.045146E+2	-6.728056E-2	4.801990E-2
1.776367E+0	1.531955E-4	1.039043E+2	1.446039E-4	9.865560E+1	5.497260E-2	9.691423E-2
1.778515E+0	1.516266E-4	9.736541E+1	1.461299E-4	9.528291E+1	3.692986E-2	3.770536E-2
1.780664E+0	1.607402E-4	8.906530E+1	1.401541E-4	8.861796E+1	1.468469E-1	8.954254E-3
1.782812E+0	1.669521E-4	8.035522E+1	1.493160E-4	8.437932E+1	1.153560E-1	-7.846474E-2
1.784961E+0	1.615446E-4	6.781950E+1	1.537578E-4	7.570101E+1	4.071866E-2	-1.440693E-1
1.787109E+0	1.366375E-4	6.117376E+1	1.507136E-4	7.074777E+1	-1.060239E-1	-1.507877E-1
1.789258E+0	1.250354E-4	6.136541E+1	1.553023E-4	6.480473E+1	-1.963403E-1	-4.829967E-2
1.791406E+0	1.337266E-4	6.352098E+1	1.552121E-4	5.811907E+1	-1.422531E-1	8.110980E-2
1.793554E+0	1.417685E-4	6.273012E+1	1.533717E-4	5.094227E+1	-9.514789E-2	1.888332E-1
1.795703E+0	1.639572E-4	5.794464E+1	1.562159E-4	4.679232E+1	2.973581E-2	2.030028E-1
1.797851E+0	1.897403E-4	4.545349E+1	1.571177E-4	3.996333E+1	2.020918E-1	1.155399E-1
1.800000E+0	1.968541E-4	3.121697E+1	1.567191E-4	3.302287E+1	2.554713E-1	-3.958418E-2
