7.021484E-1	6.719731E-5	-1.031998E+2	6.846670E-5	-9.782638E+1	-2.285326E-2	-9.191022E-2
7.042969E-1	7.118878E-5	-1.004720E+2	6.194590E-5	-1.044175E+2	1.464852E-1	7.907426E-2
7.064453E-1	7.294906E-5	-1.086969E+2	6.143822E-5	-1.122080E+2	1.851276E-1	7.271597E-2
7.085937E-1	5.892419E-5	-1.196514E+2	6.135428E-5	-1.170532E+2	-4.059479E-2	-4.353613E-2
7.107422E-1	6.742050E-5	-1.243321E+2	6.434022E-5	-1.253239E+2	4.771789E-2	1.813799E-2
7.128906E-1	6.576987E-5	-1.337560E+2	6.470762E-5	-1.314921E+2	1.562282E-2	-4.015070E-2
7.150391E-1	6.844007E-5	-1.345615E+2	6.575193E-5	-1.368194E+2	4.007493E-2	4.100828E-2
7.171875E-1	6.919734E-5	-1.432390E+2	6.616961E-5	-1.385482E+2	4.225438E-2	-8.552042E-2
7.193359E-1	6.408727E-5	-1.478501E+2	6.552535E-5	-1.473833E+2	-2.197939E-2	-7.968303E-3
7.214844E-1	7.283549E-5	-1.543235E+2	6.496931E-5	-1.563751E+2	1.203567E-1	4.013396E-2
7.236328E-1	6.507112E-5	-1.614375E+2	7.546027E-5	-1.575440E+2	-1.396673E-1	-5.855354E-2
7.257812E-1	7.535373E-5	-1.713396E+2	6.928584E-5	-1.636038E+2	7.767990E-2	-1.463938E-1
7.279297E-1	6.905902E-5	-1.725633E+2	6.850097E-5	-1.719256E+2	8.084158E-3	-1.122040E-2
7.300781E-1	7.107140E-5	1.751662E+2	6.616865E-5	1.783161E+2	7.247201E-2	-5.901983E-2
7.322266E-1	6.752824E-5	1.742974E+2	6.561879E-5	1.769414E+2	2.800360E-2	-4.747248E-2
7.343750E-1	6.463790E-5	1.699672E+2	6.544875E-5	1.707767E+2	-1.248765E-2	-1.395294E-2
7.365234E-1	7.453669E-5	1.618672E+2	7.175888E-5	1.614368E+2	3.868102E-2	7.802612E-3
7.386719E-1	6.902286E-5	1.573077E+2	7.416030E-5	1.536961E+2	-7.112323E-2	5.862878E-2
7.408203E-1	6.469092E-5	1.516964E+2	6.576812E-5	1.422868E+2	-2.961359E-2	1.608135E-1
7.429687E-1	6.795902E-5	1.441259E+2	6.890737E-5	1.413032E+2	-1.495928E-2	4.856773E-2
7.451172E-1	6.643918E-5	1.339846E+2	7.210240E-5	1.358924E+2	-7.905490E-2	-3.067641E-2
7.472656E-1	7.362880E-5	1.329816E+2	7.050009E-5	1.337605E+2	4.428231E-2	-1.419723E-2
7.494141E-1	7.494094E-5	1.275578E+2	6.579152E-5	1.304838E+2	1.375819E-1	-5.814497E-2
7.515625E-1	6.725051E-5	1.183565E+2	6.975534E-5	1.209941E+2	-3.693016E-2	-4.436608E-2
7.537109E-1	7.048130E-5	1.118247E+2	6.891142E-5	1.131808E+2	2.249467E-2	-2.420534E-2
7.558594E-1	6.780476E-5	1.056462E+2	7.274430E-5	1.069887E+2	-6.815863E-2	-2.183801E-2
7.580078E-1	7.192726E-5	1.015646E+2	7.076506E-5	1.075904E+2	1.080734E-2	-1.067003E-1
7.601562E-1	7.514562E-5	9.643253E+1	7.078226E-5	9.764056E+1	6.140886E-2	-2.238217E-2
7.623047E-1	7.240932E-5	8.812650E+1	6.923720E-5	9.190712E+1	4.353938E-2	-6.895729E-2
7.644531E-1	6.942629E-5	8.517236E+1	6.893293E-5	9.020217E+1	3.278759E-3	-8.830153E-2
7.666015E-1	7.409861E-5	7.698138E+1	6.630174E-5	7.627443E+1	1.175117E-1	1.378924E-2
7.687500E-1	6.619037E-5	7.484715E+1	7.158627E-5	7.240679E+1	-7.621474E-2	3.936996E-2
7.708984E-1	7.126621E-5	6.753737E+1	6.671400E-5	6.861853E+1	6.804453E-2	-2.015618E-2
7.730469E-1	7.177426E-5	6.328181E+1	6.699158E-5	6.358126E+1	7.137762E-2	-5.599487E-3
7.751953E-1	7.827855E-5	5.179656E+1	7.602636E-5	5.166872E+1	2.962124E-2	2.297324E-3
7.773437E-1	7.132844E-5	4.306340E+1	7.384858E-5	4.985007E+1	-4.089363E-2	-1.141402E-1
7.794922E-1	7.293242E-5	4.189283E+1	7.278613E-5	4.246154E+1	1.960501E-3	-9.945648E-3
7.816406E-1	7.251886E-5	3.480037E+1	7.116897E-5	3.367078E+1	1.876937E-2	2.008771E-2
7.837890E-1	7.769511E-5	2.486858E+1	8.284862E-5	3.234144E+1	-7.016903E-2	-1.219665E-1
7.859375E-1	7.533270E-5	2.315778E+1	6.887977E-5	2.307248E+1	9.368275E-2	1.628239E-3
7.880859E-1	7.722263E-5	1.289036E+1	6.767468E-5	2.237036E+1	1.255024E-1	-1.879406E-1
7.902344E-1	7.949777E-5	1.034772E+1	7.884221E-5	1.283719E+1	7.363209E-3	-4.379694E-2
7.923828E-1	7.132727E-5	5.215559E+0	7.620831E-5	5.863605E+0	-6.410852E-2	-1.058589E-2
7.945312E-1	8.212967E-5	-2.221416E+0	7.544329E-5	-3.994048E+0	8.810693E-2	3.367489E-2
7.966797E-1	7.876866E-5	-9.919297E+0	7.986464E-5	-1.056263E+1	-1.378514E-2	1.107396E-2
7.988281E-1	7.361962E-5	-1.446267E+1	7.491636E-5	-1.592648E+1	-1.762986E-2	2.510335E-2
8.009765E-1	7.167970E-5	-2.292720E+1	8.155246E-5	-2.038462E+1	-1.219255E-1	-3.899138E-2
8.031250E-1	7.395540E-5	-2.463859E+1	8.567330E-5	-2.515596E+1	-1.368094E-1	7.794659E-3
8.052734E-1	8.108185E-5	-3.016199E+1	8.012264E-5	-3.233395E+1	1.124475E-2	3.835249E-2
8.074218E-1	6.834992E-5	-4.310114E+1	7.623203E-5	-4.302784E+1	-1.033970E-1	-1.147048E-3
8.095703E-1	7.038968E-5	-5.065676E+1	7.464586E-5	-4.713347E+1	-5.880063E-2	-5.795025E-2
8.117187E-1	7.101917E-5	-5.537790E+1	7.478441E-5	-5.041888E+1	-5.390268E-2	-8.209097E-2
8.138672E-1	7.817495E-5	-6.012244E+1	7.056953E-5	-5.242008E+1	9.777734E-2	-1.484714E-1
8.160156E-1	6.942514E-5	-6.450276E+1	7.727743E-5	-6.297403E+1	-1.019314E-1	-2.396739E-2
8.181640E-1	7.290460E-5	-7.020002E+1	7.278998E-5	-6.595519E+1	-1.172784E-3	-7.413506E-2
8.203125E-1	7.879538E-5	-7.213625E+1	7.427343E-5	-7.837730E+1	5.459497E-2	1.153302E-1
8.224609E-1	7.027664E-5	-8.093652E+1	7.824462E-5	-8.040250E+1	-1.018732E-1	-8.371150E-3
8.246093E-1	7.734031E-5	-9.061398E+1	8.165769E-5	-8.888860E+1	-5.330110E-2	-2.851710E-2
8.267578E-1	7.260671E-5	-9.574107E+1	7.237163E-5	-8.967730E+1	-2.365000E-3	-1.059784E-1
8.289062E-1	6.602434E-5	-1.013474E+2	8.007855E-5	-9.949100E+1	-1.759380E-1	-2.670920E-2
8.310547E-1	8.348050E-5	-1.054886E+2	7.856647E-5	-1.047390E+2	6.245521E-2	-1.390088E-2
8.332031E-1	7.855221E-5	-1.112560E+2	7.654337E-5	-1.103267E+2	2.610949E-2	-1.664428E-2
8.353515E-1	7.074585E-5	-1.211836E+2	7.622800E-5	-1.164061E+2	-7.514229E-2	-7.729673E-2
8.375000E-1	7.664766E-5	-1.247671E+2	7.457152E-5	-1.218655E+2	2.652317E-2	-5.203016E-2
8.396484E-1	7.819397E-5	-1.303639E+2	8.216454E-5	-1.253166E+2	-5.201483E-2	-8.372660E-2
8.417968E-1	7.597666E-5	-1.352583E+2	7.932353E-5	-1.350186E+2	-4.220103E-2	-4.007027E-3
8.439453E-1	7.525428E-5	-1.402755E+2	7.355688E-5	-1.401385E+2	2.307309E-2	-2.446276E-3
8.460937E-1	8.354593E-5	-1.486250E+2	8.051118E-5	-1.453342E+2	3.598241E-2	-5.956747E-2
8.482422E-1	7.352353E-5	-1.540073E+2	7.475504E-5	-1.529373E+2	-1.664544E-2	-1.836630E-2
8.503906E-1	8.009274E-5	-1.601454E+2	8.469349E-5	-1.547242E+2	-5.855230E-2	-8.934448E-2
8.525390E-1	7.466958E-5	-1.741509E+2	7.544509E-5	-1.646029E+2	-2.398975E-2	-1.641688E-1
8.546875E-1	8.340049E-5	-1.729216E+2	8.674438E-5	-1.653396E+2	-4.695471E-2	-1.268587E-1
8.568359E-1	8.195862E-5	-1.787096E+2	7.861362E-5	-1.793187E+2	4.249097E-2	1.108293E-2
8.589843E-1	7.609130E-5	1.707197E+2	7.975900E-5	1.734554E+2	-4.707204E-2	-4.553403E-2
8.611328E-1	8.295772E-5	1.712692E+2	8.047136E-5	1.702996E+2	3.074984E-2	1.744475E-2
8.632812E-1	8.201375E-5	1.609085E+2	8.509465E-5	1.634366E+2	-3.714362E-2	-4.251235E-2
8.654296E-1	8.290324E-5	1.605629E+2	8.341458E-5	1.586224E+2	-6.700058E-3	3.365406E-2
8.675781E-1	7.570013E-5	1.474663E+2	7.703988E-5	1.536616E+2	-2.312896E-2	-1.060411E-1
8.697265E-1	7.785157E-5	1.455223E+2	8.044091E-5	1.450966E+2	-3.221606E-2	7.190638E-3
8.718750E-1	7.897208E-5	1.351105E+2	8.211521E-5	1.417871E+2	-4.479927E-2	-1.118148E-1
8.740234E-1	7.726265E-5	1.345817E+2	8.204627E-5	1.354350E+2	-5.840836E-2	-1.402406E-2
8.761718E-1	7.743645E-5	1.236461E+2	7.833978E-5	1.249812E+2	-1.179927E-2	-2.303111E-2
8.783203E-1	7.737822E-5	1.163419E+2	8.349586E-5	1.194479E+2	-7.463015E-2	-5.021343E-2
8.804687E-1	7.213331E-5	1.153419E+2	8.454687E-5	1.116349E+2	-1.486097E-1	5.516140E-2
8.826171E-1	8.373288E-5	1.085378E+2	8.320565E-5	1.105917E+2	5.689952E-3	-3.606674E-2
8.847656E-1	7.971028E-5	1.031487E+2	8.193433E-5	1.052469E+2	-2.779656E-2	-3.561850E-2
8.869140E-1	7.767581E-5	9.730361E+1	8.512191E-5	9.509629E+1	-8.815281E-2	3.514630E-2
8.890625E-1	7.902125E-5	9.055543E+1	7.520268E-5	8.949305E+1	5.059642E-2	1.948242E-2
8.912109E-1	7.655593E-5	8.572397E+1	8.087915E-5	8.433675E+1	-5.373026E-2	2.291514E-2
8.933593E-1	7.951237E-5	7.968730E+1	8.267089E-5	8.133707E+1	-3.860463E-2	-2.768999E-2
8.955078E-1	7.619373E-5	7.186028E+1	8.042507E-5	7.188742E+1	-5.261231E-2	-4.487609E-4
8.976562E-1	7.674662E-5	6.874021E+1	8.613877E-5	6.616522E+1	-1.099347E-1	4.002831E-2
8.998046E-1	8.115736E-5	5.974393E+1	8.078680E-5	6.160380E+1	4.057664E-3	-3.260402E-2
9.019531E-1	8.026342E-5	5.787470E+1	8.318538E-5	5.605557E+1	-3.561216E-2	3.062942E-2
9.041015E-1	8.145177E-5	5.191790E+1	8.579480E-5	4.954189E+1	-5.143734E-2	3.935870E-2
9.062500E-1	8.499980E-5	3.929076E+1	8.170951E-5	4.291616E+1	3.818635E-2	-6.577923E-2
9.083984E-1	8.331845E-5	4.035306E+1	8.423744E-5	3.835965E+1	-1.150808E-2	3.440507E-2
9.105468E-1	8.029184E-5	3.226671E+1	8.097788E-5	3.299482E+1	-8.552004E-3	-1.259992E-2
9.126953E-1	8.513182E-5	2.228391E+1	8.366213E-5	2.365384E+1	1.727612E-2	-2.432749E-2
9.148437E-1	8.382921E-5	1.466292E+1	8.605541E-5	2.046482E+1	-3.085950E-2	-9.847417E-2
9.169921E-1	7.702344E-5	1.217077E+1	8.878919E-5	1.130089E+1	-1.326133E-1	1.316991E-2
9.191406E-1	7.934894E-5	1.491768E+0	8.805621E-5	5.173892E+0	-1.007433E-1	-5.787059E-2
9.212890E-1	8.004708E-5	4.795137E-1	8.902614E-5	2.463636E+0	-1.013978E-1	-3.113056E-2
9.234374E-1	8.290097E-5	-4.619076E+0	8.394435E-5	-3.674186E+0	-1.256372E-2	-1.628572E-2
9.255859E-1	8.610092E-5	-1.530439E+1	8.993302E-5	-1.424690E+1	-4.277366E-2	-1.766923E-2
9.277343E-1	8.274042E-5	-1.882991E+1	8.567000E-5	-1.834238E+1	-3.423106E-2	-8.217930E-3
9.298828E-1	8.805755E-5	-2.824099E+1	9.188719E-5	-2.464225E+1	-4.356733E-2	-6.015253E-2
9.320312E-1	8.497766E-5	-3.626608E+1	9.148701E-5	-3.132140E+1	-7.460736E-2	-8.006112E-2
9.341796E-1	8.415429E-5	-3.831701E+1	8.912525E-5	-3.661447E+1	-5.619182E-2	-2.805345E-2
9.363281E-1	8.714385E-5	-4.378489E+1	8.292925E-5	-4.499697E+1	5.058651E-2	2.222825E-2
9.384765E-1	8.130427E-5	-5.348613E+1	8.249209E-5	-5.663251E+1	-1.588493E-2	5.409676E-2
9.406249E-1	7.835169E-5	-5.614315E+1	8.982643E-5	-5.567914E+1	-1.277721E-1	-7.063894E-3
9.427734E-1	8.152986E-5	-6.450346E+1	8.742006E-5	-6.466126E+1	-6.738167E-2	2.568558E-3
9.449218E-1	8.315856E-5	-6.921887E+1	8.439441E-5	-6.820351E+1	-1.479846E-2	-1.746095E-2
9.470703E-1	8.279381E-5	-7.577709E+1	8.637997E-5	-7.530882E+1	-4.154812E-2	-7.833461E-3
9.492187E-1	8.566049E-5	-8.095204E+1	8.683559E-5	-8.559144E+1	-1.676464E-2	7.978978E-2
9.513671E-1	8.687496E-5	-8.996009E+1	8.686886E-5	-9.076132E+1	-2.756203E-5	1.398463E-2
9.535156E-1	8.144106E-5	-9.234904E+1	8.637916E-5	-9.160958E+1	-5.724624E-2	-1.216787E-2
9.556640E-1	7.657309E-5	-1.012885E+2	8.363734E-5	-9.570090E+1	-8.881305E-2	-8.914357E-2
9.578124E-1	8.171854E-5	-1.065348E+2	8.314110E-5	-1.045882E+2	-1.767740E-2	-3.338684E-2
9.599609E-1	8.345887E-5	-1.149876E+2	9.008481E-5	-1.117611E+2	-7.502081E-2	-5.214353E-2
9.621093E-1	7.768373E-5	-1.172322E+2	8.103946E-5	-1.165913E+2	-4.146856E-2	-1.072240E-2
9.642578E-1	8.512314E-5	-1.214007E+2	8.102696E-5	-1.274038E+2	4.479231E-2	1.098693E-1
9.664062E-1	8.236723E-5	-1.306424E+2	9.053980E-5	-1.270128E+2	-9.208973E-2	-5.759179E-2
9.685546E-1	8.387282E-5	-1.335501E+2	8.407873E-5	-1.309478E+2	-3.477741E-3	-4.529190E-2
9.707031E-1	8.378343E-5	-1.385868E+2	9.118118E-5	-1.377096E+2	-8.124011E-2	-1.406734E-2
9.728515E-1	8.716283E-5	-1.427386E+2	8.476858E-5	-1.445653E+2	2.772201E-2	3.277687E-2
9.749999E-1	8.769619E-5	-1.544085E+2	8.766273E-5	-1.504883E+2	-1.958965E-3	-6.839312E-2
9.771484E-1	8.381641E-5	-1.565757E+2	8.556760E-5	-1.567855E+2	-2.047214E-2	3.586754E-3
9.792968E-1	8.782632E-5	-1.658582E+2	8.759659E-5	-1.638405E+2	2.000963E-3	-3.530057E-2
9.814452E-1	8.825900E-5	-1.722731E+2	8.665365E-5	-1.679625E+2	1.564489E-2	-7.655569E-2
9.835937E-1	8.529034E-5	-1.766257E+2	9.047781E-5	-1.746942E+2	-5.786976E-2	-3.177222E-2
9.857421E-1	8.598583E-5	1.766097E+2	8.921771E-5	1.762877E+2	-3.623987E-2	5.416351E-3
9.878906E-1	8.785923E-5	1.708313E+2	9.413429E-5	1.750212E+2	-6.915519E-2	-6.819200E-2
9.900390E-1	8.253755E-5	1.643548E+2	8.837194E-5	1.668384E+2	-6.689816E-2	-4.047251E-2
9.921874E-1	8.885196E-5	1.585718E+2	9.073218E-5	1.618373E+2	-2.231280E-2	-5.578245E-2
9.943359E-1	8.849531E-5	1.519692E+2	9.285558E-5	1.528896E+2	-4.708051E-2	-1.530903E-2
9.964843E-1	8.946477E-5	1.494355E+2	9.318559E-5	1.490145E+2	-3.995505E-2	7.054380E-3
9.986327E-1	8.751743E-5	1.430234E+2	8.634983E-5	1.355919E+2	5.008364E-3	1.310897E-1
1.000781E+0	8.946778E-5	1.356376E+2	8.253822E-5	1.341980E+2	8.361364E-2	2.723235E-2
1.002930E+0	9.019033E-5	1.286637E+2	9.275425E-5	1.295014E+2	-2.774600E-2	-1.421597E-2
1.005078E+0	8.782159E-5	1.256868E+2	9.160912E-5	1.210592E+2	-4.446956E-2	7.734344E-2
1.007226E+0	8.732325E-5	1.163706E+2	9.593933E-5	1.148171E+2	-9.014213E-2	2.467565E-2
1.009375E+0	8.719058E-5	1.131389E+2	9.055812E-5	1.089699E+2	-3.973415E-2	6.999518E-2
1.011523E+0	8.385874E-5	1.050176E+2	9.689929E-5	1.020567E+2	-1.357337E-1	4.470288E-2
1.013672E+0	8.424186E-5	9.594332E+1	9.164659E-5	9.675496E+1	-8.088880E-2	-1.302081E-2
1.015820E+0	9.053708E-5	9.001783E+1	9.127767E-5	9.112585E+1	-8.299062E-3	-1.918050E-2
1.017969E+0	9.000779E-5	8.414706E+1	9.062837E-5	8.459139E+1	-6.877389E-3	-7.701842E-3
1.020117E+0	9.026726E-5	7.780744E+1	9.229367E-5	8.107224E+1	-2.354348E-2	-5.570026E-2
1.022266E+0	8.560201E-5	7.165285E+1	8.697309E-5	7.405673E+1	-1.663055E-2	-4.128210E-2
1.024414E+0	8.441434E-5	6.721421E+1	9.084750E-5	6.494717E+1	-7.154000E-2	3.675585E-2
1.026562E+0	8.763857E-5	6.263440E+1	9.301239E-5	6.171546E+1	-5.789650E-2	1.511125E-2
1.028711E+0	8.585458E-5	5.441457E+1	9.013135E-5	5.542678E+1	-4.759906E-2	-1.682724E-2
1.030859E+0	8.880044E-5	4.658892E+1	8.589667E-5	4.774659E+1	3.359437E-2	-2.088677E-2
1.033008E+0	9.434392E-5	4.595530E+1	9.397299E-5	4.261885E+1	2.245501E-3	5.842886E-2
1.035156E+0	9.209770E-5	3.791084E+1	9.505337E-5	3.925244E+1	-3.136045E-2	-2.268517E-2
1.037305E+0	9.036845E-5	3.081439E+1	9.050300E-5	3.286916E+1	-2.128726E-3	-3.580151E-2
1.039453E+0	8.912581E-5	2.482579E+1	8.855835E-5	2.331163E+1	6.056340E-3	2.659332E-2
1.041601E+0	8.988674E-5	1.952099E+1	9.393607E-5	2.274863E+1	-4.462520E-2	-5.387608E-2
1.043750E+0	9.221157E-5	1.246408E+1	8.901692E-5	1.524564E+1	3.466765E-2	-5.026990E-2
1.045898E+0	8.635349E-5	7.130847E+0	9.090942E-5	8.298616E+0	-5.031233E-2	-1.935866E-2
1.048047E+0	9.197574E-5	-1.175794E+0	9.413021E-5	2.416692E+0	-2.480826E-2	-6.122547E-2
1.050195E+0	8.858708E-5	-4.661761E+0	9.618869E-5	-4.413810E+0	-7.903673E-2	-3.985550E-3
1.052344E+0	8.925749E-5	-1.262440E+1	9.082594E-5	-1.231546E+1	-1.728303E-2	-5.298881E-3
1.054492E+0	9.210430E-5	-1.585137E+1	9.226049E-5	-1.354434E+1	-2.502088E-3	-4.018624E-2
1.056641E+0	9.376134E-5	-2.293632E+1	9.970854E-5	-2.329065E+1	-5.966383E-2	5.815325E-3
1.058789E+0	8.839448E-5	-2.932243E+1	9.520610E-5	-2.781208E+1	-7.186861E-2	-2.447175E-2
1.060937E+0	9.671305E-5	-3.635859E+1	9.948267E-5	-3.492609E+1	-2.814405E-2	-2.430325E-2
1.063086E+0	9.567676E-5	-4.280604E+1	1.008998E-4	-4.254142E+1	-5.177474E-2	-4.379400E-3
1.065234E+0	9.153101E-5	-5.133681E+1	9.836049E-5	-4.869773E+1	-7.042013E-2	-4.284735E-2
1.067383E+0	9.348025E-5	-5.214277E+1	9.467940E-5	-5.604525E+1	-1.495467E-2	6.719649E-2
1.069531E+0	9.453234E-5	-6.296219E+1	9.899562E-5	-6.382258E+1	-4.519330E-2	1.433906E-2
1.071680E+0	9.355426E-5	-6.689981E+1	9.686359E-5	-6.744760E+1	-3.420899E-2	9.233957E-3
1.073828E+0	9.926972E-5	-7.475154E+1	9.557777E-5	-7.444286E+1	3.861263E-2	-5.595561E-3
1.075976E+0	9.375395E-5	-8.262318E+1	1.003448E-4	-8.027753E+1	-6.646489E-2	-3.823965E-2
1.078125E+0	9.095120E-5	-8.567444E+1	9.965096E-5	-8.261211E+1	-8.860564E-2	-4.875841E-2
1.080273E+0	9.408000E-5	-9.372022E+1	1.016769E-4	-9.296759E+1	-7.479591E-2	-1.215406E-2
1.082422E+0	9.386600E-5	-9.599403E+1	9.718846E-5	-1.003533E+2	-3.697981E-2	7.341176E-2
1.084570E+0	9.043167E-5	-1.056186E+2	9.217572E-5	-1.028987E+2	-2.002616E-2	-4.655552E-2
1.086719E+0	9.355665E-5	-1.087781E+2	9.633981E-5	-1.076719E+2	-2.906998E-2	-1.874791E-2
1.088867E+0	9.495817E-5	-1.165629E+2	9.371032E-5	-1.150168E+2	1.294713E-2	-2.734054E-2
1.091016E+0	9.251561E-5	-1.214875E+2	9.476579E-5	-1.196600E+2	-2.424120E-2	-3.113326E-2
1.093164E+0	9.413590E-5	-1.308715E+2	9.900396E-5	-1.258687E+2	-5.279260E-2	-8.291655E-2
1.095312E+0	9.250568E-5	-1.359822E+2	1.022641E-4	-1.343335E+2	-9.579819E-2	-2.602581E-2
1.097461E+0	9.404839E-5	-1.402211E+2	1.018179E-4	-1.385852E+2	-7.668437E-2	-2.636953E-2
1.099609E+0	9.394297E-5	-1.458144E+2	9.479144E-5	-1.452267E+2	-9.003048E-3	-1.016531E-2
1.101758E+0	9.164404E-5	-1.521751E+2	9.796151E-5	-1.524229E+2	-6.449806E-2	4.046002E-3
1.103906E+0	9.159927E-5	-1.584401E+2	1.006387E-4	-1.579198E+2	-8.985814E-2	-8.265178E-3
1.106055E+0	9.508256E-5	-1.633158E+2	9.818195E-5	-1.631072E+2	-3.157424E-2	-3.525818E-3
1.108203E+0	9.656807E-5	-1.720918E+2	1.024434E-4	-1.676544E+2	-6.017759E-2	-7.293253E-2
1.110351E+0	9.273431E-5	-1.779017E+2	1.016860E-4	-1.758758E+2	-8.860270E-2	-3.223919E-2
1.112500E+0	9.397914E-5	1.786555E+2	1.037894E-4	-1.792840E+2	-9.510629E-2	-3.255628E-2
1.114648E+0	9.708139E-5	1.707141E+2	9.544865E-5	1.688872E+2	1.658896E-2	3.242536E-2
1.116797E+0	8.907510E-5	1.655630E+2	9.708232E-5	1.652463E+2	-8.249268E-2	5.071535E-3
1.118945E+0	9.343438E-5	1.597246E+2	1.000305E-4	1.618553E+2	-6.658688E-2	-3.472753E-2
1.121094E+0	9.495833E-5	1.534548E+2	9.706961E-5	1.559826E+2	-2.270206E-2	-4.314485E-2
1.123242E+0	9.942254E-5	1.464312E+2	9.884109E-5	1.455304E+2	5.758361E-3	1.581376E-2
1.125391E+0	9.642656E-5	1.431027E+2	1.006085E-4	1.409475E+2	-4.224444E-2	3.604330E-2
1.127539E+0	9.745332E-5	1.333534E+2	1.053955E-4	1.377704E+2	-7.810221E-2	-7.121133E-2
1.129687E+0	9.970419E-5	1.261036E+2	1.026315E-4	1.252832E+2	-2.862212E-2	1.390980E-2
1.131836E+0	9.813881E-5	1.192525E+2	1.063339E-4	1.224633E+2	-7.851820E-2	-5.169307E-2
1.133984E+0	9.875360E-5	1.156564E+2	9.615799E-5	1.159456E+2	2.698010E-2	-5.183718E-3
1.136133E+0	9.775907E-5	1.109991E+2	1.056980E-4	1.103383E+2	-7.517107E-2	1.066665E-2
1.138281E+0	9.321131E-5	1.028913E+2	1.038349E-4	1.015174E+2	-1.025704E-1	2.152366E-2
1.140430E+0	9.814458E-5	9.787507E+1	1.001772E-4	9.657162E+1	-2.054375E-2	2.228598E-2
1.142578E+0	9.023371E-5	9.186427E+1	1.034255E-4	9.323146E+1	-1.277971E-1	-2.081643E-2
1.144726E+0	9.675351E-5	8.632752E+1	1.045503E-4	8.493434E+1	-7.484810E-2	2.250004E-2
1.146875E+0	9.663110E-5	7.958923E+1	1.044091E-4	8.207233E+1	-7.536443E-2	-4.009721E-2
1.149023E+0	1.027865E-4	7.338150E+1	1.005312E-4	7.513089E+1	2.195729E-2	-3.121273E-2
1.151172E+0	9.356941E-5	6.526137E+1	1.005650E-4	7.022903E+1	-7.305784E-2	-8.056975E-2
1.153320E+0	9.287172E-5	6.321723E+1	9.759849E-5	5.795182E+1	-5.244612E-2	8.732498E-2
1.155469E+0	9.805905E-5	5.499328E+1	1.017622E-4	5.919115E+1	-3.897540E-2	-7.053732E-2
1.157617E+0	9.767026E-5	4.821239E+1	9.416954E-5	5.110169E+1	3.585618E-2	-5.228027E-2
1.159766E+0	9.517912E-5	4.454688E+1	1.043646E-4	4.241007E+1	-8.864752E-2	3.400408E-2
1.161914E+0	9.405055E-5	3.807717E+1	1.002743E-4	3.495597E+1	-6.345859E-2	5.106882E-2
1.164062E+0	9.246960E-5	3.446911E+1	1.021886E-4	3.129577E+1	-9.649599E-2	5.009201E-2
1.166211E+0	9.547227E-5	2.619443E+1	1.065820E-4	2.781161E+1	-1.045932E-1	-2.527967E-2
1.168359E+0	9.567164E-5	2.057313E+1	1.025347E-4	1.886638E+1	-6.734797E-2	2.779044E-2
1.170508E+0	9.814283E-5	1.126178E+1	9.852656E-5	1.530881E+1	-6.378518E-3	-7.030041E-2
1.172656E+0	9.456572E-5	7.247471E+0	1.006583E-4	1.186356E+1	-6.357470E-2	-7.560765E-2
1.174805E+0	9.967445E-5	1.045199E+0	1.017247E-4	1.971201E+0	-2.028286E-2	-1.583536E-2
1.176953E+0	9.601146E-5	-3.333935E+0	1.011256E-4	-2.602468E+0	-5.064953E-2	-1.212055E-2
1.179101E+0	1.026946E-4	-1.071139E+1	1.039785E-4	-7.127534E+0	-1.427922E-2	-6.173746E-2
1.181250E+0	9.809212E-5	-1.687327E+1	1.055478E-4	-1.617310E+1	-7.070734E-2	-1.135677E-2
1.183398E+0	9.715047E-5	-2.307271E+1	1.062579E-4	-1.961636E+1	-8.737369E-2	-5.512078E-2
1.185547E+0	1.030660E-4	-2.726069E+1	1.062250E-4	-2.770985E+1	-2.976858E-2	7.606111E-3
1.187695E+0	9.853543E-5	-3.372397E+1	1.108338E-4	-3.466803E+1	-1.110829E-1	1.464797E-2
1.189844E+0	1.001963E-4	-4.122713E+1	1.037647E-4	-4.107415E+1	-3.439279E-2	-2.578182E-3
1.191992E+0	1.005654E-4	-4.727837E+1	1.106516E-4	-4.427048E+1	-9.240487E-2	-4.769037E-2
1.194141E+0	9.923022E-5	-5.521918E+1	1.105067E-4	-5.157082E+1	-1.038632E-1	-5.713956E-2
1.196289E+0	9.797097E-5	-5.975280E+1	1.144306E-4	-5.716922E+1	-1.447097E-1	-3.859289E-2
1.198437E+0	1.024419E-4	-6.568893E+1	1.097128E-4	-6.627465E+1	-6.632091E-2	9.545093E-3
1.200586E+0	1.015770E-4	-7.320683E+1	1.084332E-4	-7.014210E+1	-6.456951E-2	-5.008360E-2
1.202734E+0	1.037390E-4	-7.973868E+1	1.070358E-4	-7.736023E+1	-3.163587E-2	-4.022163E-2
1.204883E+0	1.024597E-4	-8.314243E+1	1.022367E-4	-8.494389E+1	1.685894E-3	3.150480E-2
1.207031E+0	1.011893E-4	-9.320640E+1	1.072087E-4	-9.041785E+1	-5.726420E-2	-4.591863E-2
1.209180E+0	1.021227E-4	-9.912122E+1	1.037115E-4	-9.483743E+1	-1.807032E-2	-7.355229E-2
1.211328E+0	1.016364E-4	-1.007150E+2	1.112436E-4	-9.988686E+1	-8.645726E-2	-1.320506E-2
1.213476E+0	9.941781E-5	-1.073186E+2	1.101058E-4	-1.073485E+2	-9.707030E-2	4.711970E-4
1.215625E+0	9.919067E-5	-1.174890E+2	1.103483E-4	-1.130516E+2	-1.038073E-1	-6.954676E-2
1.217773E+0	9.393363E-5	-1.205608E+2	1.078292E-4	-1.192216E+2	-1.291044E-1	-2.035954E-2
1.219922E+0	1.020505E-4	-1.274314E+2	1.053155E-4	-1.244540E+2	-3.231013E-2	-5.033174E-2
1.222070E+0	1.025110E-4	-1.317519E+2	1.119330E-4	-1.341119E+2	-8.495214E-2	3.771194E-2
1.224219E+0	9.369612E-5	-1.393439E+2	1.052229E-4	-1.397078E+2	-1.095643E-1	5.655459E-3
1.226367E+0	9.765953E-5	-1.449122E+2	1.145312E-4	-1.441259E+2	-1.473910E-1	-1.170153E-2
1.228516E+0	9.793358E-5	-1.493654E+2	1.085799E-4	-1.517009E+2	-9.879978E-2	3.675523E-2
1.230664E+0	9.660512E-5	-1.556443E+2	1.115688E-4	-1.564654E+2	-1.342096E-1	1.240840E-2
1.232812E+0	9.630243E-5	-1.641190E+2	1.118034E-4	-1.637845E+2	-1.386596E-1	-5.028671E-3
1.234961E+0	1.021276E-4	-1.701525E+2	1.085226E-4	-1.681237E+2	-5.951772E-2	-3.331569E-2
1.237109E+0	9.946604E-5	-1.763285E+2	1.119726E-4	-1.728982E+2	-1.132846E-1	-5.315120E-2
1.239258E+0	1.004714E-4	1.757364E+2	1.105808E-4	1.784142E+2	-9.241305E-2	-4.244828E-2
1.241406E+0	9.688059E-5	1.731458E+2	1.132802E-4	1.746217E+2	-1.450540E-1	-2.202769E-2
1.243555E+0	9.799814E-5	1.657148E+2	1.117837E-4	1.684440E+2	-1.243179E-1	-4.174340E-2
1.245703E+0	1.010000E-4	1.592041E+2	1.060089E-4	1.614032E+2	-4.795149E-2	-3.655904E-2
1.247851E+0	9.702014E-5	1.530237E+2	1.154822E-4	1.546242E+2	-1.601971E-1	-2.346515E-2
1.250000E+0	1.008698E-4	1.479765E+2	1.129671E-4	1.497356E+2	-1.075077E-1	-2.740999E-2
1.252148E+0	9.884971E-5	1.399105E+2	1.066587E-4	1.416536E+2	-7.364361E-2	-2.819108E-2
1.254297E+0	9.289426E-5	1.317457E+2	1.088751E-4	1.350831E+2	-1.482284E-1	-4.967071E-2
1.256445E+0	9.793354E-5	1.282315E+2	1.076247E-4	1.293343E+2	-9.021442E-2	-1.751325E-2
1.258594E+0	1.027152E-4	1.238267E+2	1.108228E-4	1.242429E+2	-7.318268E-2	-6.732575E-3
1.260742E+0	9.943850E-5	1.157897E+2	1.092698E-4	1.157431E+2	-8.997301E-2	7.401464E-4
1.262890E+0	9.923299E-5	1.095447E+2	1.147300E-4	1.124374E+2	-1.361758E-1	-4.364910E-2
1.265039E+0	9.866262E-5	1.057730E+2	1.065203E-4	1.037316E+2	-7.435481E-2	3.299392E-2
1.267187E+0	1.016478E-4	9.391422E+1	1.080005E-4	1.015621E+2	-6.719312E-2	-1.252565E-1
1.269336E+0	1.001841E-4	9.059341E+1	1.075920E-4	9.406377E+1	-7.055927E-2	-5.636443E-2
1.271484E+0	9.961140E-5	8.508602E+1	1.124110E-4	8.787564E+1	-1.149144E-1	-4.312718E-2
1.273633E+0	1.055474E-4	7.750347E+1	1.066939E-4	8.286351E+1	-1.507135E-2	-9.241015E-2
1.275781E+0	1.033231E-4	7.553484E+1	1.102276E-4	7.337933E+1	-6.330183E-2	3.525592E-2
1.277930E+0	9.940108E-5	6.676722E+1	1.103131E-4	6.995822E+1	-1.003157E-1	-5.015840E-2
1.280078E+0	9.724462E-5	6.330600E+1	1.118518E-4	6.091818E+1	-1.313490E-1	3.622228E-2
1.282226E+0	9.925347E-5	5.481073E+1	1.137729E-4	5.833574E+1	-1.292681E-1	-5.363775E-2
1.284375E+0	1.054661E-4	5.000060E+1	1.112026E-4	5.218039E+1	-5.227230E-2	-3.607324E-2
1.286523E+0	1.019243E-4	4.493715E+1	1.112523E-4	4.411454E+1	-8.393988E-2	1.315301E-2
1.288672E+0	1.071229E-4	3.808155E+1	1.153376E-4	4.249413E+1	-7.397609E-2	-7.145818E-2
1.290820E+0	1.169266E-4	2.957298E+1	1.160120E-4	3.616010E+1	1.230202E-3	-1.156182E-1
1.292969E+0	1.267596E-4	2.275876E+1	1.179452E-4	3.055215E+1	6.480623E-2	-1.457352E-1
1.295117E+0	1.410106E-4	1.239834E+1	1.108948E-4	2.539094E+1	2.390175E-1	-2.858812E-1
1.297265E+0	1.548906E-4	3.402600E-1	1.180013E-4	1.496600E+1	2.700835E-1	-3.314413E-1
1.299414E+0	1.662477E-4	-1.368324E+1	1.162612E-4	1.192928E+1	2.894404E-1	-6.181428E-1
1.301562E+0	1.746378E-4	-3.187554E+1	1.133103E-4	1.799598E+0	2.826078E-1	-8.545892E-1
1.303711E+0	1.759820E-4	-4.876810E+1	1.154331E-4	-2.685864E-1	1.019829E-2	-1.141802E+0
1.305859E+0	1.761186E-4	-6.578040E+1	1.163409E-4	-8.360901E+0	-1.848348E-1	-1.275595E+0
1.308008E+0	1.813001E-4	-8.399506E+1	1.186266E-4	-1.403687E+1	-4.762339E-1	-1.435775E+0
1.310156E+0	1.804069E-4	-1.065235E+2	1.173224E-4	-2.184524E+1	-8.573806E-1	-1.531074E+0
1.312305E+0	1.926232E-4	-1.304342E+2	1.204967E-4	-2.645465E+1	-1.386177E+0	-1.551230E+0
1.314453E+0	1.980922E-4	-1.566736E+2	1.203709E-4	-3.221083E+1	-1.931243E+0	-1.356855E+0
1.316601E+0	2.049482E-4	1.761358E+2	1.180963E-4	-3.946260E+1	-2.411110E+0	-1.010196E+0
1.318750E+0	2.116921E-4	1.509750E+2	1.210300E-4	-4.667392E+1	-2.666762E+0	-5.302948E-1
1.320898E+0	2.391058E-4	1.269856E+2	1.163269E-4	-5.122390E+1	-3.054461E+0	6.422305E-2
1.323047E+0	2.568822E-4	1.038868E+2	1.183946E-4	-5.887734E+1	-3.072277E+0	6.428985E-1
1.325195E+0	2.965868E-4	8.076658E+1	1.211319E-4	-6.234050E+1	-2.958179E+0	1.469864E+0
1.327344E+0	3.243210E-4	6.005398E+1	1.203844E-4	-6.888521E+1	-2.693194E+0	2.095464E+0
1.329492E+0	3.476633E-4	4.061705E+1	1.162216E-4	-7.768959E+1	-2.418485E+0	2.633680E+0
1.331640E+0	3.774920E-4	2.285753E+1	1.215560E-4	-8.293174E+1	-1.845006E+0	2.988325E+0
1.333789E+0	4.051015E-4	6.220767E+0	1.223759E-4	-9.024333E+1	-1.372676E+0	3.289260E+0
1.335937E+0	4.426734E-4	-1.099171E+1	1.159936E-4	-9.786504E+1	-7.918419E-1	3.810679E+0
1.338086E+0	4.645365E-4	-2.657397E+1	1.176267E-4	-1.014497E+2	3.041079E-2	3.812451E+0
1.340234E+0	5.013656E-4	-3.971059E+1	1.142920E-4	-1.053809E+2	8.072647E-1	3.997124E+0
1.342383E+0	5.354750E-4	-5.383352E+1	1.153664E-4	-1.141451E+2	1.298864E+0	4.032232E+0
1.344531E+0	5.761731E-4	-6.914765E+1	1.205508E-4	-1.181302E+2	2.136736E+0	3.606183E+0
1.346680E+0	6.045682E-4	-8.390936E+1	1.144029E-4	-1.264487E+2	2.893729E+0	3.572867E+0
1.348828E+0	6.458684E-4	-9.802762E+1	1.235471E-4	-1.302793E+2	3.421138E+0	2.789712E+0
1.350976E+0	6.877626E-4	-1.125832E+2	1.165542E-4	-1.374874E+2	4.352100E+0	2.484839E+0
1.353125E+0	7.188199E-4	-1.271843E+2	1.178644E-4	-1.450088E+2	4.805956E+0	1.866828E+0
1.355273E+0	7.587289E-4	-1.417366E+2	1.229364E-4	-1.508585E+2	5.093667E+0	9.784364E-1
1.357422E+0	7.873523E-4	-1.565581E+2	1.157957E-4	-1.557576E+2	5.798832E+0	-9.499511E-2
1.359570E+0	8.172980E-4	-1.730704E+2	1.217114E-4	-1.629588E+2	5.610748E+0	-1.178935E+0
1.361719E+0	8.374939E-4	1.700010E+2	1.226902E-4	-1.690361E+2	5.374283E+0	-2.442124E+0
1.363867E+0	8.481006E-4	1.523237E+2	1.143084E-4	-1.748941E+2	5.237754E+0	-4.017216E+0
1.366015E+0	8.783247E-4	1.343649E+2	1.189206E-4	-1.788738E+2	4.059569E+0	-5.380606E+0
1.368164E+0	8.996822E-4	1.126781E+2	1.207725E-4	1.723911E+2	2.756967E+0	-6.432628E+0
1.370312E+0	8.964441E-4	9.019563E+1	1.201978E-4	1.689182E+2	4.584998E-1	-7.314072E+0
1.372461E+0	8.919600E-4	6.667698E+1	1.154378E-4	1.601693E+2	-1.470674E+0	-7.712410E+0
1.374609E+0	8.663476E-4	4.646244E+1	1.203639E-4	1.586320E+2	-3.716057E+0	-6.665616E+0
1.376758E+0	8.454482E-4	2.066195E+1	1.220102E-4	1.511904E+2	-5.502852E+0	-5.266864E+0
1.378906E+0	8.434603E-4	-7.060953E+0	1.221457E-4	1.452250E+2	-7.113177E+0	-3.211402E+0
1.381055E+0	8.291387E-4	-3.773555E+1	1.272267E-4	1.387770E+2	-7.504949E+0	-3.964296E-1
1.383203E+0	8.285177E-4	-6.902626E+1	1.197266E-4	1.330110E+2	-7.414500E+0	2.596480E+0
1.385351E+0	8.306666E-4	-9.889825E+1	1.273869E-4	1.248627E+2	-5.709541E+0	4.510130E+0
1.387500E+0	8.428394E-4	-1.305076E+2	1.257070E-4	1.184823E+2	-3.403886E+0	6.259040E+0
1.389648E+0	8.764461E-4	-1.607286E+2	1.251885E-4	1.129136E+2	-5.552567E-1	6.986871E+0
1.391797E+0	9.004958E-4	1.682594E+2	1.151739E-4	1.073914E+2	2.806265E+0	6.829529E+0
1.393945E+0	9.333725E-4	1.400808E+2	1.183512E-4	9.977106E+1	5.013889E+0	5.101907E+0
1.396094E+0	9.324942E-4	1.129548E+2	1.219630E-4	9.295999E+1	6.184858E+0	2.614337E+0
1.398242E+0	9.089481E-4	8.584119E+1	1.182851E-4	8.996494E+1	6.664489E+0	-5.525909E-1
1.400390E+0	8.715914E-4	5.866328E+1	1.215788E-4	8.238319E+1	5.563331E+0	-2.883821E+0
1.402539E+0	8.227614E-4	3.227642E+1	1.224367E-4	7.659946E+1	3.807490E+0	-4.695209E+0
1.404687E+0	7.588234E-4	4.851469E+0	1.208530E-4	7.032212E+1	1.606742E+0	-5.712218E+0
1.406836E+0	6.845245E-4	-2.311764E+1	1.200085E-4	6.428479E+1	-7.414927E-1	-5.698106E+0
1.408984E+0	5.992224E-4	-5.224664E+1	1.221408E-4	5.823111E+1	-2.716332E+0	-4.595978E+0
1.411133E+0	5.443222E-4	-8.392840E+1	1.196358E-4	5.398987E+1	-4.376834E+0	-3.049249E+0
1.413281E+0	5.023264E-4	-1.188584E+2	1.217481E-4	4.739571E+1	-5.007778E+0	-9.803923E-1
1.415430E+0	4.929972E-4	-1.540763E+2	1.220357E-4	4.060316E+1	-4.907915E+0	1.023725E+0
1.417578E+0	4.940246E-4	1.722658E+2	1.168178E-4	3.836576E+1	-3.932411E+0	3.047222E+0
1.419726E+0	5.312864E-4	1.386007E+2	1.206864E-4	2.793600E+1	-2.553532E+0	4.118975E+0
1.421875E+0	5.432133E-4	1.081830E+2	1.205656E-4	2.614288E+1	-3.760742E-1	4.462132E+0
1.424023E+0	5.765257E-4	7.790900E+1	1.202124E-4	1.995847E+1	1.544946E+0	4.064951E+0
1.426172E+0	5.771347E-4	4.981216E+1	1.261651E-4	1.177877E+1	2.603066E+0	2.818407E+0
1.428320E+0	5.634691E-4	2.401171E+1	1.228223E-4	3.286639E+0	3.290806E+0	1.623506E+0
1.430469E+0	5.170059E-4	2.308182E-1	1.306240E-4	3.901275E-1	2.957955E+0	-1.100501E-2
1.432617E+0	4.565458E-4	-2.165261E+1	1.240024E-4	-7.449992E+0	2.569214E+0	-9.033235E-1
1.434765E+0	3.856583E-4	-4.316766E+1	1.223674E-4	-1.220441E+1	1.702525E+0	-1.621483E+0
1.436914E+0	3.071157E-4	-6.318213E+1	1.269932E-4	-1.719952E+1	6.804643E-1	-1.739115E+0
1.439062E+0	2.288513E-4	-8.159032E+1	1.278328E-4	-2.108099E+1	-1.186977E-1	-1.558288E+0
1.441211E+0	1.543283E-4	-9.686949E+1	1.278222E-4	-2.980142E+1	-5.295649E-1	-1.111947E+0
1.443359E+0	8.190145E-5	-1.054212E+2	1.281208E-4	-3.461497E+1	-7.898371E-1	-6.037171E-1
1.445508E+0	3.519900E-5	-9.134077E+1	1.312397E-4	-4.112859E+1	-8.283639E-1	-2.060931E-1
1.447656E+0	4.600524E-5	-4.048720E+1	1.298990E-4	-4.766106E+1	-6.486108E-1	4.422791E-2
1.449805E+0	7.571657E-5	-2.355825E+1	1.325483E-4	-5.365229E+1	-5.057632E-1	2.864304E-1
1.451953E+0	9.255522E-5	-3.512175E+1	1.368670E-4	-6.199636E+1	-3.967935E-1	3.056881E-1
1.454101E+0	1.056215E-4	-4.259767E+1	1.267164E-4	-6.789944E+1	-2.464341E-1	3.562375E-1
1.456250E+0	1.297248E-4	-4.919987E+1	1.374707E-4	-7.405435E+1	-1.437487E-1	3.966321E-1
1.458398E+0	1.428014E-4	-5.783828E+1	1.310493E-4	-8.261545E+1	-1.063377E-2	4.566731E-1
1.460547E+0	1.462105E-4	-6.788146E+1	1.295612E-4	-8.311959E+1	8.882907E-2	2.966066E-1
1.462695E+0	1.638420E-4	-7.788385E+1	1.397377E-4	-9.379972E+1	1.275496E-1	3.215286E-1
1.464844E+0	1.616886E-4	-8.680800E+1	1.320706E-4	-9.932269E+1	1.951710E-1	2.652845E-1
1.466992E+0	1.651506E-4	-9.910313E+1	1.300385E-4	-1.085679E+2	2.527243E-1	2.088424E-1
1.469140E+0	1.640338E-4	-1.061253E+2	1.362713E-4	-1.135544E+2	1.936251E-1	1.556413E-1
1.471289E+0	1.626367E-4	-1.135846E+2	1.321079E-4	-1.181293E+2	2.272191E-1	9.754766E-2
1.473437E+0	1.551814E-4	-1.214979E+2	1.262864E-4	-1.233612E+2	2.281556E-1	3.995459E-2
1.475586E+0	1.547701E-4	-1.306017E+2	1.299360E-4	-1.292745E+2	1.908061E-1	-2.758878E-2
1.477734E+0	1.544975E-4	-1.369076E+2	1.318998E-4	-1.392621E+2	1.703359E-1	4.812061E-2
1.479883E+0	1.542299E-4	-1.471732E+2	1.336098E-4	-1.436617E+2	1.521635E-1	-7.070146E-2
1.482031E+0	1.524496E-4	-1.551129E+2	1.284162E-4	-1.510160E+2	1.841188E-1	-8.481430E-2
1.484180E+0	1.391954E-4	-1.607900E+2	1.308096E-4	-1.554953E+2	5.956663E-2	-9.819417E-2
1.486328E+0	1.317877E-4	-1.689905E+2	1.305698E-4	-1.589852E+2	-6.022593E-3	-1.753598E-1
1.488476E+0	1.263857E-4	-1.694398E+2	1.354217E-4	-1.695293E+2	-6.672604E-2	1.457840E-3
1.490625E+0	1.185805E-4	-1.736516E+2	1.239094E-4	-1.742275E+2	-4.305476E-2	9.618917E-3
1.492773E+0	1.228698E-4	-1.775330E+2	1.244117E-4	1.789838E+2	-1.421798E-2	6.000289E-2
1.494922E+0	1.354507E-4	1.773412E+2	1.236847E-4	1.764374E+2	9.499274E-2	1.727416E-2
1.497070E+0	1.327003E-4	1.707667E+2	1.302085E-4	1.674589E+2	1.743909E-2	5.880414E-2
1.499219E+0	1.275619E-4	1.618552E+2	1.227542E-4	1.637357E+2	3.860561E-2	-3.410023E-2
1.501367E+0	1.226417E-4	1.552589E+2	1.250719E-4	1.581595E+2	-2.068670E-2	-4.962015E-2
1.503515E+0	1.169288E-4	1.538326E+2	1.296779E-4	1.520613E+2	-9.874444E-2	2.787121E-2
1.505664E+0	1.160467E-4	1.517060E+2	1.266069E-4	1.452129E+2	-8.928884E-2	1.036513E-1
1.507812E+0	1.186190E-4	1.544616E+2	1.250836E-4	1.399624E+2	-8.188508E-2	2.374270E-1
1.509961E+0	1.311316E-4	1.494290E+2	1.281662E-4	1.343753E+2	-1.197403E-2	2.657335E-1
1.512109E+0	1.563071E-4	1.409053E+2	1.306779E-4	1.284808E+2	1.681122E-1	2.573498E-1
1.514258E+0	1.671645E-4	1.338675E+2	1.265706E-4	1.197125E+2	2.806213E-1	3.229770E-1
1.516406E+0	1.848343E-4	1.220629E+2	1.272337E-4	1.187098E+2	4.502280E-1	8.496819E-2
1.518554E+0	1.890240E-4	1.117620E+2	1.368211E-4	1.079421E+2	3.784721E-1	9.203891E-2
1.520703E+0	1.980729E-4	1.001136E+2	1.305832E-4	1.036211E+2	5.139916E-1	-9.279862E-2
1.522851E+0	2.129361E-4	8.681347E+1	1.301857E-4	9.750977E+1	6.072141E-1	-3.035788E-1
1.525000E+0	2.058523E-4	7.021139E+1	1.345803E-4	9.087582E+1	4.311786E-1	-5.397822E-1
1.527148E+0	2.062615E-4	4.917335E+1	1.343912E-4	8.535509E+1	2.387988E-1	-9.060575E-1
1.529297E+0	1.783560E-4	2.483710E+1	1.351728E-4	8.046709E+1	-2.551148E-1	-1.089100E+0
1.531445E+0	1.397391E-4	-1.693535E+1	1.388066E-4	7.155974E+1	-9.735610E-1	-1.006371E+0
1.533594E+0	9.349660E-5	-8.301357E+1	1.338892E-4	6.553739E+1	-1.595734E+0	-3.643379E-1
1.535742E+0	1.365635E-4	-1.690817E+2	1.329100E-4	5.885655E+1	-1.688347E+0	7.628314E-1
1.537890E+0	2.196288E-4	1.462100E+2	1.359732E-4	5.450210E+1	-1.048141E+0	1.614518E+0
1.540039E+0	3.008672E-4	1.129705E+2	1.373359E-4	4.895743E+1	-4.009214E-2	1.969243E+0
1.542187E+0	3.683568E-4	8.271049E+1	1.329630E-4	4.095102E+1	1.066551E+0	1.845081E+0
1.544336E+0	4.019439E-4	5.605851E+1	1.294097E-4	3.810902E+1	1.954807E+0	9.571960E-1
1.546484E+0	4.142375E-4	2.951833E+1	1.359088E-4	3.049297E+1	2.047467E+0	-5.184448E-2
1.548633E+0	4.058851E-4	1.764253E+0	1.324243E-4	2.041762E+1	1.904031E+0	-9.803267E-1
1.550781E+0	3.684884E-4	-2.888678E+1	1.344988E-4	1.880202E+1	8.442587E-1	-2.026018E+0
1.552929E+0	2.882043E-4	-6.467572E+1	1.321607E-4	1.172098E+1	-4.871009E-1	-2.119537E+0
1.555078E+0	1.842985E-4	-1.082263E+2	1.321181E-4	6.922036E+0	-1.592804E+0	-1.262726E+0
1.557226E+0	1.043482E-4	-1.798782E+2	1.330312E-4	2.797987E+0	-1.783533E+0	3.662413E-2
1.559375E+0	1.193444E-4	9.685065E+1	1.325972E-4	-6.661329E+0	-1.210296E+0	8.751397E-1
1.561523E+0	1.745105E-4	5.363421E+1	1.299517E-4	-1.092041E+1	-4.230278E-1	1.212621E+0
1.563672E+0	2.112088E-4	2.266552E+1	1.339738E-4	-1.709459E+1	2.118961E-1	1.008285E+0
1.565820E+0	2.329331E-4	-4.810102E-2	1.414977E-4	-2.449029E+1	4.986636E-1	6.811550E-1
1.567969E+0	2.269430E-4	-1.939662E+1	1.417211E-4	-2.972252E+1	5.754003E-1	2.870345E-1
1.570117E+0	2.148535E-4	-3.515038E+1	1.371591E-4	-3.508194E+1	5.664535E-1	-1.871135E-3
1.572265E+0	1.954013E-4	-4.910685E+1	1.416756E-4	-4.163382E+1	3.675015E-1	-1.793802E-1
1.574414E+0	1.729440E-4	-5.849810E+1	1.420965E-4	-5.021735E+1	2.043993E-1	-1.752896E-1
1.576562E+0	1.558047E-4	-6.678540E+1	1.458208E-4	-5.398707E+1	4.192172E-2	-2.366869E-1
1.578711E+0	1.417197E-4	-7.506475E+1	1.410402E-4	-6.098129E+1	-2.538473E-2	-2.445074E-1
1.580859E+0	1.382229E-4	-7.762566E+1	1.399118E-4	-6.547775E+1	-3.419326E-2	-2.078959E-1
1.583008E+0	1.177147E-4	-8.215781E+1	1.442775E-4	-7.253294E+1	-1.955939E-1	-1.364143E-1
1.585156E+0	1.210493E-4	-8.210532E+1	1.430011E-4	-7.860281E+1	-1.550891E-1	-5.171412E-2
1.587304E+0	1.197967E-4	-8.128450E+1	1.438929E-4	-8.384697E+1	-1.682918E-1	3.722176E-2
1.589453E+0	1.246755E-4	-8.586708E+1	1.443703E-4	-9.508815E+1	-1.475784E-1	1.383839E-1
1.591601E+0	1.269758E-4	-9.075738E+1	1.420475E-4	-9.928571E+1	-1.159874E-1	1.325635E-1
1.593750E+0	1.360202E-4	-9.397352E+1	1.419542E-4	-1.065624E+2	-6.483817E-2	2.088429E-1
1.595898E+0	1.389806E-4	-9.856963E+1	1.423394E-4	-1.117278E+2	-4.923223E-2	2.222684E-1
1.598047E+0	1.473022E-4	-1.075980E+2	1.393059E-4	-1.193101E+2	3.538589E-2	2.146462E-1
1.600195E+0	1.566217E-4	-1.154153E+2	1.449280E-4	-1.254987E+2	6.399393E-2	1.892082E-1
1.602344E+0	1.561099E-4	-1.219144E+2	1.458815E-4	-1.321961E+2	5.293065E-2	1.910025E-1
1.604492E+0	1.647702E-4	-1.303747E+2	1.436291E-4	-1.405806E+2	1.290407E-1	2.032665E-1
1.606640E+0	1.687381E-4	-1.378462E+2	1.411468E-4	-1.443038E+2	1.878946E-1	1.344531E-1
1.608789E+0	1.681712E-4	-1.457778E+2	1.416410E-4	-1.505933E+2	1.831150E-1	9.967127E-2
1.610937E+0	1.624786E-4	-1.555976E+2	1.426669E-4	-1.557188E+2	1.388643E-1	2.409088E-3
1.613086E+0	1.625092E-4	-1.605572E+2	1.435735E-4	-1.606528E+2	1.318870E-1	1.888595E-3
1.615234E+0	1.642512E-4	-1.693546E+2	1.382324E-4	-1.665451E+2	1.867968E-1	-5.824130E-2
1.617383E+0	1.625310E-4	-1.765461E+2	1.384081E-4	-1.716042E+2	1.699229E-1	-1.011597E-1
1.619531E+0	1.541034E-4	1.763349E+2	1.402505E-4	-1.785528E+2	9.440159E-2	-9.790956E-2
1.621679E+0	1.549398E-4	1.687831E+2	1.369032E-4	1.751202E+2	1.248318E-1	-1.249199E-1
1.623828E+0	1.516711E-4	1.634824E+2	1.411615E-4	1.707780E+2	6.575235E-2	-1.364428E-1
1.625976E+0	1.500829E-4	1.536750E+2	1.435986E-4	1.627158E+2	3.217144E-2	-1.642334E-1
1.628125E+0	1.424084E-4	1.485211E+2	1.437593E-4	1.577077E+2	-2.210280E-2	-1.581501E-1
1.630273E+0	1.267490E-4	1.404725E+2	1.389234E-4	1.504206E+2	-1.013517E-1	-1.576168E-1
1.632422E+0	1.157662E-4	1.352023E+2	1.397058E-4	1.465920E+2	-1.876760E-1	-1.636413E-1
1.634570E+0	1.072604E-4	1.338611E+2	1.352867E-4	1.421477E+2	-2.154399E-1	-1.142676E-1
1.636719E+0	1.016167E-4	1.406424E+2	1.435544E-4	1.365173E+2	-2.939718E-1	5.091962E-2
1.638867E+0	1.158644E-4	1.415924E+2	1.435796E-4	1.283132E+2	-2.146067E-1	1.853581E-1
1.641015E+0	1.302295E-4	1.445770E+2	1.492063E-4	1.242520E+2	-1.815287E-1	3.031678E-1
1.643164E+0	1.585065E-4	1.428627E+2	1.387038E-4	1.164420E+2	2.340862E-2	5.084854E-1
1.645312E+0	2.044331E-4	1.316294E+2	1.438801E-4	1.103259E+2	3.237688E-1	5.162091E-1
1.647461E+0	2.523703E-4	1.130274E+2	1.439892E-4	1.046601E+2	7.340464E-1	2.550505E-1
1.649609E+0	2.802711E-4	9.038208E+1	1.504156E-4	9.925057E+1	8.410351E-1	-2.872612E-1
1.651758E+0	2.605607E-4	6.216370E+1	1.370957E-4	9.163743E+1	6.546055E-1	-9.351295E-1
1.653906E+0	2.111575E-4	3.273559E+1	1.513111E-4	8.709386E+1	-1.868102E-1	-1.134106E+0
1.656054E+0	1.079795E-4	-5.783172E+0	1.491031E-4	8.004564E+1	-9.473246E-1	-7.222753E-1
1.658203E+0	3.313675E-5	-1.075702E+2	1.481272E-4	7.245599E+1	-1.223705E+0	1.022558E-4
1.660351E+0	1.146709E-4	1.551162E+2	1.526508E-4	6.669888E+1	-9.792523E-1	7.509109E-1
1.662500E+0	2.053283E-4	1.221380E+2	1.387251E-4	5.923115E+1	-3.259013E-1	1.317693E+0
1.664648E+0	2.791566E-4	9.074364E+1	1.461010E-4	5.421082E+1	5.352858E-1	1.137413E+0
1.666797E+0	3.215425E-4	6.154804E+1	1.471197E-4	4.753391E+1	1.120533E+0	5.292637E-1
1.668945E+0	3.086848E-4	3.198007E+1	1.505162E-4	4.243251E+1	1.016809E+0	-3.720621E-1
1.671094E+0	2.449537E-4	9.343188E+0	1.525444E-4	3.434319E+1	4.553366E-1	-6.786346E-1
1.673242E+0	1.666491E-4	-8.559689E+0	1.468094E-4	2.911111E+1	-1.014975E-1	-6.937105E-1
1.675390E+0	1.094966E-4	-9.699355E+0	1.436492E-4	2.144024E+1	-3.475827E-1	-3.941785E-1
1.677539E+0	8.217290E-5	5.198934E+0	1.445097E-4	1.554466E+1	-4.406124E-1	-1.021192E-1
1.679687E+0	1.022815E-4	2.153762E+1	1.417067E-4	1.245176E+1	-2.872733E-1	1.139799E-1
1.681836E+0	1.196733E-4	1.932213E+1	1.405351E-4	5.878691E+0	-1.717782E-1	1.979740E-1
1.683984E+0	1.405925E-4	1.367429E+1	1.403271E-4	-1.794036E+0	-3.439917E-2	2.672100E-1
1.686133E+0	1.421596E-4	4.032032E+0	1.425112E-4	-6.112904E+0	-1.806326E-2	1.757042E-1
1.688281E+0	1.511864E-4	-4.608918E+0	1.443975E-4	-1.381810E+1	3.351999E-2	1.675637E-1
1.690429E+0	1.580627E-4	-1.302634E+1	1.472254E-4	-1.856816E+1	6.859218E-2	1.036810E-1
1.692578E+0	1.555315E-4	-1.756748E+1	1.320433E-4	-2.471123E+1	1.687390E-1	1.464805E-1
1.694726E+0	1.551955E-4	-2.699054E+1	1.402612E-4	-2.990042E+1	1.050483E-1	5.617037E-2
1.696875E+0	1.574421E-4	-3.428481E+1	1.436639E-4	-3.693754E+1	9.473142E-2	5.072108E-2
1.699023E+0	1.551274E-4	-3.987337E+1	1.412444E-4	-3.898272E+1	9.815793E-2	-1.707199E-2
1.701172E+0	1.579345E-4	-4.646861E+1	1.410194E-4	-4.565697E+1	1.198364E-1	-1.586443E-2
1.703320E+0	1.511162E-4	-5.351785E+1	1.485798E-4	-5.272647E+1	1.697395E-2	-1.404753E-2
1.705469E+0	1.568285E-4	-5.803036E+1	1.481455E-4	-5.682956E+1	5.837882E-2	-2.218466E-2
1.707617E+0	1.556357E-4	-6.283054E+1	1.548877E-4	-6.283337E+1	4.829304E-3	4.963135E-5
1.709765E+0	1.478068E-4	-7.151083E+1	1.515238E-4	-6.746481E+1	-2.696196E-2	-6.882686E-2
1.711914E+0	1.553694E-4	-7.558416E+1	1.575651E-4	-7.785889E+1	-1.471221E-2	3.913800E-2
1.714062E+0	1.529950E-4	-8.178875E+1	1.495299E-4	-8.245628E+1	2.310385E-2	1.192031E-2
1.716211E+0	1.601606E-4	-8.835785E+1	1.588784E-4	-8.825317E+1	8.068641E-3	-1.841754E-3
1.718359E+0	1.536760E-4	-9.133847E+1	1.494453E-4	-9.430658E+1	2.692989E-2	5.324599E-2
1.720508E+0	1.644699E-4	-9.796808E+1	1.483370E-4	-1.027828E+2	1.048460E-1	9.306237E-2
1.722656E+0	1.694981E-4	-1.078606E+2	1.579066E-4	-1.083625E+2	7.336613E-2	9.402721E-3
1.724804E+0	1.716460E-4	-1.125476E+2	1.615448E-4	-1.167040E+2	5.973425E-2	7.701130E-2
1.726953E+0	1.641701E-4	-1.220737E+2	1.607422E-4	-1.222070E+2	2.132269E-2	2.376136E-3
1.729101E+0	1.698667E-4	-1.271433E+2	1.522228E-4	-1.274978E+2	1.158870E-1	6.904296E-3
1.731250E+0	1.645394E-4	-1.351479E+2	1.551742E-4	-1.379578E+2	5.907793E-2	5.198099E-2
1.733398E+0	1.682913E-4	-1.423746E+2	1.620860E-4	-1.409179E+2	3.794845E-2	-2.639471E-2
1.735547E+0	1.686583E-4	-1.496360E+2	1.558762E-4	-1.477643E+2	8.142433E-2	-3.533981E-2
1.737695E+0	1.674621E-4	-1.573259E+2	1.580283E-4	-1.528768E+2	5.650366E-2	-8.220432E-2
1.739844E+0	1.584966E-4	-1.633519E+2	1.555334E-4	-1.634234E+2	1.905106E-2	1.271685E-3
1.741992E+0	1.661289E-4	-1.713686E+2	1.572871E-4	-1.664067E+2	5.225617E-2	-9.135545E-2
1.744140E+0	1.553203E-4	-1.780213E+2	1.492077E-4	-1.762521E+2	4.047083E-2	-3.213825E-2
1.746289E+0	1.471316E-4	1.743874E+2	1.454970E-4	1.789204E+2	8.071433E-3	-7.992117E-2
1.748437E+0	1.339993E-4	1.691057E+2	1.551079E-4	1.720119E+2	-1.372009E-1	-4.380112E-2
1.750586E+0	1.205723E-4	1.700848E+2	1.547822E-4	1.677906E+2	-2.216440E-1	3.118309E-2
1.752734E+0	1.317581E-4	1.748104E+2	1.508449E-4	1.619166E+2	-1.485568E-1	1.949096E-1
1.754883E+0	1.450015E-4	1.763583E+2	1.470452E-4	1.555522E+2	-7.820424E-2	3.502697E-1
1.757031E+0	1.926905E-4	1.640935E+2	1.407278E-4	1.525807E+2	3.416936E-1	2.732828E-1
1.759179E+0	2.115429E-4	1.469258E+2	1.431077E-4	1.461461E+2	4.780708E-1	2.011532E-2
1.761328E+0	2.051852E-4	1.259198E+2	1.433525E-4	1.385119E+2	3.969052E-1	-3.120431E-1
1.763476E+0	1.710950E-4	1.052330E+2	1.509391E-4	1.323294E+2	9.121273E-3	-5.163134E-1
1.765625E+0	1.159276E-4	9.721702E+1	1.379326E-4	1.258529E+2	-2.623376E-1	-4.027860E-1
1.767773E+0	6.946053E-5	1.309085E+2	1.430761E-4	1.244056E+2	-5.176439E-1	5.498227E-2
1.769922E+0	1.023661E-4	1.433762E+2	1.421400E-4	1.169947E+2	-3.548247E-1	3.200082E-1
1.772070E+0	1.543212E-4	1.319822E+2	1.463429E-4	1.128094E+2	-3.973740E-3	3.463229E-1
1.774219E+0	1.665704E-4	1.171533E+2	1.511403E-4	1.045146E+2	7.538668E-2	2.411402E-1
1.776367E+0	1.839899E-4	1.013287E+2	1.446039E-4	9.865560E+1	2.709871E-1	5.934020E-2
1.778515E+0	1.690350E-4	9.029272E+1	1.461299E-4	9.528291E+1	1.523603E-1	-1.006196E-1
1.780664E+0	1.575356E-4	8.171537E+1	1.401541E-4	8.861796E+1	1.158701E-1	-1.350863E-1
1.782812E+0	1.442013E-4	7.680256E+1	1.493160E-4	8.437932E+1	-4.268603E-2	-1.273378E-1
1.784961E+0	1.437318E-4	7.492244E+1	1.537578E-4	7.570101E+1	-6.529275E-2	-1.270215E-2
1.787109E+0	1.426767E-4	6.882731E+1	1.507136E-4	7.074777E+1	-5.385738E-2	-3.172502E-2
1.789258E+0	1.450474E-4	6.469340E+1	1.553023E-4	6.480473E+1	-6.603362E-2	-1.814769E-3
1.791406E+0	1.532358E-4	6.190916E+1	1.552121E-4	5.811907E+1	-1.489213E-2	6.525966E-2
1.793554E+0	1.512387E-4	5.559522E+1	1.533717E-4	5.094227E+1	-1.715722E-2	7.999190E-2
1.795703E+0	1.551458E-4	4.975150E+1	1.562159E-4	4.679232E+1	-8.174433E-3	5.127084E-2
1.797851E+0	1.616725E-4	4.087232E+1	1.571177E-4	3.996333E+1	2.886024E-2	1.632410E-2
1.800000E+0	1.576457E-4	3.771065E+1	1.567191E-4	3.302287E+1	2.547551E-3	8.220915E-2
