4.035156E-1	4.347274E-5	3.501232E+1	4.258224E-5	2.333601E+1	-2.137034E-4	2.066147E-1
4.070313E-1	3.810234E-5	2.397371E+1	4.396255E-5	1.767853E+1	-1.385261E-1	9.503425E-2
4.105469E-1	4.125125E-5	-3.253095E+0	3.903948E-5	8.549260E+0	3.431594E-2	-2.161242E-1
4.140625E-1	3.726192E-5	-4.184273E+0	5.337194E-5	-7.015712E-1	-3.031337E-1	-4.241099E-2
4.175781E-1	4.949978E-5	-1.194165E+1	4.819626E-5	-5.284805E+0	2.012199E-2	-1.190579E-1
4.210938E-1	4.610704E-5	-2.062197E+1	4.296197E-5	-2.578366E+1	6.885382E-2	9.655277E-2
4.246094E-1	4.240939E-5	-2.686569E+1	4.351904E-5	-3.940385E+1	-4.873831E-2	2.115544E-1
4.281250E-1	4.343861E-5	-3.633304E+1	4.148400E-5	-3.787490E+1	4.673808E-2	2.817508E-2
4.316406E-1	4.712328E-5	-5.142816E+1	4.348351E-5	-4.914749E+1	8.284618E-2	-4.312569E-2
4.351563E-1	4.663972E-5	-6.094503E+1	5.049890E-5	-6.514368E+1	-7.889977E-2	6.761955E-2
4.386719E-1	4.724538E-5	-7.031512E+1	3.938889E-5	-7.858829E+1	1.869771E-1	1.725936E-1
4.421875E-1	4.890401E-5	-8.612441E+1	5.110233E-5	-7.745583E+1	-5.394990E-2	-1.442351E-1
4.457031E-1	4.494868E-5	-8.515413E+1	4.084517E-5	-9.188323E+1	9.288419E-2	1.289471E-1
4.492188E-1	4.767415E-5	-1.084966E+2	4.361644E-5	-8.915440E+1	3.133796E-2	-3.620224E-1
4.527344E-1	4.476068E-5	-1.189891E+2	4.308518E-5	-1.094062E+2	2.439119E-2	-1.729483E-1
4.562500E-1	4.314022E-5	-1.252077E+2	4.875262E-5	-1.185522E+2	-1.210832E-1	-1.025570E-1
4.597656E-1	4.058437E-5	-1.265499E+2	4.737194E-5	-1.399585E+2	-1.666357E-1	1.986676E-1
4.632813E-1	4.158745E-5	-1.387118E+2	4.848200E-5	-1.359905E+2	-1.431758E-1	-4.072605E-2
4.667969E-1	4.010555E-5	-1.497161E+2	4.082413E-5	-1.460159E+2	-1.964976E-2	-6.339984E-2
4.703125E-1	4.035588E-5	-1.703069E+2	4.570663E-5	-1.560555E+2	-1.442396E-1	-2.173577E-1
4.738281E-1	3.971295E-5	-1.751707E+2	4.661589E-5	-1.705798E+2	-1.508146E-1	-6.818810E-2
4.773438E-1	4.264174E-5	1.774029E+2	5.226868E-5	1.784994E+2	-1.843312E-1	-1.561180E-2
4.808594E-1	4.477831E-5	1.725550E+2	5.179992E-5	1.753984E+2	-1.366168E-1	-4.288206E-2
4.843750E-1	4.379348E-5	1.584367E+2	5.083897E-5	1.545380E+2	-1.405779E-1	5.856993E-2
4.878906E-1	4.163028E-5	1.517372E+2	4.212053E-5	1.552183E+2	-1.346286E-2	-6.001256E-2
4.914063E-1	4.299057E-5	1.508363E+2	5.623097E-5	1.435246E+2	-2.416814E-1	9.730025E-2
4.949219E-1	4.674469E-5	1.275590E+2	4.563733E-5	1.263065E+2	2.401962E-2	2.238889E-2
4.984375E-1	4.379892E-5	1.252232E+2	5.155284E-5	1.197689E+2	-1.542539E-1	8.075530E-2
5.019531E-1	5.083935E-5	1.122155E+2	4.425714E-5	1.077062E+2	1.451707E-1	9.031392E-2
5.054688E-1	4.975423E-5	9.569821E+1	5.076394E-5	1.039958E+2	-3.015023E-2	-1.414441E-1
5.089844E-1	4.508732E-5	1.011918E+2	4.797802E-5	9.515858E+1	-6.545566E-2	9.877243E-2
5.125000E-1	5.099585E-5	7.768336E+1	4.544746E-5	8.375997E+1	1.157789E-1	-1.187817E-1
5.160156E-1	4.651051E-5	6.925505E+1	6.081448E-5	8.133431E+1	-2.521399E-1	-1.600442E-1
5.195312E-1	5.351309E-5	6.295239E+1	4.773519E-5	7.267685E+1	1.049330E-1	-1.893552E-1
5.230469E-1	4.608554E-5	5.263660E+1	5.644677E-5	5.386990E+1	-1.837467E-1	-1.757269E-2
5.265625E-1	5.064151E-5	4.290757E+1	5.589145E-5	4.585435E+1	-9.512908E-2	-4.657951E-2
5.300781E-1	4.954318E-5	3.030989E+1	5.468725E-5	3.719435E+1	-1.005953E-1	-1.085924E-1
5.335937E-1	4.549129E-5	1.344822E+1	6.003679E-5	2.422817E+1	-2.556482E-1	-1.417228E-1
5.371094E-1	4.472353E-5	9.288209E+0	5.154260E-5	1.088151E+1	-1.326352E-1	-2.412620E-2
5.406250E-1	5.516067E-5	-3.734654E-1	5.110929E-5	-9.567463E-2	7.925627E-2	-5.232668E-3
5.441406E-1	5.722217E-5	-4.067977E+0	5.321817E-5	-1.219666E+1	6.443455E-2	1.520352E-1
5.476563E-1	5.119191E-5	-1.861749E+1	5.086810E-5	-2.138837E+1	5.189072E-3	4.864986E-2
5.511719E-1	5.340072E-5	-2.519903E+1	4.999957E-5	-3.575278E+1	4.995638E-2	1.956169E-1
5.546875E-1	5.518998E-5	-4.699521E+1	5.452130E-5	-4.055659E+1	5.879765E-3	-1.135141E-1
5.582031E-1	5.129578E-5	-5.135607E+1	5.719978E-5	-4.383901E+1	-1.109242E-1	-1.173184E-1
5.617188E-1	5.034823E-5	-5.029844E+1	5.886946E-5	-5.346272E+1	-1.460518E-1	4.720909E-2
5.652344E-1	5.216918E-5	-7.034860E+1	5.464042E-5	-6.551740E+1	-4.861949E-2	-8.041140E-2
5.687500E-1	5.430979E-5	-8.376506E+1	5.919904E-5	-8.386096E+1	-8.259131E-2	1.535533E-3
5.722656E-1	5.486276E-5	-9.610191E+1	5.263331E-5	-8.634738E+1	2.728844E-2	-1.766041E-1
5.757813E-1	5.232498E-5	-9.943306E+1	5.827049E-5	-1.009315E+2	-1.023400E-1	2.348160E-2
5.792969E-1	5.221446E-5	-1.029361E+2	5.893859E-5	-1.068476E+2	-1.161507E-1	6.043303E-2
5.828125E-1	5.251660E-5	-1.199480E+2	6.325934E-5	-1.195139E+2	-1.698444E-1	-6.289773E-3
5.863281E-1	5.475063E-5	-1.299084E+2	5.563260E-5	-1.370224E+2	-2.342972E-2	1.218806E-1
5.898437E-1	5.688084E-5	-1.411295E+2	5.936313E-5	-1.396082E+2	-4.215309E-2	-2.543844E-2
5.933594E-1	5.507465E-5	-1.499680E+2	5.728452E-5	-1.467840E+2	-4.006122E-2	-5.340001E-2
5.968750E-1	5.699843E-5	-1.589926E+2	5.702918E-5	-1.556765E+2	-2.212693E-3	-5.781337E-2
6.003906E-1	4.970003E-5	-1.707952E+2	4.910181E-5	-1.717543E+2	1.204145E-2	1.694260E-2
6.039063E-1	4.676597E-5	1.757692E+2	5.706028E-5	1.799112E+2	-1.825518E-1	-5.919775E-2
6.074219E-1	6.672039E-5	1.675382E+2	4.756862E-5	1.722816E+2	3.978096E-1	-1.159869E-1
6.109375E-1	5.234502E-5	1.654697E+2	5.937485E-5	1.604413E+2	-1.217904E-1	7.727204E-2
6.144531E-1	5.529966E-5	1.507087E+2	5.897014E-5	1.484158E+2	-6.299383E-2	3.751776E-2
6.179688E-1	5.686283E-5	1.458929E+2	5.329209E-5	1.377994E+2	5.637545E-2	1.502222E-1
6.214844E-1	5.039365E-5	1.373730E+2	6.454878E-5	1.307676E+2	-2.244759E-1	8.980527E-2
6.250000E-1	6.651622E-5	1.252681E+2	6.087502E-5	1.184200E+2	8.487319E-2	1.302871E-1
6.285156E-1	6.160872E-5	1.124408E+2	5.920364E-5	1.136129E+2	4.040612E-2	-2.128656E-2
6.320313E-1	6.098925E-5	1.051008E+2	6.249128E-5	1.058656E+2	-2.412278E-2	-1.302705E-2
6.355469E-1	5.523453E-5	8.771091E+1	5.993276E-5	9.520479E+1	-8.626333E-2	-1.201964E-1
6.390625E-1	6.236110E-5	8.549654E+1	5.787014E-5	8.060345E+1	7.367687E-2	9.191614E-2
6.425781E-1	5.477921E-5	7.114977E+1	6.088487E-5	7.488776E+1	-1.021961E-1	-5.865618E-2
6.460938E-1	6.284189E-5	6.543597E+1	5.928549E-5	6.032383E+1	5.577129E-2	9.445056E-2
6.496094E-1	6.181027E-5	5.287511E+1	6.638143E-5	5.490761E+1	-6.944784E-2	-3.302409E-2
6.531250E-1	6.310417E-5	4.332458E+1	6.228592E-5	4.605214E+1	1.198922E-2	-4.821207E-2
6.566406E-1	6.659440E-5	3.403698E+1	6.852249E-5	3.229162E+1	-2.858895E-2	2.960055E-2
6.601562E-1	6.478661E-5	2.170006E+1	6.722572E-5	2.182844E+1	-3.628481E-2	-2.159356E-3
6.636719E-1	6.636205E-5	1.287175E+1	6.043751E-5	1.324297E+1	9.800449E-2	-7.114083E-3
6.671875E-1	6.521245E-5	1.647914E+0	7.541089E-5	-2.403394E+0	-1.373992E-1	6.109521E-2
6.707031E-1	6.045418E-5	-1.083338E+1	6.373753E-5	-5.825030E+0	-5.513494E-2	-8.280374E-2
6.742188E-1	6.159126E-5	-2.126324E+1	6.794443E-5	-2.110785E+1	-9.350872E-2	-2.458471E-3
6.777344E-1	6.385832E-5	-3.034802E+1	6.227103E-5	-2.626320E+1	2.288496E-2	-7.304891E-2
6.812500E-1	6.033439E-5	-4.261240E+1	6.739992E-5	-3.580314E+1	-1.111442E-1	-1.061353E-1
6.847656E-1	6.311189E-5	-4.923589E+1	7.163245E-5	-5.311071E+1	-1.209623E-1	5.953868E-2
6.882813E-1	6.258137E-5	-5.954930E+1	6.465638E-5	-5.994205E+1	-3.211563E-2	6.634739E-3
6.917969E-1	6.738643E-5	-7.129942E+1	7.315289E-5	-7.395335E+1	-7.981553E-2	4.265328E-2
6.953125E-1	6.301192E-5	-8.144387E+1	6.437251E-5	-8.201492E+1	-2.118481E-2	9.755883E-3
6.988281E-1	6.064372E-5	-8.715102E+1	6.659671E-5	-8.916783E+1	-8.995273E-2	3.204688E-2
7.023438E-1	6.009750E-5	-9.687668E+1	6.185525E-5	-9.854276E+1	-2.882789E-2	2.824827E-2
7.058594E-1	6.490797E-5	-1.078210E+2	6.349634E-5	-1.127722E+2	1.841729E-2	8.822599E-2
7.093750E-1	6.921209E-5	-1.209073E+2	5.817132E-5	-1.196074E+2	1.894913E-1	-2.699126E-2
7.128906E-1	6.865653E-5	-1.240683E+2	6.702034E-5	-1.269925E+2	2.307945E-2	5.226020E-2
7.164063E-1	6.448168E-5	-1.384257E+2	6.632005E-5	-1.376851E+2	-2.780089E-2	-1.256726E-2
7.199219E-1	6.315838E-5	-1.468385E+2	6.458880E-5	-1.449425E+2	-2.268191E-2	-3.235268E-2
7.234375E-1	6.929362E-5	-1.603121E+2	6.840011E-5	-1.547277E+2	8.254925E-3	-9.858311E-2
7.269531E-1	6.485724E-5	-1.680403E+2	6.896456E-5	-1.675816E+2	-5.958710E-2	-7.528942E-3
7.304687E-1	6.664470E-5	-1.794622E+2	7.258075E-5	-1.761677E+2	-8.330296E-2	-5.276813E-2
7.339844E-1	6.211139E-5	1.675149E+2	7.226008E-5	1.697821E+2	-1.411196E-1	-3.400374E-2
7.375000E-1	6.980151E-5	1.597612E+2	6.985621E-5	1.645202E+2	-4.227855E-3	-8.289978E-2
7.410156E-1	6.621559E-5	1.490325E+2	6.983797E-5	1.491117E+2	-5.186925E-2	-1.310603E-3
7.445313E-1	5.740062E-5	1.438985E+2	7.359577E-5	1.431260E+2	-2.201263E-1	1.051542E-2
7.480469E-1	6.866163E-5	1.295618E+2	7.151614E-5	1.299105E+2	-3.993199E-2	-5.843011E-3
7.515625E-1	6.367567E-5	1.222467E+2	7.559855E-5	1.197343E+2	-1.585227E-1	3.692215E-2
7.550781E-1	6.103105E-5	1.107152E+2	6.521952E-5	1.158283E+2	-6.794484E-2	-8.339851E-2
7.585938E-1	6.903391E-5	1.014261E+2	7.220786E-5	9.962424E+1	-4.442847E-2	3.006110E-2
7.621094E-1	5.969906E-5	9.034058E+1	7.304320E-5	9.642900E+1	-1.872985E-1	-8.668661E-2
7.656250E-1	6.751931E-5	8.416875E+1	6.960330E-5	8.463271E+1	-2.997277E-2	-7.855093E-3
7.691406E-1	6.284442E-5	7.289327E+1	7.318127E-5	7.684048E+1	-1.432870E-1	-5.911406E-2
7.726563E-1	6.548956E-5	6.461665E+1	7.192513E-5	6.631795E+1	-8.987733E-2	-2.703248E-2
7.761719E-1	6.951462E-5	5.012175E+1	7.856574E-5	5.572072E+1	-1.194256E-1	-8.632509E-2
7.796875E-1	6.275987E-5	3.735627E+1	7.263311E-5	4.580774E+1	-1.453162E-1	-1.269933E-1
7.832031E-1	7.279962E-5	2.672284E+1	7.421694E-5	3.781068E+1	-3.740701E-2	-1.886411E-1
7.867188E-1	6.823905E-5	1.777176E+1	6.785092E-5	2.235863E+1	2.499245E-3	-8.042796E-2
7.902344E-1	6.987323E-5	6.757517E+0	7.656311E-5	1.478300E+1	-9.631549E-2	-1.274145E-1
7.937500E-1	7.233244E-5	3.086354E+0	7.885525E-5	5.382700E+0	-8.345540E-2	-3.675369E-2
7.972656E-1	6.809636E-5	-1.160885E+1	8.046631E-5	-1.143449E+1	-1.537322E-1	-2.575333E-3
8.007812E-1	7.650347E-5	-1.771755E+1	7.235206E-5	-1.867697E+1	5.722967E-2	1.770501E-2
8.042969E-1	7.924350E-5	-3.236683E+1	7.224311E-5	-3.545507E+1	9.530748E-2	5.909426E-2
8.078125E-1	7.221250E-5	-4.368081E+1	7.443163E-5	-3.962361E+1	-3.224571E-2	-6.864290E-2
8.113281E-1	8.096587E-5	-4.822695E+1	7.027540E-5	-4.489386E+1	1.501736E-1	-6.698508E-2
8.148438E-1	8.393126E-5	-5.779436E+1	7.558139E-5	-5.715845E+1	1.104068E-1	-1.232460E-2
8.183594E-1	1.031381E-4	-7.377815E+1	7.785846E-5	-6.932645E+1	3.206907E-1	-1.028205E-1
8.218750E-1	1.193302E-4	-9.522164E+1	7.485615E-5	-7.753622E+1	5.187865E-1	-4.842808E-1
8.253906E-1	1.240865E-4	-1.187579E+2	7.389580E-5	-8.644444E+1	4.191605E-1	-8.976227E-1
8.289063E-1	1.224186E-4	-1.400481E+2	8.240860E-5	-9.305555E+1	1.325499E-2	-1.086300E+0
8.324219E-1	1.273681E-4	-1.595592E+2	7.879554E-5	-1.096923E+2	4.190000E-2	-1.235846E+0
8.359375E-1	1.367548E-4	1.795661E+2	7.684108E-5	-1.126595E+2	-3.268170E-1	-1.647480E+0
8.394531E-1	1.383182E-4	1.513785E+2	7.233963E-5	-1.272954E+2	-7.116402E-1	-1.890198E+0
8.429688E-1	1.288029E-4	1.201437E+2	7.490761E-5	-1.349922E+2	-1.441096E+0	-1.661951E+0
8.464844E-1	1.315034E-4	9.011875E+1	7.682516E-5	-1.473624E+2	-1.920183E+0	-1.443350E+0
8.500000E-1	1.408702E-4	6.061528E+1	8.583296E-5	-1.522028E+2	-2.379269E+0	-8.894940E-1
8.535156E-1	1.496936E-4	3.133985E+1	8.637876E-5	-1.659970E+2	-2.654260E+0	-5.164120E-1
8.570313E-1	1.712379E-4	-3.181898E+0	7.604173E-5	-1.757494E+2	-3.232973E+0	2.913006E-1
8.605469E-1	1.767498E-4	-3.144128E+1	7.720874E-5	1.729481E+2	-3.084954E+0	9.453112E-1
8.640625E-1	1.974208E-4	-6.161071E+1	8.301203E-5	1.619102E+2	-2.724502E+0	1.637688E+0
8.675781E-1	2.060165E-4	-9.001981E+1	7.990583E-5	1.521331E+2	-2.204331E+0	2.279674E+0
8.710937E-1	2.130752E-4	-1.145588E+2	8.062142E-5	1.428497E+2	-1.576150E+0	2.579346E+0
8.746094E-1	2.097156E-4	-1.355566E+2	7.824963E-5	1.311006E+2	-1.156275E+0	2.675524E+0
8.781250E-1	2.198315E-4	-1.505000E+2	8.051300E-5	1.248676E+2	-7.445852E-1	2.718412E+0
8.816406E-1	2.383743E-4	-1.678652E+2	8.441759E-5	1.159347E+2	-3.264456E-1	2.742243E+0
8.851563E-1	2.619594E-4	1.761674E+2	8.065651E-5	1.036006E+2	-2.696782E-2	3.098656E+0
8.886719E-1	2.859652E-4	1.576784E+2	8.092776E-5	9.565582E+1	6.576884E-1	3.120625E+0
8.921875E-1	3.104183E-4	1.379849E+2	8.155332E-5	8.422475E+1	1.250172E+0	3.069988E+0
8.957031E-1	3.235126E-4	1.213214E+2	7.792080E-5	7.834903E+1	2.037809E+0	2.830065E+0
8.992188E-1	3.488711E-4	1.040762E+2	8.242200E-5	6.771370E+1	2.408551E+0	2.509559E+0
9.027344E-1	4.022687E-4	8.633859E+1	8.335867E-5	5.467048E+1	3.107219E+0	2.533513E+0
9.062500E-1	4.437206E-4	6.724496E+1	8.080251E-5	4.615039E+1	4.123428E+0	1.976408E+0
9.097656E-1	4.884691E-4	4.486783E+1	8.488177E-5	3.469835E+1	4.664292E+0	1.016052E+0
9.132813E-1	5.216772E-4	2.335443E+1	8.913910E-5	2.480995E+1	4.850506E+0	-1.486560E-1
9.167969E-1	5.657953E-4	2.614880E+0	8.638288E-5	1.428376E+1	5.414487E+0	-1.324743E+0
9.203125E-1	6.049767E-4	-1.986613E+1	8.312728E-5	4.503340E+0	5.629298E+0	-3.002925E+0
9.238281E-1	6.392284E-4	-4.415361E+1	8.780479E-5	-2.971653E+0	4.479172E+0	-4.793606E+0
9.273438E-1	6.622265E-4	-6.802804E+1	8.437361E-5	-1.900560E+1	4.146916E+0	-5.925535E+0
9.308594E-1	6.986388E-4	-9.617295E+1	8.590909E-5	-3.018456E+1	2.309211E+0	-7.428559E+0
9.343750E-1	6.967310E-4	-1.274436E+2	8.736381E-5	-3.607073E+1	-1.191073E+0	-7.972764E+0
9.378906E-1	6.736262E-4	-1.572814E+2	8.618995E-5	-5.030396E+1	-3.282117E+0	-7.474995E+0
9.414063E-1	6.484824E-4	1.706116E+2	8.980527E-5	-5.663556E+1	-5.901872E+0	-5.302288E+0
9.449219E-1	6.573536E-4	1.347896E+2	8.319783E-5	-6.611097E+1	-8.381206E+0	-2.818693E+0
9.484375E-1	6.499476E-4	9.795251E+1	8.506956E-5	-7.711767E+1	-8.611927E+0	6.565633E-1
9.519531E-1	6.236305E-4	5.782907E+1	8.480415E-5	-8.678365E+1	-6.995211E+0	4.258572E+0
9.554688E-1	6.612741E-4	2.141084E+1	8.397183E-5	-1.005583E+2	-5.169491E+0	6.680584E+0
9.589844E-1	6.917407E-4	-1.702892E+1	8.616426E-5	-1.070963E+2	-1.009441E+0	8.028157E+0
9.625000E-1	7.403187E-4	-5.701390E+1	8.255697E-5	-1.143713E+2	3.836971E+0	7.550986E+0
9.660156E-1	7.614196E-4	-9.160562E+1	8.899970E-5	-1.258708E+2	6.070452E+0	4.816841E+0
9.695313E-1	7.460154E-4	-1.252718E+2	8.612896E-5	-1.319644E+2	7.602587E+0	1.009445E+0
9.730469E-1	7.360139E-4	-1.573503E+2	8.611698E-5	-1.438011E+2	7.308814E+0	-2.002317E+0
9.765625E-1	7.099874E-4	1.683451E+2	9.144827E-5	-1.536070E+2	5.113971E+0	-4.784994E+0
9.800781E-1	6.335334E-4	1.333591E+2	8.868732E-5	-1.632084E+2	2.194921E+0	-6.389159E+0
9.835938E-1	5.529284E-4	9.851465E+1	8.979390E-5	-1.730153E+2	-8.355912E-1	-6.155555E+0
9.871094E-1	5.013411E-4	6.385881E+1	9.187786E-5	1.782219E+2	-3.250946E+0	-4.970691E+0
9.906250E-1	4.357625E-4	2.280559E+1	9.546091E-5	1.641388E+2	-4.564183E+0	-2.852059E+0
9.941406E-1	3.973132E-4	-2.694584E+1	8.897224E-5	1.567626E+2	-5.456236E+0	2.888310E-1
9.976563E-1	3.762525E-4	-7.825895E+1	8.645915E-5	1.478288E+2	-4.018213E+0	3.135046E+0
1.001172E+0	3.967563E-4	-1.179271E+2	9.439766E-5	1.374700E+2	-2.059661E+0	4.067258E+0
1.004687E+0	4.265678E-4	-1.602259E+2	9.493725E-5	1.256972E+2	2.326834E-1	4.320756E+0
1.008203E+0	4.309453E-4	1.627059E+2	8.748812E-5	1.147466E+2	2.298575E+0	3.658209E+0
1.011719E+0	4.065891E-4	1.250575E+2	9.017166E-5	1.031324E+2	3.182929E+0	1.683656E+0
1.015234E+0	3.700073E-4	9.606841E+1	8.604145E-5	1.001499E+2	3.289431E+0	-3.060774E-1
1.018750E+0	3.100244E-4	6.296589E+1	9.101725E-5	8.656783E+1	2.121283E+0	-1.363781E+0
1.022266E+0	2.467974E-4	4.066774E+1	8.892197E-5	7.821232E+1	1.200588E+0	-1.691292E+0
1.025781E+0	2.027840E-4	1.404670E+1	8.972438E-5	6.583138E+1	3.981254E-1	-1.775723E+0
1.029297E+0	1.377041E-4	-1.007281E+1	9.091701E-5	5.434204E+1	-3.459113E-1	-1.366097E+0
1.032813E+0	7.653026E-5	-2.884170E+1	8.673211E-5	4.718259E+1	-7.868971E-1	-8.562553E-1
1.036328E+0	3.168876E-5	-1.150768E+1	9.053136E-5	3.368811E+1	-7.533381E-1	-2.483535E-1
1.039844E+0	3.398253E-5	1.813651E+1	9.089745E-5	2.498757E+1	-6.288138E-1	-4.459680E-2
1.043359E+0	4.484962E-5	4.872292E+1	9.113942E-5	1.355355E+1	-5.977322E-1	2.834468E-1
1.046875E+0	6.490967E-5	4.171532E+1	9.463821E-5	7.269075E+0	-4.343909E-1	3.879515E-1
1.050391E+0	9.392145E-5	2.058097E+1	9.544619E-5	-4.012477E+0	-1.052420E-1	4.095284E-1
1.053906E+0	9.997530E-5	8.380412E+0	9.327255E-5	-1.300511E+1	-1.937877E-3	3.908454E-1
1.057422E+0	1.049667E-4	-4.321029E+0	9.771869E-5	-2.208432E+1	2.296110E-2	3.277141E-1
1.060938E+0	1.081233E-4	-1.726965E+1	9.441637E-5	-3.416636E+1	9.573845E-2	3.328421E-1
1.064453E+0	1.025641E-4	-3.327654E+1	9.641479E-5	-4.555162E+1	3.945975E-2	2.261653E-1
1.067969E+0	1.123969E-4	-4.210008E+1	9.674190E-5	-5.167101E+1	1.456504E-1	1.931744E-1
1.071484E+0	1.144428E-4	-5.482624E+1	9.757894E-5	-6.292291E+1	1.611319E-1	1.651847E-1
1.075000E+0	1.134308E-4	-6.743157E+1	9.982698E-5	-7.489063E+1	1.266587E-1	1.475085E-1
1.078516E+0	1.258754E-4	-8.217203E+1	9.548927E-5	-8.544646E+1	3.160630E-1	7.529445E-2
1.082031E+0	1.116921E-4	-9.124512E+1	9.968102E-5	-9.288675E+1	1.200353E-1	3.209987E-2
1.085547E+0	1.136266E-4	-1.047653E+2	9.638437E-5	-1.041975E+2	1.788324E-1	-1.168259E-2
1.089063E+0	1.150739E-4	-1.167667E+2	9.466922E-5	-1.165837E+2	2.155304E-1	-3.882360E-3
1.092578E+0	1.046106E-4	-1.286219E+2	9.820297E-5	-1.216573E+2	5.738865E-2	-1.291679E-1
1.096094E+0	1.062057E-4	-1.429163E+2	9.704666E-5	-1.348690E+2	8.360118E-2	-1.532025E-1
1.099609E+0	9.552701E-5	-1.498662E+2	9.387565E-5	-1.439021E+2	1.208291E-2	-1.057331E-1
1.103125E+0	8.747126E-5	-1.536648E+2	9.665363E-5	-1.525171E+2	-9.518440E-2	-1.812692E-2
1.106641E+0	9.458685E-5	-1.609937E+2	1.031859E-4	-1.655798E+2	-8.627039E-2	7.329384E-2
1.110156E+0	9.388595E-5	-1.702774E+2	9.766792E-5	-1.700708E+2	-3.872899E-2	-3.466214E-3
1.113672E+0	1.010667E-4	-1.756540E+2	9.933304E-5	-1.796351E+2	1.499790E-2	7.063912E-2
1.117187E+0	9.661385E-5	1.693995E+2	9.910065E-5	1.685802E+2	-2.519335E-2	1.394018E-2
1.120703E+0	9.638312E-5	1.641641E+2	1.005540E-4	1.551042E+2	-5.343727E-2	1.509354E-1
1.124219E+0	1.015322E-4	1.589486E+2	1.056876E-4	1.448671E+2	-6.818566E-2	2.337358E-1
1.127734E+0	1.074876E-4	1.476108E+2	9.730402E-5	1.370514E+2	8.595047E-2	2.024338E-1
1.131250E+0	1.196924E-4	1.404615E+2	1.001795E-4	1.255416E+2	1.544994E-1	3.076180E-1
1.134766E+0	1.281706E-4	1.257537E+2	1.063311E-4	1.149686E+2	1.840994E-1	2.255599E-1
1.138281E+0	1.489018E-4	1.111584E+2	9.675941E-5	1.114985E+2	5.388599E-1	-9.134572E-3
1.141797E+0	1.660709E-4	9.505509E+1	9.490654E-5	9.460824E+1	7.497830E-1	1.364684E-2
1.145313E+0	1.686863E-4	7.199064E+1	1.031002E-4	8.783636E+1	5.739668E-1	-4.467446E-1
1.148828E+0	1.698467E-4	4.610418E+1	1.066764E-4	7.684563E+1	3.684404E-1	-8.138601E-1
1.152344E+0	1.550771E-4	1.301706E+1	1.007153E-4	6.636876E+1	-8.091677E-2	-1.235370E+0
1.155859E+0	1.208193E-4	-3.593975E+1	1.012934E-4	5.564301E+1	-1.032945E+0	-1.192311E+0
1.159375E+0	1.281504E-4	-1.187175E+2	9.608358E-5	5.028135E+1	-2.309229E+0	-2.545156E-1
1.162891E+0	2.131005E-4	1.580558E+2	9.931695E-5	3.755036E+1	-2.089181E+0	1.848661E+0
1.166406E+0	2.982937E-4	1.000414E+2	1.055499E-4	2.989984E+1	-3.998394E-2	2.658038E+0
1.169922E+0	3.556897E-4	5.576829E+1	1.075228E-4	1.998170E+1	1.683484E+0	1.934435E+0
1.173438E+0	3.734669E-4	2.060242E+1	9.604138E-5	7.616604E+0	2.789156E+0	8.738076E-1
1.176953E+0	3.910308E-4	-1.430393E+1	1.071397E-4	8.969794E-1	2.522033E+0	-9.569752E-1
1.180469E+0	3.758616E-4	-5.632060E+1	1.026496E-4	-9.635245E+0	1.511872E+0	-2.664170E+0
1.183984E+0	3.133978E-4	-1.007747E+2	9.842201E-5	-2.001657E+1	-4.886055E-1	-3.142891E+0
1.187500E+0	2.278582E-4	-1.597418E+2	1.031856E-4	-3.210266E+1	-2.348540E+0	-1.748642E+0
1.191016E+0	1.780806E-4	1.137993E+2	1.063148E-4	-4.373628E+1	-2.547925E+0	6.400455E-1
1.194531E+0	2.099695E-4	3.248161E+1	1.048947E-4	-5.033533E+1	-7.497055E-1	1.986007E+0
1.198047E+0	2.313693E-4	-2.580499E+1	1.078439E-4	-6.178091E+1	7.362024E-1	1.260310E+0
1.201563E+0	2.100058E-4	-6.088914E+1	1.102841E-4	-7.064314E+1	8.766985E-1	3.226107E-1
1.205078E+0	1.790949E-4	-8.623109E+1	1.091293E-4	-8.239620E+1	6.374511E-1	-1.097609E-1
1.208594E+0	1.553558E-4	-1.055491E+2	1.107957E-4	-9.448033E+1	3.760984E-1	-2.692009E-1
1.212109E+0	1.260493E-4	-1.218575E+2	1.072645E-4	-1.039407E+2	1.181373E-1	-3.615106E-1
1.215625E+0	1.055700E-4	-1.299922E+2	1.140044E-4	-1.114871E+2	-1.218624E-1	-2.939076E-1
1.219141E+0	9.571887E-5	-1.337812E+2	1.062633E-4	-1.229359E+2	-1.153181E-1	-1.694871E-1
1.222656E+0	9.212943E-5	-1.380898E+2	1.073573E-4	-1.312479E+2	-1.479541E-1	-1.022323E-1
1.226172E+0	8.944090E-5	-1.424493E+2	1.065738E-4	-1.433051E+2	-1.608545E-1	1.253485E-2
1.229688E+0	9.063477E-5	-1.475497E+2	1.059909E-4	-1.537709E+2	-1.499174E-1	9.266678E-2
1.233203E+0	9.336264E-5	-1.537097E+2	1.062859E-4	-1.620275E+2	-1.308297E-1	1.270740E-1
1.236719E+0	1.026914E-4	-1.650284E+2	1.111760E-4	-1.720655E+2	-8.327491E-2	1.131623E-1
1.240234E+0	1.077154E-4	-1.717771E+2	1.157344E-4	1.768047E+2	-8.770829E-2	1.842519E-1
1.243750E+0	1.133231E-4	-1.791966E+2	1.088542E-4	1.682126E+2	1.601850E-2	2.269358E-1
1.247266E+0	1.223500E-4	1.676598E+2	1.115795E-4	1.569951E+2	7.758727E-2	2.029247E-1
1.250781E+0	1.259231E-4	1.566486E+2	1.104526E-4	1.512889E+2	1.350801E-1	1.064912E-1
1.254297E+0	1.315571E-4	1.471649E+2	1.088580E-4	1.407069E+2	2.008517E-1	1.359281E-1
1.257812E+0	1.302578E-4	1.314154E+2	1.080998E-4	1.292711E+2	2.041335E-1	4.508586E-2
1.261328E+0	1.400722E-4	1.190079E+2	1.078382E-4	1.167616E+2	2.979127E-1	5.091118E-2
1.264844E+0	1.340359E-4	1.073188E+2	1.109994E-4	1.076905E+2	2.075117E-1	-7.833708E-3
1.268359E+0	1.333097E-4	9.429922E+1	1.111682E-4	9.896296E+1	1.952008E-1	-9.750193E-2
1.271875E+0	1.276218E-4	7.922733E+1	1.110739E-4	9.159485E+1	1.223176E-1	-2.460906E-1
1.275391E+0	1.251689E-4	6.878972E+1	1.098018E-4	7.750323E+1	1.267960E-1	-1.726959E-1
1.278906E+0	1.014760E-4	5.588077E+1	1.133882E-4	7.015277E+1	-1.326780E-1	-2.206263E-1
1.282422E+0	9.723610E-5	4.786779E+1	1.093713E-4	5.903801E+1	-1.277963E-1	-1.722299E-1
1.285938E+0	8.443752E-5	4.555750E+1	1.128928E-4	4.833958E+1	-2.529373E-1	-3.630325E-2
1.289453E+0	7.658395E-5	3.982696E+1	1.108243E-4	3.834442E+1	-3.091920E-1	1.787879E-2
1.292969E+0	8.096049E-5	4.436061E+1	1.084626E-4	2.948331E+1	-2.785852E-1	1.916476E-1
1.296484E+0	9.338642E-5	4.060542E+1	1.069553E-4	2.117560E+1	-1.765903E-1	2.904501E-1
1.300000E+0	1.203121E-4	3.872018E+1	1.125963E-4	9.905095E+0	-6.377889E-2	5.150129E-1
1.303516E+0	1.747255E-4	2.532659E+1	1.120045E-4	3.857723E+0	4.517492E-1	5.709482E-1
1.307031E+0	2.395483E-4	-2.392565E+0	1.158577E-4	-7.927267E+0	1.057969E+0	1.994179E-1
1.310547E+0	2.740524E-4	-4.361285E+1	1.122434E-4	-1.869624E+1	1.214332E+0	-1.028639E+0
1.314063E+0	2.280474E-4	-9.789659E+1	1.163327E-4	-2.802396E+1	-3.254434E-1	-1.840588E+0
1.317578E+0	1.271543E-4	-1.751040E+2	1.167162E-4	-4.029068E+1	-1.767830E+0	-7.728502E-1
1.321094E+0	1.390989E-4	7.357450E+1	1.186598E-4	-5.054346E+1	-1.657513E+0	9.704873E-1
1.324609E+0	2.473397E-4	5.461010E+0	1.203034E-4	-5.983658E+1	-1.408009E-1	1.867826E+0
1.328125E+0	3.246433E-4	-4.469795E+1	1.238201E-4	-7.150032E+1	1.340217E+0	1.182250E+0
1.331641E+0	3.216289E-4	-9.208292E+1	1.215243E-4	-8.097672E+1	1.597056E+0	-5.098139E-1
1.335156E+0	2.325179E-4	-1.370444E+2	1.237657E-4	-9.206159E+1	3.288359E-1	-1.328039E+0
1.338672E+0	8.346978E-5	-1.680827E+2	1.176419E-4	-1.023514E+2	-7.083739E-1	-6.468221E-1
1.342188E+0	5.788794E-5	-1.004930E+2	1.191561E-4	-1.113795E+2	-5.229271E-1	9.175319E-2
1.345703E+0	9.701964E-5	-1.035396E+2	1.198870E-4	-1.177290E+2	-2.154309E-1	1.983721E-1
1.349219E+0	1.176774E-4	-1.189000E+2	1.202566E-4	-1.324305E+2	-4.860669E-2	2.289450E-1
1.352734E+0	1.247859E-4	-1.314898E+2	1.208204E-4	-1.415188E+2	1.703966E-2	1.798624E-1
1.356250E+0	1.330107E-4	-1.471812E+2	1.151110E-4	-1.485828E+2	1.551538E-1	2.826363E-2
1.359766E+0	1.315413E-4	-1.575380E+2	1.173270E-4	-1.622410E+2	1.173763E-1	9.192396E-2
1.363281E+0	1.295161E-4	-1.673930E+2	1.218873E-4	-1.689707E+2	6.218614E-2	2.925582E-2
1.366797E+0	1.275786E-4	-1.771785E+2	1.191376E-4	-1.774044E+2	7.084252E-2	4.222031E-3
1.370313E+0	1.283281E-4	1.707917E+2	1.198785E-4	1.693439E+2	7.014296E-2	2.704707E-2
1.373828E+0	1.265529E-4	1.594017E+2	1.165214E-4	1.602500E+2	8.597244E-2	-1.607968E-2
1.377344E+0	1.284777E-4	1.489396E+2	1.280824E-4	1.524728E+2	1.179685E-3	-6.181710E-2
1.380859E+0	1.208669E-4	1.389409E+2	1.207174E-4	1.420573E+2	-2.422516E-4	-5.443195E-2
1.384375E+0	1.258472E-4	1.319139E+2	1.189410E-4	1.312816E+2	5.799965E-2	1.167626E-2
1.387891E+0	1.261057E-4	1.202511E+2	1.222573E-4	1.202542E+2	3.147787E-2	-5.580832E-5
1.391406E+0	1.201122E-4	1.108672E+2	1.167330E-4	1.098775E+2	2.879461E-2	1.777268E-2
1.394922E+0	1.278199E-4	1.011504E+2	1.241693E-4	9.789994E+1	2.774410E-2	5.836782E-2
1.398437E+0	1.207989E-4	9.012319E+1	1.213972E-4	8.901167E+1	-5.115690E-3	1.930286E-2
1.401953E+0	1.285726E-4	8.211767E+1	1.277763E-4	7.897314E+1	4.716941E-3	5.519671E-2
1.405469E+0	1.308024E-4	7.295933E+1	1.217561E-4	6.968847E+1	7.254847E-2	6.129547E-2
1.408984E+0	1.296424E-4	6.131014E+1	1.203718E-4	6.005669E+1	7.675866E-2	2.355982E-2
1.412500E+0	1.338544E-4	5.015561E+1	1.197492E-4	5.077880E+1	1.177234E-1	-1.215764E-2
1.416016E+0	1.268710E-4	3.696179E+1	1.203244E-4	4.275323E+1	4.902600E-2	-1.063978E-1
1.419531E+0	1.282242E-4	2.781981E+1	1.242938E-4	3.157656E+1	2.940511E-2	-6.759257E-2
1.423047E+0	1.232486E-4	1.955515E+1	1.198198E-4	2.116511E+1	2.821026E-2	-2.889939E-2
1.426563E+0	1.165928E-4	8.185587E+0	1.115548E-4	1.304070E+1	4.141152E-2	-8.845865E-2
1.430078E+0	1.105270E-4	-4.521458E+0	1.224104E-4	4.556648E+0	-1.083882E-1	-1.424636E-1
1.433594E+0	8.823410E-5	-6.949531E+0	1.292200E-4	-5.569184E+0	-3.173774E-1	-1.644865E-2
1.437109E+0	1.037581E-4	8.941993E+0	1.224070E-4	-1.726043E+1	-2.394562E-1	3.742739E-1
1.440625E+0	1.759222E-4	-1.294297E+0	1.252744E-4	-2.581462E+1	2.776473E-1	5.828048E-1
1.444141E+0	2.276819E-4	-3.637602E+1	1.287916E-4	-3.540112E+1	7.675760E-1	-3.007859E-2
1.447656E+0	2.004744E-4	-7.425423E+1	1.347702E-4	-4.480884E+1	2.953757E-1	-7.312593E-1
1.451172E+0	1.104888E-4	-1.093566E+2	1.328061E-4	-5.465221E+1	-5.193000E-1	-6.790272E-1
1.454688E+0	3.092576E-5	-3.635175E+1	1.329443E-4	-6.757319E+1	-8.010686E-1	1.205789E-1
1.458203E+0	1.525829E-4	-3.913208E+1	1.304689E-4	-7.789273E+1	-8.806404E-2	7.321847E-1
1.461719E+0	1.945784E-4	-7.928796E+1	1.351240E-4	-9.152208E+1	4.072963E-1	3.051456E-1
1.465234E+0	1.664330E-4	-1.044128E+2	1.378381E-4	-1.001320E+2	2.040843E-1	-9.012979E-2
1.468750E+0	1.443712E-4	-1.188860E+2	1.310599E-4	-1.119494E+2	9.350351E-2	-1.330373E-1
1.472266E+0	1.302096E-4	-1.244474E+2	1.311642E-4	-1.218189E+2	-8.322362E-3	-4.552613E-2
1.475781E+0	1.247742E-4	-1.312821E+2	1.345257E-4	-1.300659E+2	-7.269696E-2	-1.968654E-2
1.479297E+0	1.192928E-4	-1.379183E+2	1.268149E-4	-1.400548E+2	-5.996950E-2	3.506901E-2
1.482813E+0	1.268632E-4	-1.477969E+2	1.290505E-4	-1.508824E+2	-1.837428E-2	5.291380E-2
1.486328E+0	1.261144E-4	-1.557949E+2	1.312438E-4	-1.594165E+2	-4.100195E-2	6.069802E-2
1.489844E+0	1.308350E-4	-1.666987E+2	1.285912E-4	-1.697475E+2	1.600899E-2	5.411455E-2
1.493359E+0	1.280737E-4	-1.759483E+2	1.280056E-4	-1.783708E+2	-3.621589E-4	4.229049E-2
1.496875E+0	1.312023E-4	1.743185E+2	1.262553E-4	1.713636E+2	3.780084E-2	5.356973E-2
1.500391E+0	1.362283E-4	1.649331E+2	1.255031E-4	1.616701E+2	8.369789E-2	6.178350E-2
1.503906E+0	1.364554E-4	1.542831E+2	1.312844E-4	1.504213E+2	3.702774E-2	7.000287E-2
1.507422E+0	1.374707E-4	1.416358E+2	1.238345E-4	1.427731E+2	1.098976E-1	-2.203395E-2
1.510938E+0	1.324142E-4	1.317213E+2	1.250842E-4	1.311604E+2	5.854980E-2	1.036306E-2
1.514453E+0	1.321907E-4	1.234270E+2	1.267766E-4	1.220699E+2	4.241335E-2	2.469508E-2
1.517969E+0	1.298095E-4	1.133857E+2	1.286415E-4	1.103285E+2	7.643363E-3	5.381713E-2
1.521484E+0	1.353355E-4	1.018696E+2	1.272143E-4	1.048400E+2	6.240940E-2	-5.512817E-2
1.525000E+0	1.301873E-4	9.244416E+1	1.324203E-4	9.284289E+1	-1.688678E-2	-6.841744E-3
1.528516E+0	1.329942E-4	8.350970E+1	1.341291E-4	8.280285E+1	-8.536705E-3	1.223216E-2
1.532031E+0	1.338606E-4	7.209332E+1	1.363086E-4	7.549487E+1	-1.968938E-2	-5.826780E-2
1.535547E+0	1.348504E-4	6.250191E+1	1.349320E-4	6.421995E+1	-1.054007E-3	-2.996283E-2
1.539062E+0	1.350714E-4	5.563344E+1	1.347553E-4	5.332746E+1	1.534035E-3	4.033046E-2
1.542578E+0	1.443955E-4	4.228873E+1	1.326458E-4	4.407426E+1	8.805096E-2	-3.391832E-2
1.546094E+0	1.395232E-4	2.763807E+1	1.329751E-4	3.228827E+1	4.578919E-2	-8.506447E-2
1.549609E+0	1.231422E-4	1.394054E+1	1.333642E-4	2.167600E+1	-8.504969E-2	-1.242828E-1
1.553125E+0	1.030379E-4	1.251137E+1	1.319019E-4	1.323161E+1	-2.188910E-1	-9.819494E-3
1.556641E+0	1.135575E-4	2.019501E+1	1.299149E-4	3.901282E+0	-1.610156E-1	2.452365E-1
1.560156E+0	1.619345E-4	6.620727E+0	1.317741E-4	-5.124477E+0	2.031499E-1	2.501505E-1
1.563672E+0	1.719469E-4	-1.745332E+1	1.385228E-4	-1.339340E+1	2.381746E-1	-8.788291E-2
1.567188E+0	1.445707E-4	-3.602023E+1	1.416320E-4	-2.294978E+1	-5.695972E-3	-2.308413E-1
1.570703E+0	1.164825E-4	-3.844983E+1	1.380728E-4	-3.538240E+1	-1.575777E-1	-4.514369E-2
1.574219E+0	1.369988E-4	-3.899254E+1	1.365632E-4	-4.415454E+1	-8.789153E-4	9.025905E-2
1.577734E+0	1.435476E-4	-5.112661E+1	1.473339E-4	-5.408251E+1	-2.699506E-2	5.024209E-2
1.581250E+0	1.480933E-4	-6.296243E+1	1.409609E-4	-6.591017E+1	4.920833E-2	5.402710E-2
1.584766E+0	1.466521E-4	-7.432351E+1	1.455971E-4	-7.817179E+1	4.974954E-3	6.760098E-2
1.588281E+0	1.510896E-4	-8.581447E+1	1.428138E-4	-8.366193E+1	5.720166E-2	-3.973661E-2
1.591797E+0	1.507711E-4	-9.594633E+1	1.464662E-4	-9.875337E+1	2.815663E-2	5.041188E-2
1.595313E+0	1.379678E-4	-1.078982E+2	1.406667E-4	-1.085146E+2	-1.924325E-2	1.055159E-2
1.598828E+0	1.458642E-4	-1.162905E+2	1.406737E-4	-1.185983E+2	3.605644E-2	4.175360E-2
1.602344E+0	1.485931E-4	-1.279200E+2	1.445208E-4	-1.278113E+2	2.817610E-2	-1.950630E-3
1.605859E+0	1.438639E-4	-1.372834E+2	1.408331E-4	-1.367091E+2	2.146919E-2	-1.023896E-2
1.609375E+0	1.435018E-4	-1.503190E+2	1.380874E-4	-1.495835E+2	3.912433E-2	-1.333986E-2
1.612891E+0	1.428539E-4	-1.574753E+2	1.403439E-4	-1.580336E+2	1.783632E-2	9.918287E-3
1.616406E+0	1.435643E-4	-1.685391E+2	1.414489E-4	-1.670734E+2	1.462315E-2	-2.596103E-2
1.619922E+0	1.397067E-4	-1.786787E+2	1.392792E-4	-1.781867E+2	3.032393E-3	-8.613271E-3
1.623438E+0	1.389546E-4	1.731578E+2	1.369057E-4	1.725943E+2	1.491669E-2	9.981957E-3
1.626953E+0	1.426336E-4	1.636369E+2	1.386719E-4	1.630722E+2	2.851892E-2	1.013728E-2
1.630469E+0	1.423731E-4	1.541471E+2	1.316448E-4	1.551497E+2	8.132872E-2	-1.892375E-2
1.633984E+0	1.392837E-4	1.429971E+2	1.364490E-4	1.437563E+2	2.068518E-2	-1.352542E-2
1.637500E+0	1.364960E-4	1.343050E+2	1.394158E-4	1.357705E+2	-2.126335E-2	-2.503939E-2
1.641016E+0	1.398064E-4	1.253646E+2	1.372549E-4	1.275969E+2	1.781651E-2	-3.967521E-2
1.644531E+0	1.407054E-4	1.164857E+2	1.410842E-4	1.161019E+2	-2.707297E-3	6.680539E-3
1.648047E+0	1.466686E-4	1.054629E+2	1.411412E-4	1.054377E+2	3.916210E-2	4.570474E-4
1.651563E+0	1.552797E-4	9.326198E+1	1.464875E-4	9.488453E+1	5.959512E-2	-3.001453E-2
1.655078E+0	1.448443E-4	8.449543E+1	1.479897E-4	8.458141E+1	-2.125528E-2	-1.468739E-3
1.658594E+0	1.469696E-4	7.246134E+1	1.452660E-4	7.332320E+1	1.161299E-2	-1.521813E-2
1.662109E+0	1.506378E-4	6.387298E+1	1.434027E-4	6.532004E+1	5.011802E-2	-2.652738E-2
1.665625E+0	1.494974E-4	5.523737E+1	1.506973E-4	5.330204E+1	-8.528196E-3	3.350256E-2
1.669141E+0	1.539275E-4	4.447054E+1	1.428971E-4	4.412205E+1	7.717128E-2	6.551757E-3
1.672656E+0	1.436394E-4	3.456823E+1	1.442200E-4	3.177295E+1	-5.210846E-3	4.857116E-2
1.676172E+0	1.394889E-4	2.378007E+1	1.448862E-4	2.058116E+1	-3.875212E-2	5.372376E-2
1.679687E+0	1.434577E-4	1.182449E+1	1.466909E-4	1.421639E+1	-2.289296E-2	-4.081454E-2
1.683203E+0	1.416639E-4	3.513319E+0	1.415460E-4	3.705299E+0	8.273266E-4	-3.353468E-3
1.686719E+0	1.441590E-4	-7.327901E+0	1.367065E-4	-7.529060E+0	5.450810E-2	3.702274E-3
1.690234E+0	1.457784E-4	-1.341400E+1	1.412663E-4	-1.636223E+1	3.057452E-2	5.307643E-2
1.693750E+0	1.424499E-4	-2.470763E+1	1.434625E-4	-2.267051E+1	-7.685823E-3	-3.529606E-2
1.697266E+0	1.442543E-4	-3.502351E+1	1.429893E-4	-3.572253E+1	8.771736E-3	1.230783E-2
1.700781E+0	1.450559E-4	-4.329948E+1	1.394928E-4	-4.406801E+1	3.978737E-2	1.394790E-2
1.704297E+0	1.494083E-4	-5.237605E+1	1.416675E-4	-5.366486E+1	5.437382E-2	2.372106E-2
1.707813E+0	1.513434E-4	-6.171334E+1	1.446201E-4	-6.242611E+1	4.640841E-2	1.301818E-2
1.711328E+0	1.483529E-4	-7.224733E+1	1.504079E-4	-7.434871E+1	-1.432615E-2	3.616679E-2
1.714844E+0	1.563564E-4	-8.378421E+1	1.527605E-4	-8.157148E+1	2.277627E-2	-3.951868E-2
1.718359E+0	1.566685E-4	-9.422483E+1	1.598388E-4	-9.392989E+1	-1.984734E-2	-5.045551E-3
1.721875E+0	1.589179E-4	-1.038008E+2	1.558864E-4	-1.031577E+2	1.938264E-2	-1.144225E-2
1.725391E+0	1.636040E-4	-1.143460E+2	1.577520E-4	-1.178768E+2	3.512762E-2	6.386966E-2
1.728906E+0	1.579178E-4	-1.269374E+2	1.600363E-4	-1.265009E+2	-1.326626E-2	-7.517440E-3
1.732422E+0	1.609952E-4	-1.368053E+2	1.564536E-4	-1.349241E+2	2.847381E-2	-3.378016E-2
1.735938E+0	1.572048E-4	-1.475362E+2	1.566101E-4	-1.470556E+2	3.762015E-3	-8.419806E-3
1.739453E+0	1.574802E-4	-1.584911E+2	1.519733E-4	-1.585426E+2	3.623555E-2	9.314149E-4
1.742969E+0	1.551993E-4	-1.677470E+2	1.549051E-4	-1.685995E+2	1.788328E-3	1.490664E-2
1.746484E+0	1.546498E-4	-1.767499E+2	1.564943E-4	1.798883E+2	-1.348694E-2	5.794966E-2
1.750000E+0	1.518709E-4	1.715650E+2	1.467319E-4	1.696769E+2	3.446112E-2	3.410152E-2
1.753516E+0	1.515075E-4	1.619229E+2	1.453840E-4	1.610459E+2	4.199741E-2	1.595062E-2
1.757031E+0	1.499077E-4	1.524068E+2	1.457651E-4	1.522330E+2	2.841497E-2	3.119585E-3
1.760547E+0	1.443575E-4	1.457128E+2	1.415224E-4	1.415539E+2	1.734688E-2	7.397561E-2
1.764063E+0	1.398188E-4	1.347112E+2	1.414479E-4	1.344400E+2	-1.152839E-2	4.678800E-3
1.767578E+0	1.469901E-4	1.269118E+2	1.378825E-4	1.254031E+2	6.568378E-2	2.806784E-2
1.771094E+0	1.447579E-4	1.160182E+2	1.464283E-4	1.161894E+2	-1.141204E-2	-2.953913E-3
1.774609E+0	1.487718E-4	1.083872E+2	1.481329E-4	1.049319E+2	2.487301E-3	6.052976E-2
1.778125E+0	1.509264E-4	9.746217E+1	1.395656E-4	9.772466E+1	8.138980E-2	-4.954222E-3
1.781641E+0	1.474869E-4	8.815873E+1	1.505739E-4	8.833224E+1	-2.050605E-2	-2.966231E-3
1.785156E+0	1.462391E-4	7.754676E+1	1.473694E-4	7.831635E+1	-7.759356E-3	-1.332846E-2
1.788672E+0	1.488875E-4	6.858475E+1	1.530144E-4	7.036219E+1	-2.743884E-2	-3.018065E-2
1.792188E+0	1.515435E-4	5.860871E+1	1.523144E-4	5.925119E+1	-5.123793E-3	-1.115640E-2
1.795703E+0	1.539432E-4	5.086702E+1	1.501802E-4	4.826084E+1	2.399632E-2	4.661008E-2
1.799219E+0	1.575865E-4	3.797222E+1	1.486519E-4	3.803795E+1	6.010348E-2	-1.216156E-3
1.802734E+0	1.564291E-4	2.825451E+1	1.541861E-4	2.646076E+1	1.405021E-2	3.175709E-2
1.806250E+0	1.555684E-4	1.676802E+1	1.526067E-4	1.868634E+1	1.883609E-2	-3.412440E-2
1.809766E+0	1.540916E-4	8.705835E+0	1.595404E-4	7.771701E+0	-3.428147E-2	1.574619E-2
1.813281E+0	1.587772E-4	-4.249490E+0	1.527443E-4	-5.407085E+0	3.928458E-2	2.100040E-2
1.816797E+0	1.657944E-4	-1.307959E+1	1.626942E-4	-1.586199E+1	1.785401E-2	4.946796E-2
1.820313E+0	1.547912E-4	-2.024900E+1	1.545574E-4	-2.159031E+1	1.238284E-3	2.344355E-2
1.823828E+0	1.600156E-4	-3.363433E+1	1.541351E-4	-3.317901E+1	3.811881E-2	-8.249931E-3
1.827344E+0	1.584822E-4	-4.389721E+1	1.611716E-4	-4.282322E+1	-1.685931E-2	-1.843080E-2
1.830859E+0	1.571839E-4	-5.299880E+1	1.492452E-4	-5.354134E+1	5.314511E-2	9.972644E-3
1.834375E+0	1.564817E-4	-6.243288E+1	1.573504E-4	-6.363833E+1	-5.740891E-3	2.092138E-2
1.837891E+0	1.600198E-4	-7.096262E+1	1.605350E-4	-7.195190E+1	-3.357848E-3	1.720993E-2
1.841406E+0	1.561567E-4	-8.358288E+1	1.542839E-4	-8.148467E+1	1.146006E-2	-3.705691E-2
1.844922E+0	1.577889E-4	-9.201460E+1	1.496030E-4	-9.340972E+1	5.440483E-2	2.567924E-2
1.848438E+0	1.579664E-4	-1.015865E+2	1.527637E-4	-1.038844E+2	3.322565E-2	4.146070E-2
1.851953E+0	1.582107E-4	-1.137524E+2	1.594026E-4	-1.118546E+2	-8.021704E-3	-3.286918E-2
1.855469E+0	1.592136E-4	-1.219172E+2	1.566172E-4	-1.227573E+2	1.646873E-2	1.490505E-2
1.858984E+0	1.595327E-4	-1.340644E+2	1.586812E-4	-1.316469E+2	4.471323E-3	-4.240716E-2
1.862500E+0	1.533095E-4	-1.431580E+2	1.561936E-4	-1.427002E+2	-1.849624E-2	-7.842497E-3
1.866016E+0	1.643357E-4	-1.508625E+2	1.547814E-4	-1.526670E+2	6.120118E-2	3.343302E-2
1.869531E+0	1.618162E-4	-1.633228E+2	1.582288E-4	-1.620943E+2	2.243716E-2	-2.192581E-2
1.873047E+0	1.566001E-4	-1.712331E+2	1.527798E-4	-1.716209E+2	2.498179E-2	6.937579E-3
1.876563E+0	1.618274E-4	1.766459E+2	1.553037E-4	1.783495E+2	4.154551E-2	-3.097785E-2
1.880078E+0	1.571043E-4	1.678426E+2	1.519405E-4	1.673058E+2	3.394029E-2	9.687195E-3
1.883594E+0	1.573412E-4	1.570271E+2	1.559124E-4	1.590276E+2	8.549057E-3	-3.522812E-2
1.887109E+0	1.623217E-4	1.470241E+2	1.588042E-4	1.488239E+2	2.164566E-2	-3.210294E-2
1.890625E+0	1.658550E-4	1.394403E+2	1.602943E-4	1.408280E+2	3.438710E-2	-2.505769E-2
1.894141E+0	1.584796E-4	1.312475E+2	1.572241E-4	1.278195E+2	6.181855E-3	6.027168E-2
1.897656E+0	1.629884E-4	1.183147E+2	1.522918E-4	1.187757E+2	7.020289E-2	-8.611004E-3
1.901172E+0	1.577349E-4	1.097222E+2	1.588497E-4	1.114441E+2	-7.466338E-3	-2.983742E-2
1.904688E+0	1.604562E-4	1.017889E+2	1.627387E-4	1.009057E+2	-1.414269E-2	1.519795E-2
1.908203E+0	1.635319E-4	9.076212E+1	1.593422E-4	8.960059E+1	2.608284E-2	2.080414E-2
1.911719E+0	1.598072E-4	8.170276E+1	1.663275E-4	8.091125E+1	-3.929325E-2	1.327248E-2
1.915234E+0	1.574921E-4	6.913566E+1	1.699909E-4	6.961067E+1	-7.355813E-2	-7.680832E-3
1.918750E+0	1.661102E-4	6.011116E+1	1.625220E-4	5.915306E+1	2.193535E-2	1.709040E-2
1.922266E+0	1.613642E-4	5.136468E+1	1.621610E-4	5.198458E+1	-4.971876E-3	-1.076592E-2
1.925781E+0	1.689799E-4	4.004649E+1	1.655713E-4	4.082768E+1	2.049204E-2	-1.391460E-2
1.929297E+0	1.636586E-4	3.078656E+1	1.621754E-4	3.038735E+1	9.121158E-3	7.031195E-3
1.932813E+0	1.653197E-4	1.886826E+1	1.654654E-4	2.158624E+1	-2.004513E-3	-4.737815E-2
1.936328E+0	1.594697E-4	1.244654E+1	1.633911E-4	1.142539E+1	-2.415509E-2	1.739377E-2
1.939844E+0	1.647085E-4	9.063234E-1	1.631260E-4	2.180948E+0	9.451249E-3	-2.246036E-2
1.943359E+0	1.621162E-4	-7.084720E+0	1.624572E-4	-7.424459E+0	-2.116557E-3	5.917083E-3
1.946875E+0	1.692388E-4	-1.773472E+1	1.596074E-4	-1.800263E+1	6.033273E-2	4.958058E-3
1.950391E+0	1.644116E-4	-2.734702E+1	1.607068E-4	-2.493235E+1	2.214477E-2	-4.310273E-2
1.953906E+0	1.676074E-4	-3.489207E+1	1.639208E-4	-3.590201E+1	2.233129E-2	1.802227E-2
1.957422E+0	1.647446E-4	-4.360262E+1	1.621799E-4	-4.515759E+1	1.543985E-2	2.756514E-2
1.960938E+0	1.716969E-4	-5.684790E+1	1.719285E-4	-5.498748E+1	-1.873480E-3	-3.242102E-2
1.964453E+0	1.714890E-4	-6.449907E+1	1.657893E-4	-6.322181E+1	3.412217E-2	-2.305688E-2
1.967969E+0	1.689967E-4	-7.360468E+1	1.741087E-4	-7.451783E+1	-2.948424E-2	1.546888E-2
1.971484E+0	1.817974E-4	-8.315405E+1	1.769921E-4	-8.263807E+1	2.710815E-2	-9.249924E-3
1.975000E+0	1.869029E-4	-9.333773E+1	1.825332E-4	-9.434466E+1	2.378109E-2	1.799403E-2
1.978516E+0	1.912837E-4	-1.053953E+2	1.856664E-4	-1.040006E+2	2.994958E-2	-2.507610E-2
1.982031E+0	1.950172E-4	-1.134656E+2	1.924154E-4	-1.143264E+2	1.340741E-2	1.522637E-2
1.985547E+0	1.945631E-4	-1.244674E+2	1.908592E-4	-1.243800E+2	1.940527E-2	-1.555020E-3
1.989063E+0	1.992035E-4	-1.358046E+2	1.988918E-4	-1.366624E+2	1.454938E-3	1.499434E-2
1.992578E+0	1.946710E-4	-1.459563E+2	1.980741E-4	-1.467047E+2	-1.726479E-2	1.283726E-2
1.996094E+0	2.014322E-4	-1.567603E+2	1.987931E-4	-1.589331E+2	1.254709E-2	3.841675E-2
1.999609E+0	2.068064E-4	-1.684195E+2	2.011949E-4	-1.700658E+2	2.746658E-2	2.953069E-2
2.003125E+0	2.008963E-4	-1.796890E+2	1.916071E-4	1.798872E+2	4.845178E-2	7.755230E-3
2.006641E+0	1.963367E-4	1.692579E+2	1.992677E-4	1.689441E+2	-1.472363E-2	5.396258E-3
2.010156E+0	2.014321E-4	1.594204E+2	1.997239E-4	1.587169E+2	8.476784E-3	1.238309E-2
2.013672E+0	1.858478E-4	1.500207E+2	1.924907E-4	1.505003E+2	-3.454406E-2	-8.081633E-3
2.017187E+0	2.012196E-4	1.399480E+2	1.895347E-4	1.385960E+2	6.135490E-2	2.504928E-2
2.020703E+0	1.880783E-4	1.262808E+2	1.908969E-4	1.282824E+2	-1.536618E-2	-3.441170E-2
2.024219E+0	1.793657E-4	1.191877E+2	1.927978E-4	1.171980E+2	-7.023027E-2	3.230093E-2
2.027734E+0	1.938242E-4	1.071833E+2	1.904778E-4	1.072588E+2	1.756757E-2	-1.340874E-3
2.031250E+0	1.928974E-4	1.006052E+2	1.875438E-4	9.917612E+1	2.822595E-2	2.565149E-2
2.034766E+0	1.812993E-4	8.991965E+1	1.924588E-4	8.926466E+1	-5.804539E-2	1.076864E-2
2.038281E+0	1.966707E-4	7.929571E+1	1.885599E-4	8.081872E+1	4.264598E-2	-2.772166E-2
2.041797E+0	1.927614E-4	7.306452E+1	1.902723E-4	6.899684E+1	1.052978E-2	7.186274E-2
2.045313E+0	1.898332E-4	5.952482E+1	1.974952E-4	6.022014E+1	-3.886666E-2	-1.166452E-2
2.048828E+0	1.901569E-4	5.146479E+1	1.971939E-4	5.111745E+1	-3.570341E-2	5.845856E-3
2.052344E+0	1.986608E-4	4.313429E+1	1.967018E-4	4.118652E+1	9.375709E-3	3.432695E-2
2.055859E+0	1.904278E-4	3.079731E+1	1.968814E-4	2.983034E+1	-3.291687E-2	1.632283E-2
2.059375E+0	2.033431E-4	2.102641E+1	1.975796E-4	2.102621E+1	2.917052E-2	3.592483E-6
2.062891E+0	1.934638E-4	1.073749E+1	2.042059E-4	1.056377E+1	-5.260861E-2	2.872486E-3
2.066406E+0	2.028365E-4	-4.598909E-1	1.980549E-4	-4.415879E-1	2.414275E-2	-3.271600E-4
2.069922E+0	2.006611E-4	-7.834889E+0	1.982587E-4	-9.005083E+0	1.190642E-2	2.066979E-2
2.073438E+0	1.998300E-4	-2.057201E+1	2.022557E-4	-2.074804E+1	-1.199790E-2	3.035451E-3
2.076953E+0	2.034949E-4	-3.178374E+1	2.050450E-4	-3.098328E+1	-7.656654E-3	-1.386460E-2
2.080469E+0	2.051462E-4	-4.402416E+1	2.034957E-4	-4.368185E+1	8.092745E-3	-6.022858E-3
2.083984E+0	1.988244E-4	-5.078841E+1	2.032799E-4	-5.320439E+1	-2.278746E-2	4.123037E-2
2.087500E+0	1.931148E-4	-6.152421E+1	2.040588E-4	-6.101655E+1	-5.366875E-2	-8.385035E-3
2.091016E+0	2.000087E-4	-7.127638E+1	2.085282E-4	-7.275782E+1	-4.117598E-2	2.479689E-2
2.094531E+0	2.048311E-4	-8.183725E+1	1.987661E-4	-7.973454E+1	2.981937E-2	-3.781054E-2
2.098047E+0	2.062078E-4	-9.299080E+1	1.935299E-4	-9.339704E+1	6.548196E-2	7.554634E-3
2.101562E+0	2.094899E-4	-1.038298E+2	2.043563E-4	-1.019045E+2	2.454213E-2	-3.444047E-2
2.105078E+0	1.996524E-4	-1.135391E+2	1.972415E-4	-1.138469E+2	1.220848E-2	5.437761E-3
2.108594E+0	2.049400E-4	-1.253033E+2	2.022507E-4	-1.240329E+2	1.304779E-2	-2.246565E-2
2.112109E+0	2.073039E-4	-1.337851E+2	2.035712E-4	-1.328243E+2	1.819291E-2	-1.707580E-2
2.115625E+0	2.155784E-4	-1.447199E+2	2.086612E-4	-1.424775E+2	3.235924E-2	-4.042436E-2
2.119141E+0	2.070116E-4	-1.541223E+2	1.964621E-4	-1.567769E+2	5.256664E-2	4.880193E-2
2.122656E+0	2.097152E-4	-1.655977E+2	2.043269E-4	-1.650121E+2	2.631737E-2	-1.048999E-2
2.126172E+0	1.964522E-4	-1.755834E+2	1.954348E-4	-1.766192E+2	5.041573E-3	1.817124E-2
2.129688E+0	2.070604E-4	1.733168E+2	1.907718E-4	1.721801E+2	8.516905E-2	2.153166E-2
2.133203E+0	1.984955E-4	1.643038E+2	1.972317E-4	1.650745E+2	6.316646E-3	-1.353704E-2
2.136719E+0	1.999195E-4	1.548645E+2	2.039985E-4	1.554176E+2	-2.004091E-2	-9.460247E-3
2.140234E+0	1.951127E-4	1.452520E+2	1.929098E-4	1.458582E+2	1.136272E-2	-1.070080E-2
2.143750E+0	2.031006E-4	1.353392E+2	1.973609E-4	1.340105E+2	2.880555E-2	2.386247E-2
2.147266E+0	2.027545E-4	1.254648E+2	1.966315E-4	1.242584E+2	3.091090E-2	2.170971E-2
2.150781E+0	1.973975E-4	1.148109E+2	1.915851E-4	1.133476E+2	3.000247E-2	2.631137E-2
2.154297E+0	1.936516E-4	1.048433E+2	1.912854E-4	1.063709E+2	1.201020E-2	-2.698826E-2
2.157813E+0	1.925774E-4	9.697952E+1	2.000412E-4	9.399592E+1	-3.861626E-2	5.010805E-2
2.161328E+0	1.896893E-4	8.701361E+1	1.859508E-4	8.478447E+1	1.933283E-2	3.967801E-2
2.164844E+0	2.042625E-4	7.398736E+1	2.025175E-4	7.691551E+1	7.299669E-3	-5.152378E-2
2.168359E+0	1.995527E-4	6.827823E+1	1.978689E-4	6.662802E+1	8.091408E-3	2.904267E-2
2.171875E+0	1.887428E-4	5.915902E+1	1.986391E-4	5.842244E+1	-4.989902E-2	1.221493E-2
2.175391E+0	1.991013E-4	4.677137E+1	1.973561E-4	4.465464E+1	8.154516E-3	3.726212E-2
2.178906E+0	2.074281E-4	3.671672E+1	1.905181E-4	3.753675E+1	8.864646E-2	-1.558202E-2
2.182422E+0	2.059811E-4	2.399453E+1	2.035333E-4	2.718694E+1	1.045602E-2	-5.635899E-2
2.185938E+0	2.015749E-4	1.448092E+1	1.934689E-4	1.254196E+1	4.130166E-2	3.525239E-2
2.189453E+0	2.020497E-4	7.375035E+0	1.980070E-4	3.398724E+0	1.796061E-2	7.075982E-2
2.192969E+0	1.907003E-4	-6.077131E+0	1.943658E-4	-6.326034E+0	-1.886803E-2	4.262238E-3
2.196484E+0	1.958131E-4	-1.562276E+1	2.082746E-4	-1.582755E+1	-5.983807E-2	3.360397E-3
2.200000E+0	1.996081E-4	-2.563531E+1	1.951399E-4	-2.520304E+1	2.286831E-2	-7.717212E-3
