4.035156E-1	3.941892E-5	1.999847E+1	4.258224E-5	2.333601E+1	-7.585742E-2	-5.389326E-2
4.070313E-1	4.568597E-5	2.015476E+1	4.396255E-5	1.767853E+1	3.823163E-2	4.489863E-2
4.105469E-1	4.108036E-5	1.012983E+1	3.903948E-5	8.549260E+0	5.187697E-2	2.902460E-2
4.140625E-1	5.443968E-5	5.572405E-1	5.337194E-5	-7.015712E-1	1.975948E-2	2.240814E-2
4.175781E-1	3.745835E-5	2.863665E+0	4.819626E-5	-5.284805E+0	-2.306421E-1	1.101600E-1
4.210938E-1	3.321444E-5	-2.854341E+1	4.296197E-5	-2.578366E+1	-2.277841E-1	-3.722390E-2
4.246094E-1	3.324575E-5	-4.131634E+1	4.351904E-5	-3.940385E+1	-2.364898E-1	-2.549487E-2
4.281250E-1	4.350078E-5	-4.045384E+1	4.148400E-5	-3.787490E+1	4.755379E-2	-4.718331E-2
4.316406E-1	3.694987E-5	-5.331882E+1	4.348351E-5	-4.914749E+1	-1.525066E-1	-6.180968E-2
4.351563E-1	4.022631E-5	-6.811461E+1	5.049890E-5	-6.514368E+1	-2.044927E-1	-4.128606E-2
4.386719E-1	4.382762E-5	-7.245325E+1	3.938889E-5	-7.858829E+1	1.063173E-1	1.189156E-1
4.421875E-1	4.819054E-5	-8.118140E+1	5.110233E-5	-7.745583E+1	-5.897246E-2	-6.127525E-2
4.457031E-1	4.117685E-5	-9.741741E+1	4.084517E-5	-9.188323E+1	3.421415E-3	-9.722267E-2
4.492188E-1	4.503753E-5	-8.995029E+1	4.361644E-5	-8.915440E+1	3.248190E-2	-1.434303E-2
4.527344E-1	4.238471E-5	-1.137998E+2	4.308518E-5	-1.094062E+2	-1.914870E-2	-7.536218E-2
4.562500E-1	5.210922E-5	-1.167350E+2	4.875262E-5	-1.185522E+2	6.831209E-2	3.389408E-2
4.597656E-1	3.796313E-5	-1.266552E+2	4.737194E-5	-1.399585E+2	-2.201203E-1	1.844032E-1
4.632813E-1	3.837068E-5	-1.498700E+2	4.848200E-5	-1.359905E+2	-2.316665E-1	-1.898516E-1
4.667969E-1	4.235977E-5	-1.501100E+2	4.082413E-5	-1.460159E+2	3.496814E-2	-7.408032E-2
4.703125E-1	4.094941E-5	-1.687789E+2	4.570663E-5	-1.560555E+2	-1.260812E-1	-1.973212E-1
4.738281E-1	4.073533E-5	-1.774171E+2	4.661589E-5	-1.705798E+2	-1.323639E-1	-1.040323E-1
4.773438E-1	4.818813E-5	1.769058E+2	5.226868E-5	1.784994E+2	-7.842532E-2	-2.563889E-2
4.808594E-1	4.341839E-5	1.731816E+2	5.179992E-5	1.753984E+2	-1.624331E-1	-3.242203E-2
4.843750E-1	4.206313E-5	1.576503E+2	5.083897E-5	1.545380E+2	-1.738407E-1	4.492107E-2
4.878906E-1	4.246475E-5	1.482263E+2	4.212053E-5	1.552183E+2	6.746442E-4	-1.227256E-1
4.914063E-1	3.758292E-5	1.393048E+2	5.623097E-5	1.435246E+2	-3.334450E-1	-4.918034E-2
4.949219E-1	4.897855E-5	1.316300E+2	4.563733E-5	1.263065E+2	6.858338E-2	9.957155E-2
4.984375E-1	4.590768E-5	1.202488E+2	5.155284E-5	1.197689E+2	-1.095336E-1	7.458574E-3
5.019531E-1	4.746743E-5	1.068480E+2	4.425714E-5	1.077062E+2	7.241691E-2	-1.606431E-2
5.054688E-1	5.064308E-5	1.021426E+2	5.076394E-5	1.039958E+2	-2.902614E-3	-3.226181E-2
5.089844E-1	5.178164E-5	8.600022E+1	4.797802E-5	9.515858E+1	6.551996E-2	-1.717820E-1
5.125000E-1	4.360853E-5	8.702241E+1	4.544746E-5	8.375997E+1	-4.201785E-2	5.460684E-2
5.160156E-1	4.392497E-5	7.441364E+1	6.081448E-5	8.133431E+1	-2.829844E-1	-8.703089E-2
5.195312E-1	4.907314E-5	6.093645E+1	4.773519E-5	7.267685E+1	6.521798E-3	-2.091809E-1
5.230469E-1	4.378295E-5	5.465482E+1	5.644677E-5	5.386990E+1	-2.244226E-1	1.062564E-2
5.265625E-1	4.948496E-5	4.320552E+1	5.589145E-5	4.585435E+1	-1.155698E-1	-4.091708E-2
5.300781E-1	5.073964E-5	2.849841E+1	5.468725E-5	3.719435E+1	-8.285080E-2	-1.402770E-1
5.335937E-1	5.172471E-5	2.280507E+1	6.003679E-5	2.422817E+1	-1.387155E-1	-2.139680E-2
5.371094E-1	4.229227E-5	1.479988E+1	5.154260E-5	1.088151E+1	-1.813877E-1	5.607108E-2
5.406250E-1	4.597045E-5	1.178383E+0	5.110929E-5	-9.567463E-2	-1.007685E-1	1.999906E-2
5.441406E-1	4.240062E-5	-1.377266E+1	5.321817E-5	-1.219666E+1	-2.035694E-1	-2.191246E-2
5.476563E-1	5.086397E-5	-1.987888E+1	5.086810E-5	-2.138837E+1	-4.281867E-4	2.634038E-2
5.511719E-1	5.063677E-5	-2.511927E+1	4.999957E-5	-3.575278E+1	-4.647142E-3	1.868778E-1
5.546875E-1	4.775796E-5	-4.361102E+1	5.452130E-5	-4.055659E+1	-1.252939E-1	-4.667468E-2
5.582031E-1	5.637176E-5	-5.119769E+1	5.719978E-5	-4.383901E+1	-2.259291E-2	-1.262263E-1
5.617188E-1	5.668293E-5	-6.470576E+1	5.886946E-5	-5.346272E+1	-5.562024E-2	-1.877296E-1
5.652344E-1	5.575622E-5	-6.704694E+1	5.464042E-5	-6.551740E+1	2.005720E-2	-2.723742E-2
5.687500E-1	6.265606E-5	-7.303185E+1	5.919904E-5	-8.386096E+1	3.954855E-2	1.988519E-1
5.722656E-1	6.262331E-5	-9.395758E+1	5.263331E-5	-8.634738E+1	1.793239E-1	-1.575691E-1
5.757813E-1	4.903228E-5	-9.477443E+1	5.827049E-5	-1.009315E+2	-1.633940E-1	9.025031E-2
5.792969E-1	6.139585E-5	-1.103751E+2	5.893859E-5	-1.068476E+2	3.971826E-2	-6.409280E-2
5.828125E-1	6.515230E-5	-1.176030E+2	6.325934E-5	-1.195139E+2	2.935105E-2	3.434313E-2
5.863281E-1	5.532195E-5	-1.361260E+2	5.563260E-5	-1.370224E+2	-5.705655E-3	1.555714E-2
5.898437E-1	4.855293E-5	-1.388517E+2	5.936313E-5	-1.396082E+2	-1.821742E-1	1.079872E-2
5.933594E-1	5.769710E-5	-1.480360E+2	5.728452E-5	-1.467840E+2	6.961840E-3	-2.200715E-2
5.968750E-1	5.750039E-5	-1.642931E+2	5.702918E-5	-1.556765E+2	-3.117632E-3	-1.510597E-1
6.003906E-1	5.894150E-5	-1.710821E+2	4.910181E-5	-1.717543E+2	2.003110E-1	1.408282E-2
6.039063E-1	5.600737E-5	-1.754120E+2	5.706028E-5	1.799112E+2	-2.172067E-2	8.003042E-2
6.074219E-1	5.061668E-5	1.782132E+2	4.756862E-5	1.722816E+2	5.838002E-2	1.099629E-1
6.109375E-1	5.987307E-5	1.566853E+2	5.937485E-5	1.604413E+2	6.225140E-3	-6.605731E-2
6.144531E-1	6.003581E-5	1.495302E+2	5.897014E-5	1.484158E+2	1.787879E-2	1.980019E-2
6.179688E-1	5.158981E-5	1.442192E+2	5.329209E-5	1.377994E+2	-3.801281E-2	1.082408E-1
6.214844E-1	5.625055E-5	1.268745E+2	6.454878E-5	1.307676E+2	-1.305684E-1	-5.916671E-2
6.250000E-1	5.417157E-5	1.216490E+2	6.087502E-5	1.184200E+2	-1.115310E-1	5.012424E-2
6.285156E-1	5.953771E-5	1.143349E+2	5.920364E-5	1.136129E+2	5.562884E-3	1.267205E-2
6.320313E-1	6.511118E-5	1.095461E+2	6.249128E-5	1.058656E+2	3.977530E-2	6.688390E-2
6.355469E-1	6.071381E-5	9.474105E+1	5.993276E-5	9.520479E+1	1.299892E-2	-8.199179E-3
6.390625E-1	5.495491E-5	8.456507E+1	5.787014E-5	8.060345E+1	-5.264445E-2	6.560789E-2
6.425781E-1	6.306262E-5	7.578990E+1	6.088487E-5	7.488776E+1	3.563994E-2	1.630782E-2
6.460938E-1	6.315563E-5	6.425845E+1	5.928549E-5	6.032383E+1	6.276885E-2	7.309748E-2
6.496094E-1	5.814519E-5	5.181424E+1	6.638143E-5	5.490761E+1	-1.253508E-1	-4.726780E-2
6.531250E-1	5.946259E-5	4.609045E+1	6.228592E-5	4.605214E+1	-4.532876E-2	6.383273E-4
6.566406E-1	6.561572E-5	3.326569E+1	6.852249E-5	3.229162E+1	-4.255905E-2	1.627876E-2
6.601562E-1	6.807581E-5	2.042127E+1	6.722572E-5	2.182844E+1	1.233992E-2	-2.486782E-2
6.636719E-1	6.043967E-5	1.702067E+1	6.043751E-5	1.324297E+1	-2.137151E-3	6.588790E-2
6.671875E-1	6.665605E-5	3.676801E+0	7.541089E-5	-2.403394E+0	-1.210675E-1	9.362352E-2
6.707031E-1	6.330055E-5	-9.175611E+0	6.373753E-5	-5.825030E+0	-8.553600E-3	-5.804465E-2
6.742188E-1	5.883620E-5	-1.979987E+1	6.794443E-5	-2.110785E+1	-1.342797E-1	1.976658E-2
6.777344E-1	5.998939E-5	-3.647020E+1	6.227103E-5	-2.626320E+1	-5.188663E-2	-1.707121E-1
6.812500E-1	6.462768E-5	-4.461293E+1	6.739992E-5	-3.580314E+1	-5.244372E-2	-1.468553E-1
6.847656E-1	6.826728E-5	-5.436320E+1	7.163245E-5	-5.311071E+1	-4.720599E-2	-2.083147E-2
6.882813E-1	6.408231E-5	-5.723632E+1	6.465638E-5	-5.994205E+1	-9.983726E-3	4.678721E-2
6.917969E-1	6.378054E-5	-7.365802E+1	7.315289E-5	-7.395335E+1	-1.281316E-1	4.494069E-3
6.953125E-1	6.497907E-5	-7.431669E+1	6.437251E-5	-8.201492E+1	3.250709E-4	1.352178E-1
6.988281E-1	6.071607E-5	-8.496864E+1	6.659671E-5	-8.916783E+1	-9.074970E-2	6.675824E-2
7.023438E-1	6.749832E-5	-9.779194E+1	6.185525E-5	-9.854276E+1	9.113656E-2	1.429938E-2
7.058594E-1	6.891580E-5	-1.070276E+2	6.349634E-5	-1.127722E+2	7.990007E-2	1.086374E-1
7.093750E-1	6.623892E-5	-1.196200E+2	5.817132E-5	-1.196074E+2	1.386869E-1	-2.504103E-4
7.128906E-1	6.491270E-5	-1.310272E+2	6.702034E-5	-1.269925E+2	-3.384821E-2	-6.814793E-2
7.164063E-1	7.175512E-5	-1.369923E+2	6.632005E-5	-1.376851E+2	8.187305E-2	1.308226E-2
7.199219E-1	6.495087E-5	-1.497809E+2	6.458880E-5	-1.449425E+2	2.022349E-3	-8.481850E-2
7.234375E-1	6.854295E-5	-1.551666E+2	6.840011E-5	-1.547277E+2	2.058900E-3	-7.676172E-3
7.269531E-1	6.797086E-5	-1.652630E+2	6.896456E-5	-1.675816E+2	-1.521574E-2	3.987323E-2
7.304687E-1	6.326930E-5	-1.770424E+2	7.258075E-5	-1.761677E+2	-1.283925E-1	-1.330734E-2
7.339844E-1	7.510513E-5	1.699579E+2	7.226008E-5	1.697821E+2	3.936747E-2	3.189090E-3
7.375000E-1	6.789741E-5	1.649079E+2	6.985621E-5	1.645202E+2	-2.806271E-2	6.576852E-3
7.410156E-1	6.303602E-5	1.542610E+2	6.983797E-5	1.491117E+2	-1.010389E-1	8.100987E-2
7.445313E-1	6.789773E-5	1.450390E+2	7.359577E-5	1.431260E+2	-7.793765E-2	3.079740E-2
7.480469E-1	6.219837E-5	1.339375E+2	7.151614E-5	1.299105E+2	-1.324363E-1	6.107681E-2
7.515625E-1	6.911022E-5	1.267705E+2	7.559855E-5	1.197343E+2	-9.271080E-2	1.119830E-1
7.550781E-1	6.243387E-5	1.155906E+2	6.521952E-5	1.158283E+2	-4.272014E-2	-3.971440E-3
7.585938E-1	6.930726E-5	1.068817E+2	7.220786E-5	9.962424E+1	-4.785981E-2	1.212535E-1
7.621094E-1	7.245316E-5	9.533675E+1	7.304320E-5	9.642900E+1	-8.258192E-3	-1.890822E-2
7.656250E-1	6.690595E-5	8.053568E+1	6.960330E-5	8.463271E+1	-4.120967E-2	-6.867699E-2
7.691406E-1	7.605598E-5	7.676903E+1	7.318127E-5	7.684048E+1	3.928124E-2	-1.296024E-3
7.726563E-1	7.457696E-5	6.295435E+1	7.192513E-5	6.631795E+1	3.508310E-2	-6.083538E-2
7.761719E-1	7.556935E-5	5.291721E+1	7.856574E-5	5.572072E+1	-3.928984E-2	-4.704556E-2
7.796875E-1	7.982133E-5	4.748986E+1	7.263311E-5	4.580774E+1	9.849258E-2	3.225940E-2
7.832031E-1	7.350073E-5	3.080102E+1	7.421694E-5	3.781068E+1	-1.705250E-2	-1.208590E-1
7.867188E-1	6.857188E-5	2.099963E+1	6.785092E-5	2.235863E+1	1.034138E-2	-2.396881E-2
7.902344E-1	7.430546E-5	1.081720E+1	7.656311E-5	1.478300E+1	-3.181132E-2	-6.712163E-2
7.937500E-1	7.360826E-5	-1.717935E+0	7.885525E-5	5.382700E+0	-7.369863E-2	-1.153874E-1
7.972656E-1	7.104728E-5	-3.896019E+0	8.046631E-5	-1.143449E+1	-1.246869E-1	1.158351E-1
8.007812E-1	7.108196E-5	-1.864318E+1	7.235206E-5	-1.867697E+1	-1.755461E-2	5.793940E-4
8.042969E-1	7.441156E-5	-3.342962E+1	7.224311E-5	-3.545507E+1	2.937248E-2	3.640428E-2
8.078125E-1	7.143043E-5	-3.510840E+1	7.443163E-5	-3.962361E+1	-4.329996E-2	7.554947E-2
8.113281E-1	7.665760E-5	-4.802608E+1	7.027540E-5	-4.489386E+1	8.918742E-2	-5.960260E-2
8.148438E-1	6.687616E-5	-5.875715E+1	7.558139E-5	-5.715845E+1	-1.155213E-1	-2.468564E-2
8.183594E-1	6.790066E-5	-6.973724E+1	7.785846E-5	-6.932645E+1	-1.279186E-1	-6.252615E-3
8.218750E-1	7.194090E-5	-7.886430E+1	7.485615E-5	-7.753622E+1	-3.920286E-2	-2.227466E-2
8.253906E-1	7.642312E-5	-8.549240E+1	7.389580E-5	-8.644444E+1	3.405836E-2	1.718374E-2
8.289063E-1	7.704404E-5	-9.928934E+1	8.240860E-5	-9.305555E+1	-7.062508E-2	-1.015170E-1
8.324219E-1	7.726128E-5	-1.040849E+2	7.879554E-5	-1.096923E+2	-2.416344E-2	9.580886E-2
8.359375E-1	7.284530E-5	-1.172096E+2	7.684108E-5	-1.126595E+2	-5.498834E-2	-7.520553E-2
8.394531E-1	7.967474E-5	-1.227321E+2	7.233963E-5	-1.272954E+2	9.790684E-2	8.762772E-2
8.429688E-1	7.740800E-5	-1.383793E+2	7.490761E-5	-1.349922E+2	3.157450E-2	-6.105374E-2
8.464844E-1	7.487846E-5	-1.459021E+2	7.682516E-5	-1.473624E+2	-2.565590E-2	2.483853E-2
8.500000E-1	7.660875E-5	-1.527460E+2	8.583296E-5	-1.522028E+2	-1.075071E-1	-8.461647E-3
8.535156E-1	7.880948E-5	-1.657575E+2	8.637876E-5	-1.659970E+2	-8.763692E-2	3.813758E-3
8.570313E-1	7.802436E-5	-1.764226E+2	7.604173E-5	-1.757494E+2	2.600210E-2	-1.205562E-2
8.605469E-1	7.285758E-5	1.767359E+2	7.720874E-5	1.729481E+2	-5.841713E-2	6.233849E-2
8.640625E-1	8.033789E-5	1.654248E+2	8.301203E-5	1.619102E+2	-3.403409E-2	5.932808E-2
8.675781E-1	8.300848E-5	1.557609E+2	7.990583E-5	1.521331E+2	3.674717E-2	6.573164E-2
8.710937E-1	7.846337E-5	1.429012E+2	8.062142E-5	1.428497E+2	-2.676809E-2	8.747844E-4
8.746094E-1	7.700748E-5	1.338918E+2	7.824963E-5	1.311006E+2	-1.704174E-2	4.792335E-2
8.781250E-1	7.996592E-5	1.251272E+2	8.051300E-5	1.248676E+2	-6.805122E-3	4.500072E-3
8.816406E-1	8.000333E-5	1.136221E+2	8.441759E-5	1.159347E+2	-5.306263E-2	-3.824151E-2
8.851563E-1	7.238311E-5	1.012177E+2	8.065651E-5	1.036006E+2	-1.033517E-1	-3.731262E-2
8.886719E-1	8.130890E-5	9.762949E+1	8.092776E-5	9.565582E+1	4.113598E-3	3.460243E-2
8.921875E-1	8.042613E-5	8.800943E+1	8.155332E-5	8.422475E+1	-1.597221E-2	6.509478E-2
8.957031E-1	7.372639E-5	7.531234E+1	7.792080E-5	7.834903E+1	-5.515774E-2	-5.012381E-2
8.992188E-1	7.940754E-5	6.553608E+1	8.242200E-5	6.771370E+1	-3.726924E-2	-3.660779E-2
9.027344E-1	8.498419E-5	5.400407E+1	8.335867E-5	5.467048E+1	1.943135E-2	-1.185759E-2
9.062500E-1	8.156359E-5	4.479758E+1	8.080251E-5	4.615039E+1	9.137663E-3	-2.383117E-2
9.097656E-1	8.022833E-5	3.352158E+1	8.488177E-5	3.469835E+1	-5.502195E-2	-1.941117E-2
9.132813E-1	8.270895E-5	2.971456E+1	8.913910E-5	2.480995E+1	-7.553358E-2	7.932966E-2
9.167969E-1	8.439455E-5	1.666436E+1	8.638288E-5	1.428376E+1	-2.386082E-2	4.058126E-2
9.203125E-1	8.477108E-5	3.365457E+0	8.312728E-5	4.503340E+0	1.957340E-2	-2.025119E-2
9.238281E-1	8.556718E-5	-6.898306E+0	8.780479E-5	-2.971653E+0	-2.777156E-2	-6.673427E-2
9.273438E-1	8.050520E-5	-1.687135E+1	8.437361E-5	-1.900560E+1	-4.651046E-2	3.553363E-2
9.308594E-1	8.521238E-5	-2.643000E+1	8.590909E-5	-3.018456E+1	-1.023873E-2	6.495149E-2
9.343750E-1	8.350777E-5	-3.858990E+1	8.736381E-5	-3.607073E+1	-4.506150E-2	-4.201363E-2
9.378906E-1	8.412365E-5	-4.949577E+1	8.618995E-5	-5.030396E+1	-2.407089E-2	1.376696E-2
9.414063E-1	8.561419E-5	-5.588483E+1	8.980527E-5	-5.663556E+1	-4.675036E-2	1.249087E-2
9.449219E-1	8.267372E-5	-6.329838E+1	8.319783E-5	-6.611097E+1	-7.496596E-3	4.876013E-2
9.484375E-1	8.394951E-5	-7.816718E+1	8.506956E-5	-7.711767E+1	-1.333183E-2	-1.807522E-2
9.519531E-1	8.254894E-5	-8.769586E+1	8.480415E-5	-8.678365E+1	-2.671652E-2	-1.549702E-2
9.554688E-1	7.913863E-5	-9.859147E+1	8.397183E-5	-1.005583E+2	-5.811262E-2	3.234550E-2
9.589844E-1	8.047336E-5	-1.080491E+2	8.616426E-5	-1.070963E+2	-6.617624E-2	-1.553045E-2
9.625000E-1	8.243458E-5	-1.158821E+2	8.255697E-5	-1.143713E+2	-1.829603E-3	-2.632629E-2
9.660156E-1	8.153699E-5	-1.253434E+2	8.899970E-5	-1.258708E+2	-8.388977E-2	8.432911E-3
9.695313E-1	8.334551E-5	-1.314591E+2	8.612896E-5	-1.319644E+2	-3.235487E-2	8.534028E-3
9.730469E-1	8.549338E-5	-1.459264E+2	8.611698E-5	-1.438011E+2	-7.924216E-3	-3.681643E-2
9.765625E-1	8.383647E-5	-1.565196E+2	9.144827E-5	-1.536070E+2	-8.442040E-2	-4.658313E-2
9.800781E-1	8.236841E-5	-1.642358E+2	8.868732E-5	-1.632084E+2	-7.139862E-2	-1.665301E-2
9.835938E-1	8.871550E-5	-1.738331E+2	8.979390E-5	-1.730153E+2	-1.211036E-2	-1.410141E-2
9.871094E-1	8.575417E-5	1.733459E+2	9.187786E-5	1.782219E+2	-7.002814E-2	-7.933432E-2
9.906250E-1	8.560233E-5	1.661116E+2	9.546091E-5	1.641388E+2	-1.038050E-1	3.086986E-2
9.941406E-1	9.008640E-5	1.491301E+2	8.897224E-5	1.567626E+2	3.551973E-3	-1.344818E-1
9.976563E-1	9.178089E-5	1.463403E+2	8.645915E-5	1.478288E+2	6.119386E-2	-2.757520E-2
1.001172E+0	9.125423E-5	1.327302E+2	9.439766E-5	1.374700E+2	-3.660577E-2	-7.987920E-2
1.004687E+0	9.129175E-5	1.243843E+2	9.493725E-5	1.256972E+2	-3.865149E-2	-2.203261E-2
1.008203E+0	9.172926E-5	1.147359E+2	8.748812E-5	1.147466E+2	4.847673E-2	-1.958033E-4
1.011719E+0	9.232921E-5	1.041700E+2	9.017166E-5	1.031324E+2	2.375924E-2	1.854183E-2
1.015234E+0	8.940727E-5	9.412637E+1	8.604145E-5	1.001499E+2	3.338149E-2	-1.090419E-1
1.018750E+0	8.877492E-5	8.742025E+1	9.101725E-5	8.656783E+1	-2.474426E-2	1.451047E-2
1.022266E+0	8.733502E-5	7.285758E+1	8.892197E-5	7.821232E+1	-2.213267E-2	-9.165638E-2
1.025781E+0	8.604437E-5	6.176408E+1	8.972438E-5	6.583138E+1	-4.342988E-2	-6.801908E-2
1.029297E+0	8.903892E-5	5.326263E+1	9.091701E-5	5.434204E+1	-2.083098E-2	-1.844900E-2
1.032813E+0	8.274144E-5	4.378543E+1	8.673211E-5	4.718259E+1	-4.768783E-2	-5.653040E-2
1.036328E+0	9.047766E-5	3.759423E+1	9.053136E-5	3.368811E+1	-2.914779E-3	6.808145E-2
1.039844E+0	8.697232E-5	2.688414E+1	9.089745E-5	2.498757E+1	-4.370611E-2	3.166622E-2
1.043359E+0	9.024690E-5	1.689460E+1	9.113942E-5	1.355355E+1	-1.147595E-2	5.770856E-2
1.046875E+0	9.124432E-5	6.526294E+0	9.463821E-5	7.269075E+0	-3.594275E-2	-1.249871E-2
1.050391E+0	9.309719E-5	-5.248720E+0	9.544619E-5	-4.012477E+0	-2.483776E-2	-2.104386E-2
1.053906E+0	9.053970E-5	-1.400987E+1	9.327255E-5	-1.300511E+1	-2.944887E-2	-1.702169E-2
1.057422E+0	8.927454E-5	-2.493551E+1	9.771869E-5	-2.208432E+1	-8.754378E-2	-4.544376E-2
1.060938E+0	9.141564E-5	-3.432586E+1	9.441637E-5	-3.416636E+1	-3.178563E-2	-2.695322E-3
1.064453E+0	9.105133E-5	-4.212636E+1	9.641479E-5	-4.555162E+1	-5.731606E-2	5.642283E-2
1.067969E+0	8.921511E-5	-5.800911E+1	9.674190E-5	-5.167101E+1	-8.343948E-2	-1.018062E-1
1.071484E+0	8.743441E-5	-6.761469E+1	9.757894E-5	-6.292291E+1	-1.069648E-1	-7.329187E-2
1.075000E+0	8.619919E-5	-7.741667E+1	9.982698E-5	-7.489063E+1	-1.373532E-1	-3.805679E-2
1.078516E+0	9.173754E-5	-8.354792E+1	9.548927E-5	-8.544646E+1	-3.981692E-2	3.182806E-2
1.082031E+0	9.417522E-5	-9.405322E+1	9.968102E-5	-9.288675E+1	-5.542997E-2	-1.923291E-2
1.085547E+0	8.630974E-5	-1.050825E+2	9.638437E-5	-1.041975E+2	-1.046324E-1	-1.383109E-2
1.089063E+0	9.243456E-5	-1.176617E+2	9.466922E-5	-1.165837E+2	-2.377774E-2	-1.836945E-2
1.092578E+0	9.067852E-5	-1.241668E+2	9.820297E-5	-1.216573E+2	-7.750695E-2	-4.043016E-2
1.096094E+0	8.943035E-5	-1.358068E+2	9.704666E-5	-1.348690E+2	-7.860434E-2	-1.508247E-2
1.099609E+0	9.286650E-5	-1.425669E+2	9.387565E-5	-1.439021E+2	-1.101846E-2	2.305104E-2
1.103125E+0	9.044851E-5	-1.546281E+2	9.665363E-5	-1.525171E+2	-6.483464E-2	-3.447074E-2
1.106641E+0	9.322914E-5	-1.623712E+2	1.031859E-4	-1.655798E+2	-9.790978E-2	5.057050E-2
1.110156E+0	9.001159E-5	-1.735638E+2	9.766792E-5	-1.700708E+2	-8.010357E-2	-5.615047E-2
1.113672E+0	9.499279E-5	1.755500E+2	9.933304E-5	-1.796351E+2	-4.706866E-2	-8.026945E-2
1.117187E+0	9.334124E-5	1.647085E+2	9.910065E-5	1.685802E+2	-6.026638E-2	-6.359831E-2
1.120703E+0	8.921343E-5	1.557011E+2	1.005540E-4	1.551042E+2	-1.128290E-1	9.242766E-3
1.124219E+0	9.174638E-5	1.463605E+2	1.056876E-4	1.448671E+2	-1.322046E-1	2.262399E-2
1.127734E+0	9.809351E-5	1.393211E+2	9.730402E-5	1.370514E+2	7.322755E-3	3.992471E-2
1.131250E+0	9.211754E-5	1.248391E+2	1.001795E-4	1.255416E+2	-8.054426E-2	-1.127395E-2
1.134766E+0	9.085082E-5	1.152884E+2	1.063311E-4	1.149686E+2	-1.455989E-1	4.768943E-3
1.138281E+0	8.851712E-5	1.062118E+2	9.675941E-5	1.114985E+2	-8.907487E-2	-8.429070E-2
1.141797E+0	9.429052E-5	9.373454E+1	9.490654E-5	9.460824E+1	-6.606315E-3	-1.514938E-2
1.145313E+0	8.933557E-5	8.159769E+1	1.031002E-4	8.783636E+1	-1.386388E-1	-9.416202E-2
1.148828E+0	8.738223E-5	7.390212E+1	1.066764E-4	7.684563E+1	-1.819471E-1	-4.206362E-2
1.152344E+0	8.760158E-5	6.188483E+1	1.007153E-4	6.636876E+1	-1.328680E-1	-6.800006E-2
1.155859E+0	9.150877E-5	5.433276E+1	1.012934E-4	5.564301E+1	-9.683312E-2	-2.065738E-2
1.159375E+0	8.849354E-5	4.513877E+1	9.608358E-5	5.028135E+1	-8.270144E-2	-8.255389E-2
1.162891E+0	8.938010E-5	3.783128E+1	9.931695E-5	3.755036E+1	-1.000627E-1	4.412409E-3
1.166406E+0	9.469665E-5	2.521652E+1	1.055499E-4	2.989984E+1	-1.058213E-1	-7.325281E-2
1.169922E+0	9.103650E-5	1.865167E+1	1.075228E-4	1.998170E+1	-1.535565E-1	-1.965236E-2
1.173438E+0	9.095248E-5	7.637649E+0	9.604138E-5	7.616604E+0	-5.298660E-2	3.478423E-4
1.176953E+0	9.186027E-5	-2.525823E+0	1.071397E-4	8.969794E-1	-1.441417E-1	-5.118918E-2
1.180469E+0	9.503199E-5	-1.250802E+1	1.026496E-4	-9.635245E+0	-7.537329E-2	-4.639910E-2
1.183984E+0	9.662669E-5	-2.086956E+1	9.842201E-5	-2.001657E+1	-1.834984E-2	-1.461538E-2
1.187500E+0	9.208536E-5	-3.214333E+1	1.031856E-4	-3.210266E+1	-1.075757E-1	-6.334655E-4
1.191016E+0	1.001008E-4	-4.206269E+1	1.063148E-4	-4.373628E+1	-5.885070E-2	2.749847E-2
1.194531E+0	9.830163E-5	-5.375912E+1	1.048947E-4	-5.033533E+1	-6.452687E-2	-5.596715E-2
1.198047E+0	9.905975E-5	-6.390508E+1	1.078439E-4	-6.178091E+1	-8.208363E-2	-3.404621E-2
1.201563E+0	1.012765E-4	-7.415002E+1	1.102841E-4	-7.064314E+1	-8.339592E-2	-5.617238E-2
1.205078E+0	1.035798E-4	-8.292068E+1	1.091293E-4	-8.239620E+1	-5.089229E-2	-8.688282E-3
1.208594E+0	1.126495E-4	-9.452282E+1	1.107957E-4	-9.448033E+1	1.673142E-2	-7.539984E-4
1.212109E+0	1.228780E-4	-1.090231E+2	1.072645E-4	-1.039407E+2	1.410568E-1	-1.014833E-1
1.215625E+0	1.484161E-4	-1.257847E+2	1.140044E-4	-1.114871E+2	2.615221E-1	-3.215017E-1
1.219141E+0	1.720927E-4	-1.522584E+2	1.062633E-4	-1.229359E+2	4.119990E-1	-7.931061E-1
1.222656E+0	1.771962E-4	1.780199E+2	1.073573E-4	-1.312479E+2	4.469472E-2	-1.277832E+0
1.226172E+0	1.773609E-4	1.514148E+2	1.065738E-4	-1.433051E+2	-3.040575E-1	-1.511704E+0
1.229688E+0	1.926051E-4	1.172291E+2	1.059909E-4	-1.537709E+2	-9.682857E-1	-1.816908E+0
1.233203E+0	2.119802E-4	8.048464E+1	1.062859E-4	-1.620275E+2	-1.920552E+0	-1.769280E+0
1.236719E+0	2.344703E-4	3.704359E+1	1.111760E-4	-1.720655E+2	-2.842624E+0	-1.025974E+0
1.240234E+0	2.524018E-4	-3.835951E+0	1.157344E-4	1.768047E+2	-3.180735E+0	2.438483E-2
1.243750E+0	2.790171E-4	-4.051660E+1	1.088542E-4	1.682126E+2	-3.247690E+0	1.232063E+0
1.247266E+0	3.099161E-4	-7.159354E+1	1.115795E-4	1.569951E+2	-2.837231E+0	2.083096E+0
1.250781E+0	3.404530E-4	-1.004489E+2	1.104526E-4	1.512889E+2	-1.965902E+0	2.927095E+0
1.254297E+0	3.731252E-4	-1.269753E+2	1.088580E-4	1.407069E+2	-1.138621E+0	3.424828E+0
1.257812E+0	4.111911E-4	-1.498633E+2	1.080998E-4	1.292711E+2	-3.961418E-1	3.755573E+0
1.261328E+0	4.579273E-4	-1.740480E+2	1.078382E-4	1.167616E+2	5.086017E-1	3.969418E+0
1.264844E+0	4.960427E-4	1.638145E+2	1.109994E-4	1.076905E+2	1.490941E+0	3.710267E+0
1.268359E+0	5.609621E-4	1.409313E+2	1.111682E-4	9.896296E+1	2.751823E+0	3.374405E+0
1.271875E+0	6.300653E-4	1.175792E+2	1.110739E-4	9.159485E+1	4.099077E+0	2.485262E+0
1.275391E+0	6.974462E-4	9.251799E+1	1.098018E-4	7.750323E+1	5.135007E+0	1.645564E+0
1.278906E+0	7.306904E-4	6.931332E+1	1.133882E-4	7.015277E+1	5.443457E+0	-9.441091E-2
1.282422E+0	7.917861E-4	4.551351E+1	1.093713E-4	5.903801E+1	6.038683E+0	-1.693022E+0
1.285938E+0	8.448836E-4	1.837934E+1	1.128928E-4	4.833958E+1	5.483882E+0	-3.737474E+0
1.289453E+0	8.775351E-4	-1.353238E+1	1.108243E-4	3.834442E+1	3.888370E+0	-6.229174E+0
1.292969E+0	9.109295E-4	-4.571012E+1	1.084626E-4	2.948331E+1	1.146307E+0	-8.119677E+0
1.296484E+0	9.336986E-4	-8.368936E+1	1.069553E-4	2.117560E+1	-3.239559E+0	-8.437643E+0
1.300000E+0	9.439682E-4	-1.240670E+2	1.125963E-4	9.905095E+0	-6.820836E+0	-6.033530E+0
1.303516E+0	9.303999E-4	-1.675885E+2	1.120045E-4	3.857723E+0	-9.214409E+0	-1.235535E+0
1.307031E+0	9.308266E-4	1.440837E+2	1.158577E-4	-7.927267E+0	-8.094520E+0	3.770481E+0
1.310547E+0	9.241727E-4	9.818006E+1	1.122434E-4	-1.869624E+1	-4.722151E+0	7.344288E+0
1.314063E+0	9.907787E-4	5.077673E+1	1.163327E-4	-2.802396E+1	6.541484E-1	8.354588E+0
1.317578E+0	1.028458E-3	3.824703E+0	1.167162E-4	-4.029068E+1	5.326205E+0	6.133813E+0
1.321094E+0	9.935691E-4	-3.770380E+1	1.186598E-4	-5.054346E+1	7.163891E+0	1.860734E+0
1.324609E+0	9.439368E-4	-7.927646E+1	1.203034E-4	-5.983658E+1	6.398994E+0	-2.611387E+0
1.328125E+0	8.452709E-4	-1.228279E+2	1.238201E-4	-7.150032E+1	3.265720E+0	-5.329744E+0
1.331641E+0	7.165349E-4	-1.690166E+2	1.215243E-4	-8.097672E+1	-7.983262E-1	-5.892777E+0
1.335156E+0	6.108642E-4	1.414738E+2	1.237657E-4	-9.206159E+1	-3.933386E+0	-3.969369E+0
1.338672E+0	5.489364E-4	8.848021E+1	1.176419E-4	-1.023514E+2	-5.583030E+0	-8.768805E-1
1.342188E+0	5.476271E-4	3.373584E+1	1.191561E-4	-1.113795E+2	-4.770023E+0	2.628504E+0
1.345703E+0	6.133361E-4	-1.752227E+1	1.198870E-4	-1.177290E+2	-1.906548E+0	5.034991E+0
1.349219E+0	6.712494E-4	-6.595579E+1	1.202566E-4	-1.324305E+2	1.228000E+0	5.117871E+0
1.352734E+0	6.866599E-4	-1.161597E+2	1.208204E-4	-1.415188E+2	4.135674E+0	2.434106E+0
1.356250E+0	5.882979E-4	-1.549540E+2	1.151110E-4	-1.485828E+2	4.079136E+0	-5.671314E-1
1.359766E+0	4.545316E-4	1.643077E+2	1.173270E-4	-1.622410E+2	2.232338E+0	-2.135489E+0
1.363281E+0	3.264125E-4	1.342868E+2	1.218873E-4	-1.689707E+2	4.686148E-1	-2.239371E+0
1.366797E+0	1.612556E-4	9.575542E+1	1.191376E-4	-1.774044E+2	-9.253920E-1	-1.351466E+0
1.370313E+0	6.291398E-5	6.831756E+1	1.198785E-4	1.693439E+2	-1.100376E+0	-5.151261E-1
1.373828E+0	2.385668E-5	-1.383729E+2	1.165214E-4	1.602500E+2	-9.019204E-1	1.797197E-1
1.377344E+0	8.543686E-5	-1.773210E+2	1.280824E-4	1.524728E+2	-4.235252E-1	3.355999E-1
1.380859E+0	1.110446E-4	1.607505E+2	1.207174E-4	1.420573E+2	-1.286524E-1	2.948196E-1
1.384375E+0	1.146346E-4	1.527354E+2	1.189410E-4	1.312816E+2	-1.029848E-1	3.525084E-1
1.387891E+0	1.294570E-4	1.426429E+2	1.222573E-4	1.202542E+2	-2.092813E-2	4.033184E-1
1.391406E+0	1.529734E-4	1.241726E+2	1.167330E-4	1.098775E+2	2.698797E-1	3.235726E-1
1.394922E+0	1.521457E-4	1.079510E+2	1.241693E-4	9.789994E+1	2.065032E-1	2.138479E-1
1.398437E+0	1.529757E-4	9.540745E+1	1.213972E-4	8.901167E+1	2.522826E-1	1.403726E-1
1.401953E+0	1.467161E-4	8.181029E+1	1.277763E-4	7.897314E+1	1.468188E-1	5.683418E-2
1.405469E+0	1.408658E-4	7.244924E+1	1.217561E-4	6.968847E+1	1.556078E-1	5.572555E-2
1.408984E+0	1.416411E-4	5.719994E+1	1.203718E-4	6.005669E+1	1.752344E-1	-5.864543E-2
1.412500E+0	1.393853E-4	4.576854E+1	1.197492E-4	5.077880E+1	1.595294E-1	-1.016549E-1
1.416016E+0	1.218991E-4	3.320800E+1	1.203244E-4	4.275323E+1	-9.390664E-4	-1.679963E-1
1.419531E+0	1.101545E-4	3.143651E+1	1.242938E-4	3.157656E+1	-1.137597E-1	-2.166271E-3
1.423047E+0	1.187679E-4	2.694478E+1	1.198198E-4	2.116511E+1	-1.381788E-2	9.981921E-2
1.426563E+0	1.282925E-4	1.400155E+1	1.115548E-4	1.304070E+1	1.498784E-1	1.928527E-2
1.430078E+0	1.253313E-4	2.828548E+0	1.224104E-4	4.556648E+0	2.339587E-2	-3.087604E-2
1.433594E+0	1.084634E-4	-5.956059E+0	1.292200E-4	-5.569184E+0	-1.606491E-1	-5.667587E-3
1.437109E+0	1.126457E-4	-4.798542E+0	1.224070E-4	-1.726043E+1	-1.014261E-1	1.985820E-1
1.440625E+0	1.389629E-4	-7.223698E+0	1.252744E-4	-2.581462E+1	5.138534E-2	3.536448E-1
1.444141E+0	1.652306E-4	-2.342344E+1	1.287916E-4	-3.540112E+1	2.549987E-1	2.662473E-1
1.447656E+0	1.906174E-4	-3.785371E+1	1.347702E-4	-4.480884E+1	4.039803E-1	1.712711E-1
1.451172E+0	2.053663E-4	-5.875848E+1	1.328061E-4	-5.465221E+1	5.423924E-1	-1.107297E-1
1.454688E+0	2.172371E-4	-8.133764E+1	1.329443E-4	-6.757319E+1	5.871196E-1	-3.887900E-1
1.458203E+0	2.128255E-4	-1.098083E+2	1.304689E-4	-7.789273E+1	3.846384E-1	-8.623837E-1
1.461719E+0	2.025453E-4	-1.465467E+2	1.351240E-4	-9.152208E+1	-1.407603E-1	-1.228244E+0
1.465234E+0	1.811527E-4	1.277436E+2	1.378381E-4	-1.001320E+2	-1.881518E+0	-9.747609E-1
1.468750E+0	2.718047E-4	2.094543E+1	1.310599E-4	-1.119494E+2	-2.411608E+0	1.519346E+0
1.472266E+0	4.319671E-4	-5.062508E+1	1.311642E-4	-1.218189E+2	6.166381E-2	3.117515E+0
1.475781E+0	4.979658E-4	-1.050108E+2	1.345257E-4	-1.300659E+2	2.353320E+0	1.567606E+0
1.479297E+0	4.865053E-4	-1.517413E+2	1.268149E-4	-1.400548E+2	2.756817E+0	-7.770762E-1
1.482813E+0	4.268674E-4	1.622922E+2	1.290505E-4	-1.508824E+2	1.263245E+0	-2.412253E+0
1.486328E+0	3.237636E-4	1.038515E+2	1.312438E-4	-1.594165E+2	-1.289182E+0	-2.449878E+0
1.489844E+0	2.172497E-4	4.428390E+0	1.285912E-4	-1.697475E+2	-2.680739E+0	1.714378E-1
1.493359E+0	2.506820E-4	-9.922230E+1	1.280056E-4	-1.783708E+2	-6.313096E-1	1.923349E+0
1.496875E+0	2.685317E-4	-1.581459E+2	1.262553E-4	1.713636E+2	8.327733E-1	1.079177E+0
1.500391E+0	2.310522E-4	1.650390E+2	1.255031E-4	1.616701E+2	8.378264E-1	1.081860E-1
1.503906E+0	1.870341E-4	1.447767E+2	1.312844E-4	1.504213E+2	4.177404E-1	-1.401249E-1
1.507422E+0	1.617938E-4	1.289379E+2	1.238345E-4	1.427731E+2	2.686268E-1	-3.124312E-1
1.510938E+0	1.394916E-4	1.173512E+2	1.250842E-4	1.311604E+2	8.294837E-2	-2.661820E-1
1.514453E+0	1.149736E-4	1.114000E+2	1.267766E-4	1.220699E+2	-1.087809E-1	-1.679127E-1
1.517969E+0	1.020993E-4	1.122579E+2	1.286415E-4	1.103285E+2	-2.067768E-1	2.672140E-2
1.521484E+0	1.086421E-4	1.053543E+2	1.272143E-4	1.048400E+2	-1.460259E-1	7.665673E-3
1.525000E+0	1.169785E-4	9.963610E+1	1.324203E-4	9.284289E+1	-1.228138E-1	1.044927E-1
1.528516E+0	1.271470E-4	9.396269E+1	1.341291E-4	8.280285E+1	-6.997971E-2	1.834716E-1
1.532031E+0	1.415162E-4	8.321326E+1	1.363086E-4	7.549487E+1	2.879850E-2	1.394353E-1
1.535547E+0	1.465922E-4	7.351080E+1	1.349320E-4	6.421995E+1	7.216325E-2	1.753977E-1
1.539062E+0	1.529601E-4	5.999588E+1	1.347553E-4	5.332746E+1	1.274161E-1	1.318110E-1
1.542578E+0	1.610296E-4	4.540649E+1	1.326458E-4	4.407426E+1	2.136537E-1	2.822472E-2
1.546094E+0	1.589599E-4	3.647432E+1	1.329751E-4	3.228827E+1	1.922220E-1	8.725948E-2
1.549609E+0	1.524800E-4	1.952416E+1	1.333642E-4	2.167600E+1	1.425291E-1	-4.292980E-2
1.553125E+0	1.548218E-4	9.155172E+0	1.319019E-4	1.323161E+1	1.707952E-1	-8.343972E-2
1.556641E+0	1.472871E-4	-2.358330E+0	1.299149E-4	3.901282E+0	1.269607E-1	-1.236136E-1
1.560156E+0	1.388061E-4	-1.242419E+1	1.317741E-4	-5.124477E+0	4.482662E-2	-1.338401E-1
1.563672E+0	1.388202E-4	-2.408202E+1	1.385228E-4	-1.339340E+1	-1.524066E-2	-1.858696E-1
1.567188E+0	1.290088E-4	-3.314383E+1	1.416320E-4	-2.294978E+1	-1.035058E-1	-1.612087E-1
1.570703E+0	1.071813E-4	-4.142688E+1	1.380728E-4	-3.538240E+1	-2.280491E-1	-8.174126E-2
1.574219E+0	9.579868E-5	-3.566134E+1	1.365632E-4	-4.415454E+1	-3.061960E-1	1.036055E-1
1.577734E+0	1.316131E-4	-2.743847E+1	1.473339E-4	-5.408251E+1	-2.015614E-1	4.005962E-1
1.581250E+0	1.856952E-4	-4.155977E+1	1.409609E-4	-6.591017E+1	2.001621E-1	5.431654E-1
1.584766E+0	2.725761E-4	-6.373436E+1	1.455971E-4	-7.817179E+1	8.130051E-1	4.667633E-1
1.588281E+0	3.133206E-4	-1.104055E+2	1.428138E-4	-8.366193E+1	9.592261E-1	-9.872555E-1
1.591797E+0	2.376183E-4	-1.666354E+2	1.464662E-4	-9.875337E+1	-3.891641E-1	-1.502955E+0
1.595313E+0	1.107265E-4	8.819297E+1	1.406667E-4	-1.085146E+2	-1.753925E+0	-2.262969E-1
1.598828E+0	2.186935E-4	-3.137610E+1	1.406737E-4	-1.185983E+2	-9.246590E-1	1.552789E+0
1.602344E+0	3.435286E-4	-9.209814E+1	1.445208E-4	-1.278113E+2	9.300188E-1	1.387532E+0
1.605859E+0	3.654926E-4	-1.425934E+2	1.408331E-4	-1.367091E+2	1.581544E+0	-2.660617E-1
1.609375E+0	2.604344E-4	1.668041E+2	1.380874E-4	-1.495835E+2	3.655148E-1	-1.300926E+0
1.612891E+0	7.664494E-5	1.488762E+2	1.403439E-4	-1.580336E+2	-6.720224E-1	-4.366696E-1
1.616406E+0	8.538605E-5	-1.520208E+2	1.414489E-4	-1.670734E+2	-4.170597E-1	1.567721E-1
1.619922E+0	1.259428E-4	-1.644128E+2	1.392792E-4	-1.781867E+2	-1.217566E-1	2.152931E-1
1.623438E+0	1.397420E-4	-1.752415E+2	1.369057E-4	1.725943E+2	-2.200223E-3	2.150794E-1
1.626953E+0	1.517773E-4	1.703664E+2	1.386719E-4	1.630722E+2	8.564902E-2	1.389631E-1
1.630469E+0	1.465799E-4	1.565249E+2	1.316448E-4	1.551497E+2	1.131293E-1	2.672220E-2
1.633984E+0	1.466776E-4	1.462540E+2	1.364490E-4	1.437563E+2	7.394156E-2	4.684611E-2
1.637500E+0	1.513373E-4	1.332216E+2	1.394158E-4	1.357705E+2	8.443642E-2	-4.827485E-2
1.641016E+0	1.461841E-4	1.237415E+2	1.372549E-4	1.275969E+2	6.264530E-2	-7.161291E-2
1.644531E+0	1.453640E-4	1.134974E+2	1.410842E-4	1.161019E+2	2.927074E-2	-4.681992E-2
1.648047E+0	1.433453E-4	1.053487E+2	1.411412E-4	1.054377E+2	1.561505E-2	-1.577600E-3
1.651563E+0	1.478543E-4	9.373596E+1	1.464875E-4	9.488453E+1	9.127693E-3	-2.023202E-2
1.655078E+0	1.427455E-4	8.700581E+1	1.479897E-4	8.458141E+1	-3.629962E-2	4.080214E-2
1.658594E+0	1.512008E-4	7.771043E+1	1.452660E-4	7.332320E+1	3.780482E-2	7.962206E-2
1.662109E+0	1.574733E-4	6.495538E+1	1.434027E-4	6.532004E+1	9.809725E-2	-6.988954E-3
1.665625E+0	1.579059E-4	5.675354E+1	1.506973E-4	5.330204E+1	4.593431E-2	6.308345E-2
1.669141E+0	1.562544E-4	4.199616E+1	1.428971E-4	4.412205E+1	9.272235E-2	-4.056275E-2
1.672656E+0	1.571396E-4	3.236886E+1	1.442200E-4	3.177295E+1	8.952365E-2	1.133210E-2
1.676172E+0	1.511080E-4	2.192512E+1	1.448862E-4	2.058116E+1	4.265576E-2	2.446157E-2
1.679687E+0	1.512078E-4	1.299828E+1	1.466909E-4	1.421639E+1	3.055901E-2	-2.191302E-2
1.683203E+0	1.450888E-4	6.389953E-1	1.415460E-4	3.705299E+0	2.356179E-2	-5.483041E-2
1.686719E+0	1.355759E-4	-1.119141E+1	1.367065E-4	-7.529060E+0	-1.029557E-2	-6.334827E-2
1.690234E+0	1.184386E-4	-1.760021E+1	1.412663E-4	-1.636223E+1	-1.617891E-1	-1.811390E-2
1.693750E+0	1.088259E-4	-1.099644E+1	1.434625E-4	-2.267051E+1	-2.571245E-1	1.534915E-1
1.697266E+0	1.858204E-4	-1.180226E+1	1.429893E-4	-3.572253E+1	1.879238E-1	5.269182E-1
1.700781E+0	2.319370E-4	-4.695484E+1	1.394928E-4	-4.406801E+1	6.606066E-1	-8.374002E-2
1.704297E+0	2.003377E-4	-8.581373E+1	1.416675E-4	-5.366486E+1	1.973077E-1	-7.524936E-1
1.707813E+0	6.447266E-5	-1.081932E+2	1.446201E-4	-6.242611E+1	-6.890154E-1	-3.194252E-1
1.711328E+0	1.289443E-4	-2.921790E+1	1.504079E-4	-7.434871E+1	-3.951848E-1	6.075832E-1
1.714844E+0	2.155535E-4	-6.862510E+1	1.527605E-4	-8.157148E+1	3.751864E-1	3.161315E-1
1.718359E+0	1.955607E-4	-9.740224E+1	1.598388E-4	-9.392989E+1	2.212409E-1	-7.410275E-2
1.721875E+0	1.620298E-4	-1.097147E+2	1.558864E-4	-1.031577E+2	3.261043E-2	-1.186918E-1
1.725391E+0	1.521802E-4	-1.161192E+2	1.577520E-4	-1.178768E+2	-3.577385E-2	2.958779E-2
1.728906E+0	1.503371E-4	-1.245439E+2	1.600363E-4	-1.265009E+2	-6.115416E-2	3.207978E-2
1.732422E+0	1.507255E-4	-1.341746E+2	1.564536E-4	-1.349241E+2	-3.669456E-2	1.260195E-2
1.735938E+0	1.578965E-4	-1.432488E+2	1.566101E-4	-1.470556E+2	5.989502E-3	6.693767E-2
1.739453E+0	1.618037E-4	-1.523421E+2	1.519733E-4	-1.585426E+2	5.845666E-2	1.149945E-1
1.742969E+0	1.593863E-4	-1.652615E+2	1.549051E-4	-1.685995E+2	2.718302E-2	5.991054E-2
1.746484E+0	1.585381E-4	-1.764585E+2	1.564943E-4	1.798883E+2	1.100136E-2	6.454932E-2
1.750000E+0	1.609889E-4	1.716164E+2	1.467319E-4	1.696769E+2	9.653506E-2	3.713262E-2
1.753516E+0	1.543856E-4	1.636424E+2	1.453840E-4	1.610459E+2	6.082580E-2	4.810688E-2
1.757031E+0	1.553138E-4	1.533827E+2	1.457651E-4	1.522330E+2	6.529295E-2	2.137909E-2
1.760547E+0	1.482786E-4	1.418056E+2	1.415224E-4	1.415539E+2	4.772933E-2	4.602698E-3
1.764063E+0	1.450311E-4	1.323382E+2	1.414479E-4	1.344400E+2	2.464250E-2	-3.760417E-2
1.767578E+0	1.371505E-4	1.259353E+2	1.378825E-4	1.254031E+2	-5.351778E-3	9.239197E-3
1.771094E+0	1.466456E-4	1.155747E+2	1.464283E-4	1.161894E+2	1.426367E-3	-1.074425E-2
1.774609E+0	1.404082E-4	1.070091E+2	1.481329E-4	1.049319E+2	-5.276993E-2	3.435591E-2
1.778125E+0	1.405406E-4	9.878304E+1	1.395656E-4	9.772466E+1	6.814164E-3	1.860020E-2
1.781641E+0	1.590399E-4	8.963206E+1	1.505739E-4	8.833224E+1	5.595310E-2	2.395961E-2
1.785156E+0	1.600704E-4	7.747466E+1	1.473694E-4	7.831635E+1	8.606759E-2	-1.595576E-2
1.788672E+0	1.488042E-4	6.213754E+1	1.530144E-4	7.036219E+1	-3.751728E-2	-1.391186E-1
1.792188E+0	1.294160E-4	5.349784E+1	1.523144E-4	5.925119E+1	-1.546165E-1	-8.517558E-2
1.795703E+0	1.306929E-4	5.916455E+1	1.501802E-4	4.826084E+1	-1.454704E-1	1.646139E-1
1.799219E+0	1.768955E-4	4.825798E+1	1.486519E-4	3.803795E+1	1.711173E-1	2.111400E-1
1.802734E+0	1.934766E-4	2.487838E+1	1.541861E-4	2.646076E+1	2.543467E-1	-3.465103E-2
1.806250E+0	1.631675E-4	1.027301E+1	1.526067E-4	1.868634E+1	5.769631E-2	-1.564385E-1
1.809766E+0	1.340164E-4	6.374377E+0	1.595404E-4	7.771701E+0	-1.602344E-1	-2.048419E-2
1.813281E+0	1.473081E-4	-1.022219E+0	1.527443E-4	-5.407085E+0	-3.841304E-2	7.373459E-2
1.816797E+0	1.581143E-4	-1.017856E+1	1.626942E-4	-1.586199E+1	-3.292773E-2	9.624419E-2
1.820313E+0	1.658482E-4	-2.131370E+1	1.545574E-4	-2.159031E+1	7.303997E-2	5.180415E-3
1.823828E+0	1.592174E-4	-3.393236E+1	1.541351E-4	-3.317901E+1	3.288373E-2	-1.358159E-2
1.827344E+0	1.621234E-4	-4.245481E+1	1.611716E-4	-4.282322E+1	5.884713E-3	6.467895E-3
1.830859E+0	1.583785E-4	-5.328952E+1	1.492452E-4	-5.354134E+1	6.118636E-2	4.664038E-3
1.834375E+0	1.563003E-4	-6.418594E+1	1.573504E-4	-6.363833E+1	-6.719009E-3	-9.493669E-3
1.837891E+0	1.610094E-4	-7.400079E+1	1.605350E-4	-7.195190E+1	2.313913E-3	-3.585791E-2
1.841406E+0	1.542722E-4	-8.083640E+1	1.542839E-4	-8.148467E+1	-1.398370E-4	1.131335E-2
1.844922E+0	1.559035E-4	-9.252532E+1	1.496030E-4	-9.340972E+1	4.199065E-2	1.608512E-2
1.848438E+0	1.674566E-4	-1.015406E+2	1.527637E-4	-1.038844E+2	9.526353E-2	4.482898E-2
1.851953E+0	1.640117E-4	-1.137147E+2	1.594026E-4	-1.118546E+2	2.837266E-2	-3.339772E-2
1.855469E+0	1.649204E-4	-1.232607E+2	1.566172E-4	-1.227573E+2	5.297525E-2	-9.251665E-3
1.858984E+0	1.577215E-4	-1.320008E+2	1.586812E-4	-1.316469E+2	-6.066936E-3	-6.139325E-3
1.862500E+0	1.632047E-4	-1.435999E+2	1.561936E-4	-1.427002E+2	4.475842E-2	-1.640691E-2
1.866016E+0	1.604363E-4	-1.541169E+2	1.547814E-4	-1.526670E+2	3.620289E-2	-2.622726E-2
1.869531E+0	1.561725E-4	-1.617827E+2	1.582288E-4	-1.620943E+2	-1.301033E-2	5.367743E-3
1.873047E+0	1.630045E-4	-1.724789E+2	1.527798E-4	-1.716209E+2	6.680480E-2	-1.597652E-2
1.876563E+0	1.626758E-4	1.787915E+2	1.553037E-4	1.783495E+2	4.743776E-2	8.080467E-3
1.880078E+0	1.714415E-4	1.682531E+2	1.519405E-4	1.673058E+2	1.281921E-1	1.865467E-2
1.883594E+0	1.602688E-4	1.564351E+2	1.559124E-4	1.590276E+2	2.688923E-2	-4.649607E-2
1.887109E+0	1.535165E-4	1.478003E+2	1.588042E-4	1.488239E+2	-3.345124E-2	-1.726941E-2
1.890625E+0	1.514733E-4	1.411032E+2	1.602943E-4	1.408280E+2	-5.504093E-2	4.538811E-3
1.894141E+0	1.625880E-4	1.307450E+2	1.572241E-4	1.278195E+2	3.276855E-2	5.277863E-2
1.897656E+0	1.595451E-4	1.184395E+2	1.522918E-4	1.187757E+2	4.760961E-2	-6.147231E-3
1.901172E+0	1.558112E-4	1.115462E+2	1.588497E-4	1.114441E+2	-1.912970E-2	1.747894E-3
1.904688E+0	1.667008E-4	1.001882E+2	1.627387E-4	1.009057E+2	2.426607E-2	-1.282729E-2
1.908203E+0	1.621363E-4	8.910776E+1	1.593422E-4	8.960059E+1	1.749758E-2	-8.752228E-3
1.911719E+0	1.673152E-4	8.229710E+1	1.663275E-4	8.091125E+1	5.644041E-3	2.432891E-2
1.915234E+0	1.672317E-4	7.175430E+1	1.699909E-4	6.961067E+1	-1.691990E-2	3.679754E-2
1.918750E+0	1.718110E-4	6.429678E+1	1.625220E-4	5.915306E+1	5.289812E-2	9.477853E-2
1.922266E+0	1.721905E-4	5.048434E+1	1.621610E-4	5.198458E+1	6.148504E-2	-2.780041E-2
1.925781E+0	1.742757E-4	4.000605E+1	1.655713E-4	4.082768E+1	5.246369E-2	-1.509352E-2
1.929297E+0	1.670664E-4	2.853263E+1	1.621754E-4	3.038735E+1	2.961901E-2	-3.334141E-2
1.932813E+0	1.673532E-4	2.130373E+1	1.654654E-4	2.158624E+1	1.139674E-2	-4.986964E-3
1.936328E+0	1.663470E-4	1.168240E+1	1.633911E-4	1.142539E+1	1.808071E-2	4.566805E-3
1.939844E+0	1.682383E-4	1.626654E+0	1.631260E-4	2.180948E+0	3.129132E-2	-9.977287E-3
1.943359E+0	1.654464E-4	-8.019695E+0	1.624572E-4	-7.424459E+0	1.834497E-2	-1.057979E-2
1.946875E+0	1.633458E-4	-1.944715E+1	1.596074E-4	-1.800263E+1	2.309723E-2	-2.579942E-2
1.950391E+0	1.622923E-4	-2.769669E+1	1.607068E-4	-2.493235E+1	8.690660E-3	-4.870393E-2
1.953906E+0	1.637690E-4	-3.656162E+1	1.639208E-4	-3.590201E+1	-9.922622E-4	-1.150145E-2
1.957422E+0	1.630506E-4	-4.633032E+1	1.621799E-4	-4.515759E+1	5.158143E-3	-2.057645E-2
1.960938E+0	1.639744E-4	-5.514885E+1	1.719285E-4	-5.498748E+1	-4.626778E-2	-2.686135E-3
1.964453E+0	1.794381E-4	-6.482170E+1	1.657893E-4	-6.322181E+1	8.190426E-2	-3.021824E-2
1.967969E+0	1.735246E-4	-7.314729E+1	1.741087E-4	-7.451783E+1	-3.639921E-3	2.383791E-2
1.971484E+0	1.764682E-4	-8.380435E+1	1.769921E-4	-8.263807E+1	-3.166570E-3	-2.029377E-2
1.975000E+0	1.813423E-4	-9.335461E+1	1.825332E-4	-9.434466E+1	-6.672608E-3	1.716604E-2
1.978516E+0	1.915112E-4	-1.053565E+2	1.856664E-4	-1.040006E+2	3.119130E-2	-2.440762E-2
1.982031E+0	1.866552E-4	-1.154436E+2	1.924154E-4	-1.143264E+2	-3.012068E-2	-1.891390E-2
1.985547E+0	1.961305E-4	-1.249834E+2	1.908592E-4	-1.243800E+2	2.756180E-2	-1.082198E-2
1.989063E+0	1.981841E-4	-1.373513E+2	1.988918E-4	-1.366624E+2	-3.630241E-3	-1.198050E-2
1.992578E+0	2.041740E-4	-1.483603E+2	1.980741E-4	-1.467047E+2	3.036574E-2	-2.978140E-2
1.996094E+0	2.003444E-4	-1.586652E+2	1.987931E-4	-1.589331E+2	7.792574E-3	4.712207E-3
1.999609E+0	2.032980E-4	-1.683867E+2	2.011949E-4	-1.700658E+2	1.001917E-2	2.960792E-2
2.003125E+0	2.032989E-4	-1.795802E+2	1.916071E-4	1.798872E+2	6.097382E-2	9.862697E-3
2.006641E+0	1.990841E-4	1.705497E+2	1.992677E-4	1.689441E+2	-1.313631E-3	2.799352E-2
2.010156E+0	1.950525E-4	1.563449E+2	1.997239E-4	1.587169E+2	-2.422607E-2	-4.041936E-2
2.013672E+0	1.942541E-4	1.478974E+2	1.924907E-4	1.505003E+2	8.119783E-3	-4.582958E-2
2.017187E+0	2.060709E-4	1.383513E+2	1.895347E-4	1.385960E+2	8.723638E-2	-4.643420E-3
2.020703E+0	1.918485E-4	1.285398E+2	1.908969E-4	1.282824E+2	4.974748E-3	4.514857E-3
2.024219E+0	1.851698E-4	1.179151E+2	1.927978E-4	1.171980E+2	-3.963999E-2	1.202026E-2
2.027734E+0	1.856891E-4	1.078093E+2	1.904778E-4	1.072588E+2	-2.518546E-2	9.366343E-3
2.031250E+0	1.961906E-4	9.869781E+1	1.875438E-4	9.917612E+1	4.606904E-2	-8.732875E-3
2.034766E+0	1.931983E-4	9.110775E+1	1.924588E-4	8.926466E+1	3.323048E-3	3.228602E-2
2.038281E+0	2.002918E-4	8.111094E+1	1.885599E-4	8.081872E+1	6.220461E-2	5.417504E-3
2.041797E+0	1.947915E-4	6.982321E+1	1.902723E-4	6.899684E+1	2.364475E-2	1.476493E-2
2.045313E+0	1.935170E-4	6.327175E+1	1.974952E-4	6.022014E+1	-2.153272E-2	5.216313E-2
2.048828E+0	1.954253E-4	5.039091E+1	1.971939E-4	5.111745E+1	-9.048513E-3	-1.256645E-2
2.052344E+0	1.984223E-4	4.164225E+1	1.967018E-4	4.118652E+1	8.714833E-3	8.023476E-3
2.055859E+0	1.980243E-4	2.889391E+1	1.968814E-4	2.983034E+1	5.670686E-3	-1.643793E-2
2.059375E+0	1.877021E-4	2.045341E+1	1.975796E-4	2.102621E+1	-5.003998E-2	-9.497300E-3
2.062891E+0	1.979086E-4	9.742501E+0	2.042059E-4	1.056377E+1	-3.093755E-2	-1.389135E-2
2.066406E+0	1.983628E-4	-7.213762E-1	1.980549E-4	-4.415879E-1	1.542678E-3	-4.890799E-3
2.069922E+0	1.987468E-4	-1.023347E+1	1.982587E-4	-9.005083E+0	2.231554E-3	-2.149053E-2
2.073438E+0	2.026098E-4	-2.088801E+1	2.022557E-4	-2.074804E+1	1.747765E-3	-2.447212E-3
2.076953E+0	1.974698E-4	-3.404710E+1	2.050450E-4	-3.098328E+1	-3.832066E-2	-5.147367E-2
2.080469E+0	2.005719E-4	-4.329718E+1	2.034957E-4	-4.368185E+1	-1.439008E-2	6.617246E-3
2.083984E+0	2.033841E-4	-5.395843E+1	2.032799E-4	-5.320439E+1	4.259515E-4	-1.316685E-2
2.087500E+0	2.023990E-4	-6.045927E+1	2.040588E-4	-6.101655E+1	-8.180846E-3	9.647105E-3
2.091016E+0	2.079640E-4	-7.258465E+1	2.085282E-4	-7.275782E+1	-2.710184E-3	3.014205E-3
2.094531E+0	2.043886E-4	-7.903693E+1	1.987661E-4	-7.973454E+1	2.821080E-2	1.251969E-2
2.098047E+0	2.032007E-4	-9.058050E+1	1.935299E-4	-9.339704E+1	4.870220E-2	5.159356E-2
2.101562E+0	2.053093E-4	-1.056011E+2	2.043563E-4	-1.019045E+2	2.573167E-3	-6.477376E-2
2.105078E+0	2.042010E-4	-1.120299E+2	1.972415E-4	-1.138469E+2	3.476361E-2	3.282608E-2
2.108594E+0	2.133779E-4	-1.247176E+2	2.022507E-4	-1.240329E+2	5.494154E-2	-1.260744E-2
2.112109E+0	2.067428E-4	-1.333076E+2	2.035712E-4	-1.328243E+2	1.554368E-2	-8.566493E-3
2.115625E+0	2.081405E-4	-1.456579E+2	2.086612E-4	-1.424775E+2	-4.031788E-3	-5.534150E-2
2.119141E+0	2.094212E-4	-1.566756E+2	1.964621E-4	-1.567769E+2	6.596067E-2	1.884640E-3
2.122656E+0	2.009445E-4	-1.644142E+2	2.043269E-4	-1.650121E+2	-1.660741E-2	1.026239E-2
2.126172E+0	2.012359E-4	-1.753562E+2	1.954348E-4	-1.766192E+2	2.943289E-2	2.269599E-2
2.129688E+0	1.995791E-4	1.765465E+2	1.907718E-4	1.721801E+2	4.313025E-2	7.964918E-2
2.133203E+0	1.931965E-4	1.644477E+2	1.972317E-4	1.650745E+2	-2.051780E-2	-1.071569E-2
2.136719E+0	2.034719E-4	1.534777E+2	2.039985E-4	1.554176E+2	-3.153027E-3	-3.376379E-2
2.140234E+0	2.042223E-4	1.469373E+2	1.929098E-4	1.458582E+2	5.845364E-2	1.993711E-2
2.143750E+0	1.997023E-4	1.369694E+2	1.973609E-4	1.340105E+2	1.051455E-2	5.223199E-2
2.147266E+0	1.983732E-4	1.248327E+2	1.966315E-4	1.242584E+2	8.807006E-3	1.011204E-2
2.150781E+0	1.925853E-4	1.167652E+2	1.915851E-4	1.133476E+2	3.432935E-3	5.992423E-2
2.154297E+0	1.950845E-4	1.048167E+2	1.912854E-4	1.063709E+2	1.948571E-2	-2.766126E-2
2.157813E+0	1.924002E-4	9.679165E+1	2.000412E-4	9.399592E+1	-3.934189E-2	4.691226E-2
2.161328E+0	1.969305E-4	8.665710E+1	1.859508E-4	8.478447E+1	5.848067E-2	3.460724E-2
2.164844E+0	2.014074E-4	7.874470E+1	2.025175E-4	7.691551E+1	-5.988280E-3	3.174500E-2
2.168359E+0	2.112639E-4	6.643027E+1	1.978689E-4	6.662802E+1	6.768998E-2	-3.685028E-3
2.171875E+0	2.025630E-4	5.394085E+1	1.986391E-4	5.842244E+1	1.663601E-2	-7.968231E-2
2.175391E+0	2.035959E-4	4.780827E+1	1.973561E-4	4.465464E+1	3.005469E-2	5.675280E-2
2.178906E+0	2.020399E-4	3.761388E+1	1.905181E-4	3.753675E+1	6.047518E-2	1.427583E-3
2.182422E+0	2.066315E-4	2.650345E+1	2.035333E-4	2.718694E+1	1.514984E-2	-1.211045E-2
2.185938E+0	1.972522E-4	1.531670E+1	1.934689E-4	1.254196E+1	1.835973E-2	4.935607E-2
2.189453E+0	1.958023E-4	4.527545E+0	1.980070E-4	3.398724E+0	-1.132637E-2	1.948102E-2
2.192969E+0	1.868456E-4	-4.015835E+0	1.943658E-4	-6.326034E+0	-3.947228E-2	3.875004E-2
2.196484E+0	1.988239E-4	-1.360668E+1	2.082746E-4	-1.582755E+1	-4.609320E-2	3.699338E-2
2.200000E+0	1.935848E-4	-2.480012E+1	1.951399E-4	-2.520304E+1	-7.993684E-3	6.976182E-3
