4.035156E-1	4.039025E-5	2.687529E+1	4.258224E-5	2.333601E+1	-5.328573E-2	5.855501E-2
4.070313E-1	4.676547E-5	2.661530E+1	4.396255E-5	1.767853E+1	5.084338E-2	1.652487E-1
4.105469E-1	4.901071E-5	-1.661311E+0	3.903948E-5	8.549260E+0	2.355319E-1	-2.225426E-1
4.140625E-1	4.647646E-5	-4.537835E+0	5.337194E-5	-7.015712E-1	-1.311479E-1	-5.826146E-2
4.175781E-1	4.826212E-5	-1.752332E+1	4.819626E-5	-5.284805E+0	-2.139094E-2	-2.122715E-1
4.210938E-1	4.297133E-5	-2.583878E+1	4.296197E-5	-2.578366E+1	2.174043E-4	-9.622349E-4
4.246094E-1	5.050029E-5	-3.400057E+1	4.351904E-5	-3.940385E+1	1.552621E-1	1.092711E-1
4.281250E-1	3.893630E-5	-3.926754E+1	4.148400E-5	-3.787490E+1	-6.169128E-2	-2.281117E-2
4.316406E-1	4.374315E-5	-4.014197E+1	4.348351E-5	-4.914749E+1	-6.429339E-3	1.574643E-1
4.351563E-1	4.925236E-5	-5.980961E+1	5.049890E-5	-6.514368E+1	-2.890801E-2	9.066793E-2
4.386719E-1	4.734443E-5	-6.531107E+1	3.938889E-5	-7.858829E+1	1.698458E-1	2.760488E-1
4.421875E-1	4.478688E-5	-7.756519E+1	5.110233E-5	-7.745583E+1	-1.235860E-1	-1.672807E-3
4.457031E-1	3.896248E-5	-9.003844E+1	4.084517E-5	-9.188323E+1	-4.658774E-2	3.070826E-2
4.492188E-1	4.522576E-5	-9.678542E+1	4.361644E-5	-8.915440E+1	2.771412E-2	-1.376927E-1
4.527344E-1	4.241906E-5	-1.058942E+2	4.308518E-5	-1.094062E+2	-1.730951E-2	6.031051E-2
4.562500E-1	4.040561E-5	-1.140574E+2	4.875262E-5	-1.185522E+2	-1.737605E-1	6.495101E-2
4.597656E-1	4.052023E-5	-1.350955E+2	4.737194E-5	-1.399585E+2	-1.477156E-1	7.251216E-2
4.632813E-1	4.622166E-5	-1.378629E+2	4.848200E-5	-1.359905E+2	-4.713129E-2	-3.115041E-2
4.667969E-1	5.170803E-5	-1.521493E+2	4.082413E-5	-1.460159E+2	2.593543E-1	-1.353287E-1
4.703125E-1	5.005451E-5	-1.604850E+2	4.570663E-5	-1.560555E+2	9.185480E-2	-8.457916E-2
4.738281E-1	4.745879E-5	-1.760897E+2	4.661589E-5	-1.705798E+2	1.337789E-2	-9.775392E-2
4.773438E-1	4.590425E-5	1.793667E+2	5.226868E-5	1.784994E+2	-1.218644E-1	1.329357E-2
4.808594E-1	4.627320E-5	1.614901E+2	5.179992E-5	1.753984E+2	-1.328839E-1	-2.147229E-1
4.843750E-1	4.185059E-5	1.610827E+2	5.083897E-5	1.545380E+2	-1.821656E-1	9.382685E-2
4.878906E-1	4.792571E-5	1.426003E+2	4.212053E-5	1.552183E+2	1.103426E-1	-2.485572E-1
4.914063E-1	4.165093E-5	1.465113E+2	5.623097E-5	1.435246E+2	-2.602946E-1	3.859414E-2
4.949219E-1	4.117563E-5	1.336261E+2	4.563733E-5	1.263065E+2	-1.051167E-1	1.149484E-1
4.984375E-1	4.907881E-5	1.180265E+2	5.155284E-5	1.197689E+2	-4.843036E-2	-2.894674E-2
5.019531E-1	5.276137E-5	1.148198E+2	4.425714E-5	1.077062E+2	1.829785E-1	1.476329E-1
5.054688E-1	4.929847E-5	9.597539E+1	5.076394E-5	1.039958E+2	-3.836752E-2	-1.354980E-1
5.089844E-1	5.169889E-5	8.821899E+1	4.797802E-5	9.515858E+1	6.965958E-2	-1.301930E-1
5.125000E-1	4.727731E-5	7.870151E+1	4.544746E-5	8.375997E+1	3.621141E-2	-9.172221E-2
5.160156E-1	5.180919E-5	6.914125E+1	6.081448E-5	8.133431E+1	-1.672962E-1	-1.799314E-1
5.195312E-1	4.655084E-5	6.303071E+1	4.773519E-5	7.267685E+1	-3.859863E-2	-1.634053E-1
5.230469E-1	5.488394E-5	5.007882E+1	5.644677E-5	5.386990E+1	-2.981443E-2	-6.428795E-2
5.265625E-1	4.854686E-5	4.117052E+1	5.589145E-5	4.585435E+1	-1.343088E-1	-7.092681E-2
5.300781E-1	5.458911E-5	3.460711E+1	5.468725E-5	3.719435E+1	-2.812091E-3	-4.505950E-2
5.335937E-1	5.407845E-5	2.018781E+1	6.003679E-5	2.422817E+1	-1.014835E-1	-6.346645E-2
5.371094E-1	5.651340E-5	9.245536E+0	5.154260E-5	1.088151E+1	9.599369E-2	-3.130256E-2
5.406250E-1	6.041513E-5	-6.708278E+0	5.110929E-5	-9.567463E-2	1.742135E-1	-1.361229E-1
5.441406E-1	5.006442E-5	-1.353941E+1	5.321817E-5	-1.219666E+1	-5.951910E-2	-2.204459E-2
5.476563E-1	4.895106E-5	-1.244513E+1	5.086810E-5	-2.138837E+1	-4.938550E-2	1.495973E-1
5.511719E-1	4.925421E-5	-3.374545E+1	4.999957E-5	-3.575278E+1	-1.551183E-2	3.450519E-2
5.546875E-1	5.673256E-5	-4.439955E+1	5.452130E-5	-4.055659E+1	3.821803E-2	-6.974029E-2
5.582031E-1	5.493377E-5	-5.418196E+1	5.719978E-5	-4.383901E+1	-5.522126E-2	-1.724271E-1
5.617188E-1	4.984870E-5	-5.649534E+1	5.886946E-5	-5.346272E+1	-1.544191E-1	-4.479777E-2
5.652344E-1	5.491441E-5	-6.913934E+1	5.464042E-5	-6.551740E+1	3.007015E-3	-6.348946E-2
5.687500E-1	5.060920E-5	-7.838425E+1	5.919904E-5	-8.386096E+1	-1.490036E-1	8.159253E-2
5.722656E-1	5.675986E-5	-8.150919E+1	5.263331E-5	-8.634738E+1	7.455938E-2	9.095460E-2
5.757813E-1	5.909130E-5	-1.005043E+2	5.827049E-5	-1.009315E+2	1.405802E-2	7.561004E-3
5.792969E-1	5.649059E-5	-1.147099E+2	5.893859E-5	-1.068476E+2	-5.054463E-2	-1.311111E-1
5.828125E-1	6.057640E-5	-1.183754E+2	6.325934E-5	-1.195139E+2	-4.260080E-2	1.902658E-2
5.863281E-1	5.765223E-5	-1.314479E+2	5.563260E-5	-1.370224E+2	3.140204E-2	1.006664E-1
5.898437E-1	5.545027E-5	-1.444316E+2	5.936313E-5	-1.396082E+2	-6.922195E-2	-7.854245E-2
5.933594E-1	6.559880E-5	-1.486362E+2	5.728452E-5	-1.467840E+2	1.445418E-1	-3.701248E-2
5.968750E-1	5.977370E-5	-1.512009E+2	5.702918E-5	-1.556765E+2	4.492874E-2	8.178994E-2
6.003906E-1	5.280157E-5	-1.653601E+2	4.910181E-5	-1.717543E+2	6.865922E-2	1.197598E-1
6.039063E-1	5.486381E-5	-1.733915E+2	5.706028E-5	1.799112E+2	-4.505503E-2	1.121346E-1
6.074219E-1	5.870625E-5	1.682319E+2	4.756862E-5	1.722816E+2	2.310567E-1	-8.715701E-2
6.109375E-1	5.599030E-5	1.613080E+2	5.937485E-5	1.604413E+2	-5.711098E-2	1.426395E-2
6.144531E-1	5.334382E-5	1.371901E+2	5.897014E-5	1.484158E+2	-1.127163E-1	-1.761005E-1
6.179688E-1	5.808492E-5	1.405783E+2	5.329209E-5	1.377994E+2	8.865341E-2	5.284217E-2
6.214844E-1	5.726310E-5	1.337761E+2	6.454878E-5	1.307676E+2	-1.140936E-1	4.656018E-2
6.250000E-1	5.269696E-5	1.283318E+2	6.087502E-5	1.184200E+2	-1.472627E-1	1.490075E-1
6.285156E-1	5.900490E-5	1.119022E+2	5.920364E-5	1.136129E+2	-3.801090E-3	-2.975270E-2
6.320313E-1	6.359177E-5	9.980977E+1	6.249128E-5	1.058656E+2	1.193159E-2	-1.073553E-1
6.355469E-1	5.614032E-5	9.246352E+1	5.993276E-5	9.520479E+1	-6.435015E-2	-4.479959E-2
6.390625E-1	5.985545E-5	8.484323E+1	5.787014E-5	8.060345E+1	3.147580E-2	7.646689E-2
6.425781E-1	6.120106E-5	7.291128E+1	6.088487E-5	7.488776E+1	4.595224E-3	-3.466835E-2
6.460938E-1	5.825352E-5	6.426452E+1	5.928549E-5	6.032383E+1	-1.972991E-2	6.752754E-2
6.496094E-1	6.336165E-5	4.602564E+1	6.638143E-5	5.490761E+1	-5.693733E-2	-1.473756E-1
6.531250E-1	6.520937E-5	4.267036E+1	6.228592E-5	4.605214E+1	4.511287E-2	-6.175763E-2
6.566406E-1	6.800173E-5	2.829650E+1	6.852249E-5	3.229162E+1	-1.001138E-2	-6.914202E-2
6.601562E-1	7.049648E-5	2.032297E+1	6.722572E-5	2.182844E+1	4.829143E-2	-2.755063E-2
6.636719E-1	6.477040E-5	1.065147E+1	6.043751E-5	1.324297E+1	7.059603E-2	-4.845633E-2
6.671875E-1	6.410705E-5	2.568058E+0	7.541089E-5	-2.403394E+0	-1.530947E-1	7.366942E-2
6.707031E-1	7.457729E-5	-9.639660E+0	6.373753E-5	-5.825030E+0	1.674764E-1	-7.784313E-2
6.742188E-1	6.972372E-5	-1.714548E+1	6.794443E-5	-2.110785E+1	2.373448E-2	7.091088E-2
6.777344E-1	6.390917E-5	-2.901900E+1	6.227103E-5	-2.626320E+1	2.511972E-2	-4.934404E-2
6.812500E-1	5.976786E-5	-3.583060E+1	6.739992E-5	-3.580314E+1	-1.132355E-1	-4.249973E-4
6.847656E-1	6.150118E-5	-4.722317E+1	7.163245E-5	-5.311071E+1	-1.459629E-1	8.806844E-2
6.882813E-1	6.438298E-5	-6.540379E+1	6.465638E-5	-5.994205E+1	-8.749331E-3	-9.477857E-2
6.917969E-1	6.338953E-5	-6.999227E+1	7.315289E-5	-7.395335E+1	-1.355351E-1	5.985922E-2
6.953125E-1	6.457704E-5	-7.907834E+1	6.437251E-5	-8.201492E+1	1.859969E-3	5.139333E-2
6.988281E-1	6.329222E-5	-8.595868E+1	6.659671E-5	-8.916783E+1	-5.110977E-2	5.320321E-2
7.023438E-1	6.201013E-5	-9.561565E+1	6.185525E-5	-9.854276E+1	1.195950E-3	5.119335E-2
7.058594E-1	5.941578E-5	-1.098849E+2	6.349634E-5	-1.127722E+2	-6.545236E-2	4.713446E-2
7.093750E-1	6.330533E-5	-1.203358E+2	5.817132E-5	-1.196074E+2	8.816878E-2	-1.383461E-2
7.128906E-1	6.620000E-5	-1.277205E+2	6.702034E-5	-1.269925E+2	-1.231990E-2	-1.255014E-2
7.164063E-1	6.239981E-5	-1.355345E+2	6.632005E-5	-1.376851E+2	-5.977365E-2	3.530803E-2
7.199219E-1	6.517421E-5	-1.492979E+2	6.458880E-5	-1.449425E+2	6.149641E-3	-7.663120E-2
7.234375E-1	7.198571E-5	-1.604400E+2	6.840011E-5	-1.547277E+2	4.719488E-2	-1.047510E-1
7.269531E-1	6.467125E-5	-1.647855E+2	6.896456E-5	-1.675816E+2	-6.337028E-2	4.574493E-2
7.304687E-1	6.619543E-5	1.780616E+2	7.258075E-5	-1.761677E+2	-9.259730E-2	-9.170181E-2
7.339844E-1	7.314556E-5	1.712869E+2	7.226008E-5	1.697821E+2	1.190497E-2	2.658250E-2
7.375000E-1	7.375723E-5	1.584740E+2	6.985621E-5	1.645202E+2	4.997021E-2	-1.112124E-1
7.410156E-1	6.789861E-5	1.545281E+2	6.983797E-5	1.491117E+2	-3.211044E-2	9.177203E-2
7.445313E-1	7.185675E-5	1.414786E+2	7.359577E-5	1.431260E+2	-2.403291E-2	-2.806928E-2
7.480469E-1	6.518173E-5	1.344962E+2	7.151614E-5	1.299105E+2	-9.149075E-2	7.286871E-2
7.515625E-1	6.796051E-5	1.188650E+2	7.559855E-5	1.197343E+2	-1.011377E-1	-1.363872E-2
7.550781E-1	7.470059E-5	1.163710E+2	6.521952E-5	1.158283E+2	1.453203E-1	1.084869E-2
7.585938E-1	6.503458E-5	1.019438E+2	7.220786E-5	9.962424E+1	-1.000801E-1	3.645224E-2
7.621094E-1	6.767888E-5	8.984636E+1	7.304320E-5	9.642900E+1	-7.954868E-2	-1.062172E-1
7.656250E-1	6.938584E-5	8.228378E+1	6.960330E-5	8.463271E+1	-3.961893E-3	-4.085703E-2
7.691406E-1	7.665313E-5	7.588854E+1	7.318127E-5	7.684048E+1	4.729736E-2	-1.740191E-2
7.726563E-1	6.751820E-5	6.370388E+1	7.192513E-5	6.631795E+1	-6.224792E-2	-4.281383E-2
7.761719E-1	6.989591E-5	5.408727E+1	7.856574E-5	5.572072E+1	-1.107128E-1	-2.535963E-2
7.796875E-1	7.401808E-5	4.471330E+1	7.263311E-5	4.580774E+1	1.888212E-2	-1.946463E-2
7.832031E-1	7.341187E-5	3.274741E+1	7.421694E-5	3.781068E+1	-1.470735E-2	-8.729840E-2
7.867188E-1	7.375114E-5	1.933573E+1	6.785092E-5	2.235863E+1	8.544612E-2	-5.732085E-2
7.902344E-1	7.254609E-5	1.753184E+1	7.656311E-5	1.478300E+1	-5.355705E-2	4.544171E-2
7.937500E-1	8.121537E-5	4.098028E-1	7.885525E-5	5.382700E+0	2.605293E-2	-8.927895E-2
7.972656E-1	7.797158E-5	-7.112168E+0	8.046631E-5	-1.143449E+1	-3.375938E-2	7.303058E-2
8.007812E-1	6.616048E-5	-2.035220E+1	7.235206E-5	-1.867697E+1	-8.596656E-2	-2.673238E-2
8.042969E-1	7.060629E-5	-2.882656E+1	7.224311E-5	-3.545507E+1	-2.919021E-2	1.128161E-1
8.078125E-1	7.135931E-5	-3.866912E+1	7.443163E-5	-3.962361E+1	-4.141011E-2	1.597062E-2
8.113281E-1	7.262450E-5	-4.764231E+1	7.027540E-5	-4.489386E+1	3.223829E-2	-4.955397E-2
8.148438E-1	6.901531E-5	-5.991456E+1	7.558139E-5	-5.715845E+1	-8.793054E-2	-4.390733E-2
8.183594E-1	7.381267E-5	-6.706628E+1	7.785846E-5	-6.932645E+1	-5.270092E-2	3.738789E-2
8.218750E-1	7.575643E-5	-8.133833E+1	7.485615E-5	-7.753622E+1	9.799357E-3	-6.710815E-2
8.253906E-1	7.395637E-5	-8.543716E+1	7.389580E-5	-8.644444E+1	6.650106E-4	1.759386E-2
8.289063E-1	7.614771E-5	-9.397366E+1	8.240860E-5	-9.305555E+1	-7.609237E-2	-1.480600E-2
8.324219E-1	7.253209E-5	-1.065819E+2	7.879554E-5	-1.096923E+2	-8.084597E-2	4.994693E-2
8.359375E-1	7.264216E-5	-1.133600E+2	7.684108E-5	-1.126595E+2	-5.471486E-2	-1.155766E-2
8.394531E-1	7.792721E-5	-1.271982E+2	7.233963E-5	-1.272954E+2	7.723938E-2	1.827495E-3
8.429688E-1	7.732289E-5	-1.392145E+2	7.490761E-5	-1.349922E+2	2.944184E-2	-7.600032E-2
8.464844E-1	8.216693E-5	-1.481143E+2	7.682516E-5	-1.473624E+2	6.943942E-2	-1.403520E-2
8.500000E-1	7.967718E-5	-1.589562E+2	8.583296E-5	-1.522028E+2	-7.815904E-2	-1.091625E-1
8.535156E-1	7.563191E-5	-1.681103E+2	8.637876E-5	-1.659970E+2	-1.250109E-1	-3.228778E-2
8.570313E-1	7.702410E-5	-1.751795E+2	7.604173E-5	-1.757494E+2	1.286872E-2	1.007496E-2
8.605469E-1	7.863970E-5	1.759486E+2	7.720874E-5	1.729481E+2	1.713732E-2	5.331481E-2
8.640625E-1	8.075751E-5	1.628012E+2	8.301203E-5	1.619102E+2	-2.727658E-2	1.512793E-2
8.675781E-1	7.883108E-5	1.529851E+2	7.990583E-5	1.521331E+2	-1.355928E-2	1.466966E-2
8.710937E-1	7.698707E-5	1.429949E+2	8.062142E-5	1.428497E+2	-4.508228E-2	2.419975E-3
8.746094E-1	7.516530E-5	1.326657E+2	7.824963E-5	1.311006E+2	-3.977490E-2	2.623618E-2
8.781250E-1	7.587315E-5	1.222031E+2	8.051300E-5	1.248676E+2	-5.864741E-2	-4.380853E-2
8.816406E-1	7.792618E-5	1.143647E+2	8.441759E-5	1.159347E+2	-7.724295E-2	-2.529141E-2
8.851563E-1	7.860027E-5	1.041982E+2	8.065651E-5	1.036006E+2	-2.554679E-2	1.016400E-2
8.886719E-1	7.813780E-5	9.326444E+1	8.092776E-5	9.565582E+1	-3.531555E-2	-4.028687E-2
8.921875E-1	7.753512E-5	8.680053E+1	8.155332E-5	8.422475E+1	-5.023140E-2	4.272643E-2
8.957031E-1	8.268761E-5	7.435242E+1	7.792080E-5	7.834903E+1	5.859447E-2	-7.396120E-2
8.992188E-1	7.856379E-5	6.307905E+1	8.242200E-5	6.771370E+1	-4.992718E-2	-7.701935E-2
9.027344E-1	7.575529E-5	5.408551E+1	8.335867E-5	5.467048E+1	-9.126019E-2	-9.278240E-3
9.062500E-1	8.250756E-5	4.586463E+1	8.080251E-5	4.615039E+1	2.108875E-2	-5.092674E-3
9.097656E-1	8.334245E-5	3.397070E+1	8.488177E-5	3.469835E+1	-1.821405E-2	-1.246924E-2
9.132813E-1	8.745659E-5	2.857104E+1	8.913910E-5	2.480995E+1	-2.098821E-2	6.435813E-2
9.167969E-1	7.823938E-5	1.180148E+1	8.638288E-5	1.428376E+1	-9.512203E-2	-3.922744E-2
9.203125E-1	8.025126E-5	5.381241E+0	8.312728E-5	4.503340E+0	-3.471111E-2	1.479157E-2
9.238281E-1	8.682945E-5	-6.012156E+0	8.780479E-5	-2.971653E+0	-1.250012E-2	-5.245269E-2
9.273438E-1	8.234334E-5	-1.630383E+1	8.437361E-5	-1.900560E+1	-2.514769E-2	4.600305E-2
9.308594E-1	8.626207E-5	-2.677538E+1	8.590909E-5	-3.018456E+1	2.331804E-3	5.971064E-2
9.343750E-1	8.275670E-5	-3.586485E+1	8.736381E-5	-3.607073E+1	-5.274088E-2	3.403786E-3
9.378906E-1	8.565334E-5	-4.450106E+1	8.618995E-5	-5.030396E+1	-1.131840E-2	1.004772E-1
9.414063E-1	8.282805E-5	-5.790160E+1	8.980527E-5	-5.663556E+1	-7.791792E-2	-2.037816E-2
9.449219E-1	8.092589E-5	-6.732325E+1	8.319783E-5	-6.611097E+1	-2.752540E-2	-2.057896E-2
9.484375E-1	9.062618E-5	-7.351568E+1	8.506956E-5	-7.711767E+1	6.321406E-2	6.692883E-2
9.519531E-1	8.202418E-5	-8.580964E+1	8.480415E-5	-8.678365E+1	-3.292082E-2	1.644162E-2
9.554688E-1	8.680106E-5	-9.782513E+1	8.397183E-5	-1.005583E+2	3.251672E-2	4.929135E-2
9.589844E-1	8.792547E-5	-1.056529E+2	8.616426E-5	-1.070963E+2	2.011636E-2	2.570429E-2
9.625000E-1	7.878659E-5	-1.158416E+2	8.255697E-5	-1.143713E+2	-4.598424E-2	-2.448692E-2
9.660156E-1	8.567803E-5	-1.242226E+2	8.899970E-5	-1.258708E+2	-3.772055E-2	2.768907E-2
9.695313E-1	8.515116E-5	-1.375000E+2	8.612896E-5	-1.319644E+2	-1.596335E-2	-9.536908E-2
9.730469E-1	8.565262E-5	-1.441302E+2	8.611698E-5	-1.438011E+2	-5.408607E-3	-5.712875E-3
9.765625E-1	8.579439E-5	-1.558284E+2	9.144827E-5	-1.536070E+2	-6.253102E-2	-3.636459E-2
9.800781E-1	8.792575E-5	-1.649137E+2	8.868732E-5	-1.632084E+2	-9.026220E-3	-2.950316E-2
9.835938E-1	8.479826E-5	-1.776196E+2	8.979390E-5	-1.730153E+2	-5.868212E-2	-7.580774E-2
9.871094E-1	9.018899E-5	1.727328E+2	9.187786E-5	1.782219E+2	-2.288298E-2	-9.389806E-2
9.906250E-1	8.838154E-5	1.663005E+2	9.546091E-5	1.641388E+2	-7.481875E-2	3.492253E-2
9.941406E-1	8.479537E-5	1.551609E+2	8.897224E-5	1.567626E+2	-4.731814E-2	-2.663910E-2
9.976563E-1	8.815859E-5	1.425944E+2	8.645915E-5	1.478288E+2	1.540382E-2	-9.302371E-2
1.001172E+0	8.856832E-5	1.352083E+2	9.439766E-5	1.374700E+2	-6.248391E-2	-3.702685E-2
1.004687E+0	9.418511E-5	1.233703E+2	9.493725E-5	1.256972E+2	-8.740520E-3	-4.027924E-2
1.008203E+0	9.138832E-5	1.135610E+2	8.748812E-5	1.147466E+2	4.435614E-2	-2.161355E-2
1.011719E+0	9.118632E-5	1.016282E+2	9.017166E-5	1.031324E+2	1.090406E-2	-2.654561E-2
1.015234E+0	8.979349E-5	9.271346E+1	8.604145E-5	1.001499E+2	3.482962E-2	-1.350702E-1
1.018750E+0	9.325624E-5	8.379187E+1	9.101725E-5	8.656783E+1	2.339730E-2	-4.962207E-2
1.022266E+0	8.362463E-5	7.624693E+1	8.892197E-5	7.821232E+1	-6.012613E-2	-3.225270E-2
1.025781E+0	8.668404E-5	6.558348E+1	8.972438E-5	6.583138E+1	-3.389437E-2	-4.180048E-3
1.029297E+0	8.264065E-5	5.327808E+1	9.091701E-5	5.434204E+1	-9.118875E-2	-1.687821E-2
1.032813E+0	8.714609E-5	4.796158E+1	8.673211E-5	4.718259E+1	4.680224E-3	1.366041E-2
1.036328E+0	8.803048E-5	3.540935E+1	9.053136E-5	3.368811E+1	-2.806320E-2	2.920704E-2
1.039844E+0	8.745509E-5	2.339073E+1	9.089745E-5	2.498757E+1	-3.824445E-2	-2.681118E-2
1.043359E+0	9.249915E-5	1.646285E+1	9.113942E-5	1.355355E+1	1.361113E-2	5.151227E-2
1.046875E+0	9.267979E-5	7.780303E+0	9.463821E-5	7.269075E+0	-2.073274E-2	8.737854E-3
1.050391E+0	8.520873E-5	-3.714367E+0	9.544619E-5	-4.012477E+0	-1.072711E-1	4.644912E-3
1.053906E+0	8.820808E-5	-1.392554E+1	9.327255E-5	-1.300511E+1	-5.441957E-2	-1.519162E-2
1.057422E+0	8.855922E-5	-2.227654E+1	9.771869E-5	-2.208432E+1	-9.373814E-2	-3.040404E-3
1.060938E+0	9.290827E-5	-3.504784E+1	9.441637E-5	-3.416636E+1	-1.608932E-2	-1.513839E-2
1.064453E+0	9.238360E-5	-4.273873E+1	9.641479E-5	-4.555162E+1	-4.296541E-2	4.702262E-2
1.067969E+0	9.365594E-5	-5.600682E+1	9.674190E-5	-5.167101E+1	-3.466953E-2	-7.319034E-2
1.071484E+0	9.668845E-5	-6.560004E+1	9.757894E-5	-6.292291E+1	-1.020728E-2	-4.628149E-2
1.075000E+0	9.429783E-5	-7.337976E+1	9.982698E-5	-7.489063E+1	-5.571573E-2	2.490622E-2
1.078516E+0	9.186068E-5	-8.407035E+1	9.548927E-5	-8.544646E+1	-3.827743E-2	2.310276E-2
1.082031E+0	9.481671E-5	-9.315927E+1	9.968102E-5	-9.288675E+1	-4.880952E-2	-4.524249E-3
1.085547E+0	9.263384E-5	-1.046602E+2	9.638437E-5	-1.041975E+2	-3.894356E-2	-7.761313E-3
1.089063E+0	9.164512E-5	-1.169850E+2	9.466922E-5	-1.165837E+2	-3.196760E-2	-6.780216E-3
1.092578E+0	8.783615E-5	-1.198047E+2	9.820297E-5	-1.216573E+2	-1.060328E-1	2.891559E-2
1.096094E+0	9.551663E-5	-1.325028E+2	9.704666E-5	-1.348690E+2	-1.660512E-2	4.063533E-2
1.099609E+0	9.351803E-5	-1.417186E+2	9.387565E-5	-1.439021E+2	-4.532812E-3	3.795490E-2
1.103125E+0	9.166514E-5	-1.539026E+2	9.665363E-5	-1.525171E+2	-5.188930E-2	-2.293124E-2
1.106641E+0	9.290636E-5	-1.640629E+2	1.031859E-4	-1.655798E+2	-9.993709E-2	2.383464E-2
1.110156E+0	9.679491E-5	-1.721924E+2	9.766792E-5	-1.700708E+2	-9.617919E-3	-3.668953E-2
1.113672E+0	9.519696E-5	1.777118E+2	9.933304E-5	-1.796351E+2	-4.266578E-2	-4.436139E-2
1.117187E+0	9.245566E-5	1.661600E+2	9.910065E-5	1.685802E+2	-6.788513E-2	-3.939639E-2
1.120703E+0	9.282459E-5	1.557273E+2	1.005540E-4	1.551042E+2	-7.692284E-2	1.003900E-2
1.124219E+0	9.689879E-5	1.457872E+2	1.056876E-4	1.448671E+2	-8.327660E-2	1.472272E-2
1.127734E+0	9.741598E-5	1.365590E+2	9.730402E-5	1.370514E+2	1.113650E-3	-8.603784E-3
1.131250E+0	9.396887E-5	1.269156E+2	1.001795E-4	1.255416E+2	-6.226472E-2	2.249198E-2
1.134766E+0	9.879045E-5	1.153452E+2	1.063311E-4	1.149686E+2	-7.093676E-2	6.106737E-3
1.138281E+0	1.003494E-4	1.042391E+2	9.675941E-5	1.114985E+2	2.878906E-2	-1.310500E-1
1.141797E+0	1.002727E-4	9.691589E+1	9.490654E-5	9.460824E+1	5.568469E-2	4.254186E-2
1.145313E+0	9.098932E-5	8.764919E+1	1.031002E-4	8.783636E+1	-1.174718E-1	-2.882994E-3
1.148828E+0	9.857815E-5	7.534741E+1	1.066764E-4	7.684563E+1	-7.623008E-2	-2.416105E-2
1.152344E+0	9.880603E-5	6.749414E+1	1.007153E-4	6.636876E+1	-1.914633E-2	1.926800E-2
1.155859E+0	9.174070E-5	5.934569E+1	1.012934E-4	5.564301E+1	-9.619777E-2	5.848872E-2
1.159375E+0	9.853054E-5	4.341197E+1	9.608358E-5	5.028135E+1	1.810558E-2	-1.226523E-1
1.162891E+0	9.315817E-5	3.743217E+1	9.931695E-5	3.755036E+1	-6.201336E-2	-1.934886E-3
1.166406E+0	9.493011E-5	2.826926E+1	1.055499E-4	2.989984E+1	-1.009781E-1	-2.559216E-2
1.169922E+0	9.737090E-5	2.027459E+1	1.075228E-4	1.998170E+1	-9.442809E-2	4.629229E-3
1.173438E+0	1.027104E-4	9.918478E+0	9.604138E-5	7.616604E+0	6.857608E-2	4.295346E-2
1.176953E+0	9.807268E-5	6.137289E-1	1.071397E-4	8.969794E-1	-8.463920E-2	-4.525264E-3
1.180469E+0	9.940942E-5	-1.402874E+1	1.026496E-4	-9.635245E+0	-3.441123E-2	-7.418773E-2
1.183984E+0	9.460904E-5	-2.251709E+1	9.842201E-5	-2.001657E+1	-3.965632E-2	-4.193824E-2
1.187500E+0	1.009851E-4	-3.037235E+1	1.031856E-4	-3.210266E+1	-2.177190E-2	2.955109E-2
1.191016E+0	9.850509E-5	-4.083704E+1	1.063148E-4	-4.373628E+1	-7.464430E-2	4.686419E-2
1.194531E+0	9.951385E-5	-5.181565E+1	1.048947E-4	-5.033533E+1	-5.161426E-2	-2.450838E-2
1.198047E+0	1.003701E-4	-6.187347E+1	1.078439E-4	-6.178091E+1	-6.930323E-2	-1.503520E-3
1.201563E+0	1.067034E-4	-7.480791E+1	1.102841E-4	-7.064314E+1	-3.502290E-2	-7.026697E-2
1.205078E+0	1.003780E-4	-8.480345E+1	1.091293E-4	-8.239620E+1	-8.100374E-2	-3.863385E-2
1.208594E+0	1.007565E-4	-9.501270E+1	1.107957E-4	-9.448033E+1	-9.064927E-2	-8.449575E-3
1.212109E+0	1.006329E-4	-1.039928E+2	1.072645E-4	-1.039407E+2	-6.182513E-2	-8.530982E-4
1.215625E+0	9.919584E-5	-1.124845E+2	1.140044E-4	-1.114871E+2	-1.300265E-1	-1.514595E-2
1.219141E+0	9.643631E-5	-1.237744E+2	1.062633E-4	-1.229359E+2	-9.257492E-2	-1.328074E-2
1.222656E+0	1.006967E-4	-1.350676E+2	1.073573E-4	-1.312479E+2	-6.412499E-2	-6.248396E-2
1.226172E+0	9.655958E-5	-1.427859E+2	1.065738E-4	-1.433051E+2	-9.400232E-2	8.210149E-3
1.229688E+0	9.586661E-5	-1.546739E+2	1.059909E-4	-1.537709E+2	-9.563270E-2	-1.425430E-2
1.233203E+0	9.783451E-5	-1.635520E+2	1.062859E-4	-1.620275E+2	-7.984144E-2	-2.448894E-2
1.236719E+0	1.035950E-4	-1.755759E+2	1.111760E-4	-1.720655E+2	-6.993753E-2	-5.705451E-2
1.240234E+0	9.795460E-5	1.767025E+2	1.157344E-4	1.768047E+2	-1.536272E-1	-1.509699E-3
1.243750E+0	9.698542E-5	1.662487E+2	1.088542E-4	1.682126E+2	-1.095571E-1	-3.053324E-2
1.247266E+0	9.557338E-5	1.572655E+2	1.115795E-4	1.569951E+2	-1.434599E-1	4.042360E-3
1.250781E+0	9.782497E-5	1.485826E+2	1.104526E-4	1.512889E+2	-1.153140E-1	-4.181822E-2
1.254297E+0	1.024830E-4	1.358234E+2	1.088580E-4	1.407069E+2	-6.198009E-2	-8.014456E-2
1.257812E+0	9.831139E-5	1.254163E+2	1.080998E-4	1.292711E+2	-9.260727E-2	-6.114071E-2
1.261328E+0	9.692572E-5	1.164961E+2	1.078382E-4	1.167616E+2	-1.012027E-1	-4.164921E-3
1.264844E+0	1.004568E-4	1.062895E+2	1.109994E-4	1.076905E+2	-9.524944E-2	-2.212743E-2
1.268359E+0	1.022006E-4	9.442966E+1	1.111682E-4	9.896296E+1	-8.354303E-2	-7.266269E-2
1.271875E+0	1.007250E-4	8.535100E+1	1.110739E-4	9.159485E+1	-9.855059E-2	-9.862685E-2
1.275391E+0	1.011519E-4	7.659515E+1	1.098018E-4	7.750323E+1	-7.889310E-2	-1.459983E-2
1.278906E+0	9.396925E-5	6.545163E+1	1.133882E-4	7.015277E+1	-1.740488E-1	-6.792209E-2
1.282422E+0	9.628893E-5	5.625975E+1	1.093713E-4	5.903801E+1	-1.206491E-1	-4.267299E-2
1.285938E+0	9.899053E-5	4.693622E+1	1.128928E-4	4.833958E+1	-1.234088E-1	-2.147486E-2
1.289453E+0	1.128310E-4	3.603575E+1	1.108243E-4	3.834442E+1	1.728065E-2	-4.101240E-2
1.292969E+0	1.262528E-4	2.552192E+1	1.084626E-4	2.948331E+1	1.612405E-1	-8.041553E-2
1.296484E+0	1.504133E-4	1.175034E+1	1.069553E-4	2.117560E+1	3.873340E-1	-2.303001E-1
1.300000E+0	1.815314E-4	-1.673500E+1	1.125963E-4	9.905095E+0	4.410789E-1	-7.229003E-1
1.303516E+0	1.953332E-4	-4.554725E+1	1.120045E-4	3.857723E+0	1.348199E-1	-1.324250E+0
1.307031E+0	1.945072E-4	-7.487857E+1	1.158577E-4	-7.927267E+0	-3.427095E-1	-1.544828E+0
1.310547E+0	2.089196E-4	-1.085600E+2	1.122434E-4	-1.869624E+1	-9.955741E-1	-1.861303E+0
1.314063E+0	2.332011E-4	-1.500652E+2	1.163327E-4	-2.802396E+1	-2.063502E+0	-1.699236E+0
1.317578E+0	2.570617E-4	1.636396E+2	1.167162E-4	-4.029068E+1	-3.013128E+0	-8.933685E-1
1.321094E+0	2.711497E-4	1.253600E+2	1.186598E-4	-5.054346E+1	-3.279263E+0	1.632413E-1
1.324609E+0	3.172636E-4	8.867815E+1	1.203034E-4	-5.983658E+1	-3.248933E+0	1.377353E+0
1.328125E+0	3.675281E-4	5.377744E+1	1.238201E-4	-7.150032E+1	-2.714281E+0	2.423160E+0
1.331641E+0	4.122160E-4	2.361514E+1	1.215243E-4	-8.097672E+1	-1.854564E+0	3.282635E+0
1.335156E+0	4.536096E-4	-3.651091E+0	1.237657E-4	-9.206159E+1	-8.983367E-1	3.663657E+0
1.338672E+0	4.965107E-4	-2.886706E+1	1.176419E-4	-1.023514E+2	1.998002E-1	4.046396E+0
1.342188E+0	5.549003E-4	-5.080638E+1	1.191561E-4	-1.113795E+2	1.288002E+0	4.056099E+0
1.345703E+0	6.160220E-4	-7.522234E+1	1.198870E-4	-1.177290E+2	2.787989E+0	3.471863E+0
1.349219E+0	6.814719E-4	-9.904662E+1	1.202566E-4	-1.324305E+2	3.731806E+0	3.118141E+0
1.352734E+0	7.610835E-4	-1.232677E+2	1.208204E-4	-1.415188E+2	4.982398E+0	1.972826E+0
1.356250E+0	7.997782E-4	-1.470632E+2	1.151110E-4	-1.485828E+2	5.945443E+0	1.842504E-1
1.359766E+0	8.592551E-4	-1.717530E+2	1.173270E-4	-1.622410E+2	6.222900E+0	-1.210254E+0
1.363281E+0	8.965270E-4	1.594806E+2	1.218873E-4	-1.689707E+2	5.268221E+0	-3.848503E+0
1.366797E+0	9.305255E-4	1.288419E+2	1.191376E-4	-1.774044E+2	3.618024E+0	-6.299042E+0
1.370313E+0	1.013339E-3	9.244724E+1	1.198785E-4	1.693439E+2	9.163749E-1	-8.232956E+0
1.373828E+0	9.866714E-4	5.171964E+1	1.165214E-4	1.602500E+2	-3.691104E+0	-8.028721E+0
1.377344E+0	9.444451E-4	8.919772E+0	1.280824E-4	1.524728E+2	-6.931481E+0	-4.380575E+0
1.380859E+0	9.780289E-4	-3.673712E+1	1.207174E-4	1.420573E+2	-9.100012E+0	-1.704603E-1
1.384375E+0	1.008640E-3	-9.043750E+1	1.189410E-4	1.312816E+2	-7.329738E+0	5.643377E+0
1.387891E+0	1.017914E-3	-1.404760E+2	1.222573E-4	1.202542E+2	-2.341182E+0	8.217267E+0
1.391406E+0	1.056384E-3	1.725691E+2	1.167330E-4	1.098775E+2	3.151762E+0	8.040999E+0
1.394922E+0	1.109975E-3	1.256212E+2	1.241693E-4	9.789994E+1	6.913174E+0	4.158256E+0
1.398437E+0	1.049638E-3	7.868646E+1	1.213972E-4	8.901167E+1	7.506295E+0	-1.549723E+0
1.401953E+0	9.342566E-4	3.544661E+1	1.277763E-4	7.897314E+1	4.301358E+0	-5.035468E+0
1.405469E+0	8.177501E-4	-9.283027E+0	1.217561E-4	6.968847E+1	2.848095E-1	-6.592261E+0
1.408984E+0	7.140253E-4	-5.705639E+1	1.203718E-4	6.005669E+1	-3.703421E+0	-5.279976E+0
1.412500E+0	6.210992E-4	-1.098431E+2	1.197492E-4	5.077880E+1	-5.892840E+0	-1.720939E+0
1.416016E+0	6.103367E-4	-1.655286E+2	1.203244E-4	4.275323E+1	-5.466919E+0	2.403361E+0
1.419531E+0	6.434525E-4	1.390535E+2	1.242938E-4	3.157656E+1	-2.554727E+0	4.937892E+0
1.423047E+0	6.862198E-4	8.750489E+1	1.198198E-4	2.116511E+1	1.298353E+0	5.245687E+0
1.426563E+0	6.876913E-4	4.282251E+1	1.115548E-4	1.304070E+1	4.350404E+0	3.061950E+0
1.430078E+0	6.109192E-4	-7.377117E-1	1.224104E-4	4.556648E+0	3.969454E+0	-4.605089E-1
1.433594E+0	4.752689E-4	-3.971437E+1	1.292200E-4	-5.569184E+0	2.043964E+0	-2.064422E+0
1.437109E+0	3.070969E-4	-7.842481E+1	1.224070E-4	-1.726043E+1	2.099989E-1	-2.197742E+0
1.440625E+0	1.684983E-4	-1.091830E+2	1.252744E-4	-2.581462E+1	-8.446683E-1	-1.336034E+0
1.444141E+0	3.884493E-5	-1.330589E+2	1.287916E-4	-3.540112E+1	-1.040191E+0	-2.989209E-1
1.447656E+0	5.489420E-5	-1.055167E+1	1.347702E-4	-4.480884E+1	-6.633446E-1	2.292822E-1
1.451172E+0	9.969185E-5	-2.662334E+1	1.328061E-4	-5.465221E+1	-3.373867E-1	3.527461E-1
1.454688E+0	1.170882E-4	-4.579146E+1	1.329443E-4	-6.757319E+1	-1.821493E-1	3.268145E-1
1.458203E+0	1.430944E-4	-5.458346E+1	1.304689E-4	-7.789273E+1	7.254408E-3	4.339855E-1
1.461719E+0	1.583321E-4	-7.051654E+1	1.351240E-4	-9.152208E+1	9.388608E-2	4.200249E-1
1.465234E+0	1.732551E-4	-8.751865E+1	1.378381E-4	-1.001320E+2	2.266111E-1	2.744802E-1
1.468750E+0	1.635259E-4	-1.041820E+2	1.310599E-4	-1.119494E+2	2.362708E-1	1.686315E-1
1.472266E+0	1.644394E-4	-1.178798E+2	1.311642E-4	-1.218189E+2	2.507295E-1	8.612372E-2
1.475781E+0	1.598292E-4	-1.285473E+2	1.345257E-4	-1.300659E+2	1.876769E-1	3.148624E-2
1.479297E+0	1.550717E-4	-1.418222E+2	1.268149E-4	-1.400548E+2	2.222375E-1	-3.771426E-2
1.482813E+0	1.495313E-4	-1.553403E+2	1.290505E-4	-1.508824E+2	1.551984E-1	-9.006205E-2
1.486328E+0	1.301752E-4	-1.647887E+2	1.312438E-4	-1.594165E+2	-1.249883E-2	-9.286295E-2
1.489844E+0	1.204546E-4	-1.699622E+2	1.285912E-4	-1.697475E+2	-6.328151E-2	-3.510108E-3
1.493359E+0	1.270058E-4	-1.754246E+2	1.280056E-4	-1.783708E+2	-9.122035E-3	5.099678E-2
1.496875E+0	1.351683E-4	1.729767E+2	1.262553E-4	1.713636E+2	7.017078E-2	3.013745E-2
1.500391E+0	1.357215E-4	1.584552E+2	1.255031E-4	1.616701E+2	7.971758E-2	-6.064725E-2
1.503906E+0	1.126267E-4	1.533316E+2	1.312844E-4	1.504213E+2	-1.432231E-1	4.355686E-2
1.507422E+0	1.177616E-4	1.574948E+2	1.238345E-4	1.427731E+2	-8.025896E-2	2.416619E-1
1.510938E+0	1.468864E-4	1.511979E+2	1.250842E-4	1.311604E+2	1.032181E-1	4.023565E-1
1.514453E+0	1.769754E-4	1.354645E+2	1.267766E-4	1.220699E+2	3.579893E-1	3.233834E-1
1.517969E+0	1.931775E-4	1.169024E+2	1.286415E-4	1.103285E+2	4.917998E-1	1.719185E-1
1.521484E+0	2.039075E-4	9.862825E+1	1.272143E-4	1.048400E+2	5.934554E-1	-1.734353E-1
1.525000E+0	2.180238E-4	7.317568E+1	1.324203E-4	9.284289E+1	5.504044E-1	-5.541243E-1
1.528516E+0	2.094384E-4	3.885041E+1	1.341291E-4	8.280285E+1	1.241266E-1	-1.083755E+0
1.532031E+0	1.688080E-4	-2.541877E+1	1.363086E-4	7.549487E+1	-1.234470E+0	-1.216027E+0
1.535547E+0	1.676820E-4	-1.368229E+2	1.349320E-4	6.421995E+1	-2.159841E+0	4.462167E-1
1.539062E+0	3.204871E-4	1.428929E+2	1.347553E-4	5.332746E+1	-9.819620E-1	2.378221E+0
1.542578E+0	4.623765E-4	8.362786E+1	1.326458E-4	4.407426E+1	1.687652E+0	2.219756E+0
1.546094E+0	4.868849E-4	3.550161E+1	1.329751E-4	3.228827E+1	2.655717E+0	2.052402E-1
1.549609E+0	4.530879E-4	-1.285337E+1	1.333642E-4	2.167600E+1	1.798877E+0	-1.925728E+0
1.553125E+0	3.619430E-4	-6.905572E+1	1.319019E-4	1.323161E+1	-6.317363E-1	-2.719208E+0
1.556641E+0	2.271840E-4	-1.581808E+2	1.299149E-4	3.901282E+0	-2.663898E+0	-5.379992E-1
1.560156E+0	2.406526E-4	8.854942E+1	1.317741E-4	-5.124477E+0	-1.117022E+0	1.822498E+0
1.563672E+0	2.796409E-4	2.248693E+1	1.385228E-4	-1.339340E+1	6.356661E-1	1.183169E+0
1.567188E+0	2.487520E-4	-1.718165E+1	1.416320E-4	-2.294978E+1	7.474336E-1	1.765159E-1
1.570703E+0	2.140651E-4	-4.229375E+1	1.380728E-4	-3.538240E+1	5.391127E-1	-1.865625E-1
1.574219E+0	1.721500E-4	-5.939521E+1	1.365632E-4	-4.415454E+1	2.162538E-1	-3.313761E-1
1.577734E+0	1.445393E-4	-6.933321E+1	1.473339E-4	-5.408251E+1	-5.351572E-2	-2.580537E-1
1.581250E+0	1.293735E-4	-7.730999E+1	1.409609E-4	-6.591017E+1	-1.003094E-1	-1.814065E-1
1.584766E+0	1.150487E-4	-8.094547E+1	1.455971E-4	-7.817179E+1	-2.107403E-1	-3.823782E-2
1.588281E+0	1.128547E-4	-8.223157E+1	1.428138E-4	-8.366193E+1	-2.100236E-1	1.972546E-2
1.591797E+0	1.322740E-4	-8.611500E+1	1.464662E-4	-9.875337E+1	-1.187792E-1	1.975959E-1
1.595313E+0	1.410553E-4	-9.579006E+1	1.406667E-4	-1.085146E+2	-2.186500E-2	2.208725E-1
1.598828E+0	1.541160E-4	-1.088158E+2	1.406737E-4	-1.185983E+2	7.962703E-2	1.861444E-1
1.602344E+0	1.578697E-4	-1.217891E+2	1.445208E-4	-1.278113E+2	8.633821E-2	1.146043E-1
1.605859E+0	1.668009E-4	-1.300249E+2	1.408331E-4	-1.367091E+2	1.763365E-1	1.378589E-1
1.609375E+0	1.722730E-4	-1.468156E+2	1.380874E-4	-1.495835E+2	2.461095E-1	6.024514E-2
1.612891E+0	1.680124E-4	-1.605199E+2	1.403439E-4	-1.580336E+2	1.960209E-1	-5.193288E-2
1.616406E+0	1.614688E-4	-1.704207E+2	1.414489E-4	-1.670734E+2	1.395870E-1	-6.665212E-2
1.619922E+0	1.538282E-4	1.785775E+2	1.392792E-4	-1.781867E+2	1.026984E-1	-6.234159E-2
1.623438E+0	1.476086E-4	1.666074E+2	1.369057E-4	1.725943E+2	7.229654E-2	-1.124550E-1
1.626953E+0	1.425230E-4	1.522735E+2	1.386719E-4	1.630722E+2	9.571022E-3	-1.925622E-1
1.630469E+0	1.269179E-4	1.445197E+2	1.316448E-4	1.551497E+2	-5.245138E-2	-1.778425E-1
1.633984E+0	1.152260E-4	1.386139E+2	1.364490E-4	1.437563E+2	-1.589369E-1	-7.569028E-2
1.637500E+0	1.051042E-4	1.463013E+2	1.394158E-4	1.357705E+2	-2.588078E-1	1.377840E-1
1.641016E+0	1.232696E-4	1.461220E+2	1.372549E-4	1.275969E+2	-1.484287E-1	2.853466E-1
1.644531E+0	1.785964E-4	1.414997E+2	1.410842E-4	1.161019E+2	1.435396E-1	5.429387E-1
1.648047E+0	2.578406E-4	1.167098E+2	1.411412E-4	1.054377E+2	7.915877E-1	3.570874E-1
1.651563E+0	3.138495E-4	7.307608E+1	1.464875E-4	9.488453E+1	9.891637E-1	-7.959490E-1
1.655078E+0	2.214964E-4	1.100533E+1	1.479897E-4	8.458141E+1	-5.768197E-1	-1.435630E+0
1.658594E+0	8.662848E-5	-1.135131E+2	1.452660E-4	7.332320E+1	-1.592104E+0	7.098462E-2
1.662109E+0	2.169771E-4	1.424877E+2	1.434027E-4	6.532004E+1	-6.639507E-1	1.475271E+0
1.665625E+0	3.501126E-4	8.541965E+1	1.506973E-4	5.330204E+1	9.677251E-1	1.235195E+0
1.669141E+0	3.662639E-4	3.112528E+1	1.428971E-4	4.412205E+1	1.497470E+0	-5.764381E-1
1.672656E+0	2.103886E-4	-1.646153E+1	1.442200E-4	3.177295E+1	-2.831491E-2	-1.088088E+0
1.676172E+0	6.129667E-5	-3.022257E+0	1.448862E-4	2.058116E+1	-6.123266E-1	-1.693979E-1
1.679687E+0	1.057761E-4	2.794709E+1	1.466909E-4	1.421639E+1	-2.995255E-1	1.711550E-1
1.683203E+0	1.344909E-4	1.847473E+1	1.415460E-4	3.705299E+0	-8.123678E-2	2.422234E-1
1.686719E+0	1.493179E-4	1.590025E+0	1.367065E-4	-7.529060E+0	7.844676E-2	1.731076E-1
1.690234E+0	1.621472E-4	-1.076910E+1	1.412663E-4	-1.636223E+1	1.423477E-1	1.118699E-1
1.693750E+0	1.547025E-4	-2.190253E+1	1.434625E-4	-2.267051E+1	7.825113E-2	1.445351E-2
1.697266E+0	1.519891E-4	-3.590591E+1	1.429893E-4	-3.572253E+1	6.293493E-2	-3.402025E-3
1.700781E+0	1.461161E-4	-4.576238E+1	1.394928E-4	-4.406801E+1	4.702331E-2	-3.097195E-2
1.704297E+0	1.506418E-4	-5.488371E+1	1.416675E-4	-5.366486E+1	6.310703E-2	-2.261883E-2
1.707813E+0	1.559045E-4	-6.361003E+1	1.446201E-4	-6.242611E+1	7.779775E-2	-2.227403E-2
1.711328E+0	1.518404E-4	-7.423550E+1	1.504079E-4	-7.434871E+1	9.522130E-3	1.994704E-3
1.714844E+0	1.460214E-4	-7.944786E+1	1.527605E-4	-8.157148E+1	-4.477196E-2	3.542095E-2
1.718359E+0	1.519041E-4	-9.026421E+1	1.598388E-4	-9.392989E+1	-5.158623E-2	6.076072E-2
1.721875E+0	1.633139E-4	-1.004331E+2	1.558864E-4	-1.031577E+2	4.646257E-2	4.980023E-2
1.725391E+0	1.677908E-4	-1.124417E+2	1.577520E-4	-1.178768E+2	5.885462E-2	1.007457E-1
1.728906E+0	1.661225E-4	-1.233355E+2	1.600363E-4	-1.265009E+2	3.644639E-2	5.731852E-2
1.732422E+0	1.626563E-4	-1.387290E+2	1.564536E-4	-1.349241E+2	3.735403E-2	-6.899009E-2
1.735938E+0	1.601314E-4	-1.490633E+2	1.566101E-4	-1.470556E+2	2.185683E-2	-3.582152E-2
1.739453E+0	1.639013E-4	-1.580580E+2	1.519733E-4	-1.585426E+2	7.844890E-2	9.121593E-3
1.742969E+0	1.583937E-4	-1.739704E+2	1.549051E-4	-1.685995E+2	1.803164E-2	-9.571068E-2
1.746484E+0	1.514936E-4	1.748745E+2	1.564943E-4	1.798883E+2	-3.565857E-2	-8.460299E-2
1.750000E+0	1.247684E-4	1.695471E+2	1.467319E-4	1.696769E+2	-1.496867E-1	-1.926335E-3
1.753516E+0	1.160283E-4	1.791040E+2	1.453840E-4	1.610459E+2	-2.412297E-1	2.473903E-1
1.757031E+0	1.865209E-4	1.723854E+2	1.457651E-4	1.522330E+2	2.012615E-1	4.408455E-1
1.760547E+0	2.339840E-4	1.376725E+2	1.415224E-4	1.415539E+2	6.495432E-1	-1.119166E-1
1.764063E+0	1.738564E-4	9.838448E+1	1.414479E-4	1.344400E+2	-6.321811E-3	-7.234217E-1
1.767578E+0	4.239275E-5	1.104597E+2	1.378825E-4	1.254031E+2	-7.029422E-1	-7.928196E-2
1.771094E+0	1.450578E-4	1.510846E+2	1.464283E-4	1.161894E+2	-1.874769E-1	5.667228E-1
1.774609E+0	2.012449E-4	1.140323E+2	1.481329E-4	1.049319E+2	3.414425E-1	2.148739E-1
1.778125E+0	1.722132E-4	9.084156E+1	1.395656E-4	9.772466E+1	2.250298E-1	-1.478783E-1
1.781641E+0	1.503736E-4	8.243269E+1	1.505739E-4	8.833224E+1	-6.619574E-3	-1.026480E-1
1.785156E+0	1.424855E-4	7.754705E+1	1.473694E-4	7.831635E+1	-3.322768E-2	-1.298146E-2
1.788672E+0	1.427789E-4	6.765095E+1	1.530144E-4	7.036219E+1	-6.793690E-2	-4.413824E-2
1.792188E+0	1.518177E-4	6.168969E+1	1.523144E-4	5.925119E+1	-4.163599E-3	4.240826E-2
1.795703E+0	1.562045E-4	5.282502E+1	1.501802E-4	4.826084E+1	3.681542E-2	8.276783E-2
1.799219E+0	1.603157E-4	4.070987E+1	1.486519E-4	3.803795E+1	7.729139E-2	5.027464E-2
1.802734E+0	1.627707E-4	3.148711E+1	1.541861E-4	2.646076E+1	5.161728E-2	9.249194E-2
1.806250E+0	1.646141E-4	1.893405E+1	1.526067E-4	1.868634E+1	7.867192E-2	4.663511E-3
1.809766E+0	1.687082E-4	7.090891E+0	1.595404E-4	7.771701E+0	5.738916E-2	-1.256489E-2
1.813281E+0	1.629566E-4	-4.039981E+0	1.527443E-4	-5.407085E+0	6.655512E-2	2.545333E-2
1.816797E+0	1.664959E-4	-1.459549E+1	1.626942E-4	-1.586199E+1	2.311715E-2	2.261927E-2
1.820313E+0	1.585546E-4	-2.680855E+1	1.545574E-4	-2.159031E+1	2.161055E-2	-9.330177E-2
1.823828E+0	1.591274E-4	-3.474936E+1	1.541351E-4	-3.317901E+1	3.200138E-2	-2.829195E-2
1.827344E+0	1.575471E-4	-4.306593E+1	1.611716E-4	-4.282322E+1	-2.249722E-2	-4.140813E-3
1.830859E+0	1.553228E-4	-5.298357E+1	1.492452E-4	-5.354134E+1	4.067293E-2	1.013119E-2
1.834375E+0	1.594638E-4	-6.467745E+1	1.573504E-4	-6.363833E+1	1.326451E-2	-1.837865E-2
1.837891E+0	1.674845E-4	-7.166196E+1	1.605350E-4	-7.195190E+1	4.327627E-2	5.279448E-3
1.841406E+0	1.751920E-4	-8.302947E+1	1.542839E-4	-8.148467E+1	1.351044E-1	-3.061193E-2
1.844922E+0	1.643632E-4	-1.023884E+2	1.496030E-4	-9.340972E+1	8.519998E-2	-1.714649E-1
1.848438E+0	1.275324E-4	-1.060239E+2	1.527637E-4	-1.038844E+2	-1.657475E-1	-3.116658E-2
1.851953E+0	1.469211E-4	-9.848646E+1	1.594026E-4	-1.118546E+2	-1.032755E-1	2.131030E-1
1.855469E+0	1.778350E-4	-1.126677E+2	1.566172E-4	-1.227573E+2	1.179154E-1	1.989217E-1
1.858984E+0	1.923701E-4	-1.338813E+2	1.586812E-4	-1.316469E+2	2.113838E-1	-4.726507E-2
1.862500E+0	1.603352E-4	-1.506888E+2	1.561936E-4	-1.427002E+2	1.655423E-2	-1.426611E-1
1.866016E+0	1.436531E-4	-1.514770E+2	1.547814E-4	-1.526670E+2	-7.209705E-2	1.927478E-2
1.869531E+0	1.524551E-4	-1.595105E+2	1.582288E-4	-1.620943E+2	-3.746911E-2	4.343556E-2
1.873047E+0	1.684246E-4	-1.703250E+2	1.527798E-4	-1.716209E+2	1.021190E-1	2.493167E-2
1.876563E+0	1.646869E-4	1.775426E+2	1.553037E-4	1.783495E+2	6.031324E-2	-1.493344E-2
1.880078E+0	1.583954E-4	1.674749E+2	1.519405E-4	1.673058E+2	4.247854E-2	3.076730E-3
1.883594E+0	1.551922E-4	1.600236E+2	1.559124E-4	1.590276E+2	-4.769652E-3	1.730231E-2
1.887109E+0	1.647793E-4	1.490601E+2	1.588042E-4	1.488239E+2	3.761676E-2	4.277566E-3
1.890625E+0	1.581772E-4	1.400428E+2	1.602943E-4	1.408280E+2	-1.330024E-2	-1.352290E-2
1.894141E+0	1.608160E-4	1.283577E+2	1.572241E-4	1.278195E+2	2.280061E-2	9.607819E-3
1.897656E+0	1.569398E-4	1.203508E+2	1.522918E-4	1.187757E+2	3.013098E-2	2.832614E-2
1.901172E+0	1.669427E-4	1.106321E+2	1.588497E-4	1.114441E+2	5.084199E-2	-1.489361E-2
1.904688E+0	1.684370E-4	1.013210E+2	1.627387E-4	1.009057E+2	3.498784E-2	7.502088E-3
1.908203E+0	1.694401E-4	9.090626E+1	1.593422E-4	8.960059E+1	6.309632E-2	2.423029E-2
1.911719E+0	1.674335E-4	8.185490E+1	1.663275E-4	8.091125E+1	6.513006E-3	1.657857E-2
1.915234E+0	1.675175E-4	7.047492E+1	1.699909E-4	6.961067E+1	-1.466230E-2	1.486397E-2
1.918750E+0	1.623412E-4	5.888171E+1	1.625220E-4	5.915306E+1	-1.123667E-3	-4.730665E-3
1.922266E+0	1.614241E-4	4.852781E+1	1.621610E-4	5.198458E+1	-6.355406E-3	-6.002143E-2
1.925781E+0	1.622933E-4	4.062894E+1	1.655713E-4	4.082768E+1	-1.980401E-2	-3.399987E-3
1.929297E+0	1.650466E-4	3.232687E+1	1.621754E-4	3.038735E+1	1.712125E-2	3.444374E-2
1.932813E+0	1.708742E-4	2.076258E+1	1.654654E-4	2.158624E+1	3.258170E-2	-1.484498E-2
1.936328E+0	1.723778E-4	8.583123E+0	1.633911E-4	1.142539E+1	5.370333E-2	-5.231389E-2
1.939844E+0	1.598581E-4	-1.751385E+0	1.631260E-4	2.180948E+0	-2.234008E-2	-6.720446E-2
1.943359E+0	1.600017E-4	-6.837380E+0	1.624572E-4	-7.424459E+0	-1.516645E-2	1.009141E-2
1.946875E+0	1.664439E-4	-1.525441E+1	1.596074E-4	-1.800263E+1	4.163384E-2	5.000083E-2
1.950391E+0	1.740207E-4	-2.692533E+1	1.607068E-4	-2.493235E+1	8.219088E-2	-3.765818E-2
1.953906E+0	1.692388E-4	-3.707417E+1	1.639208E-4	-3.590201E+1	3.222645E-2	-2.112029E-2
1.957422E+0	1.681084E-4	-4.725809E+1	1.621799E-4	-4.515759E+1	3.585860E-2	-3.799226E-2
1.960938E+0	1.735951E-4	-5.573056E+1	1.719285E-4	-5.498748E+1	9.608650E-3	-1.309454E-2
1.964453E+0	1.677211E-4	-6.521204E+1	1.657893E-4	-6.322181E+1	1.104187E-2	-3.513375E-2
1.967969E+0	1.791309E-4	-7.296687E+1	1.741087E-4	-7.451783E+1	2.846828E-2	2.784678E-2
1.971484E+0	1.774618E-4	-8.438004E+1	1.769921E-4	-8.263807E+1	2.190425E-3	-3.047910E-2
1.975000E+0	1.851213E-4	-9.283527E+1	1.825332E-4	-9.434466E+1	1.382689E-2	2.671426E-2
1.978516E+0	1.845573E-4	-1.051788E+2	1.856664E-4	-1.040006E+2	-6.183775E-3	-2.043919E-2
1.982031E+0	1.920857E-4	-1.142481E+2	1.924154E-4	-1.143264E+2	-1.714413E-3	1.364251E-3
1.985547E+0	1.905230E-4	-1.250766E+2	1.908592E-4	-1.243800E+2	-1.835285E-3	-1.213625E-2
1.989063E+0	1.989278E-4	-1.365966E+2	1.988918E-4	-1.366624E+2	1.803434E-4	1.148634E-3
1.992578E+0	1.963413E-4	-1.454203E+2	1.980741E-4	-1.467047E+2	-8.997294E-3	2.221904E-2
1.996094E+0	2.008474E-4	-1.577341E+2	1.987931E-4	-1.589331E+2	1.011265E-2	2.114121E-2
1.999609E+0	2.019720E-4	-1.690531E+2	2.011949E-4	-1.700658E+2	3.705623E-3	1.774229E-2
2.003125E+0	1.989469E-4	-1.794809E+2	1.916071E-4	1.798872E+2	3.824337E-2	1.145098E-2
2.006641E+0	2.007395E-4	1.684736E+2	1.992677E-4	1.689441E+2	7.352079E-3	-8.272334E-3
2.010156E+0	1.963760E-4	1.587134E+2	1.997239E-4	1.587169E+2	-1.676264E-2	-6.006255E-5
2.013672E+0	1.962179E-4	1.494974E+2	1.924907E-4	1.505003E+2	1.920686E-2	-1.784192E-2
2.017187E+0	2.003031E-4	1.400894E+2	1.895347E-4	1.385960E+2	5.645596E-2	2.754249E-2
2.020703E+0	1.982135E-4	1.259845E+2	1.908969E-4	1.282824E+2	3.749254E-2	-4.163192E-2
2.024219E+0	1.995443E-4	1.191055E+2	1.927978E-4	1.171980E+2	3.441910E-2	3.445077E-2
2.027734E+0	1.880409E-4	1.076192E+2	1.904778E-4	1.072588E+2	-1.281315E-2	6.209652E-3
2.031250E+0	1.928095E-4	1.013513E+2	1.875438E-4	9.917612E+1	2.733640E-2	3.902060E-2
2.034766E+0	1.896146E-4	9.081939E+1	1.924588E-4	8.926466E+1	-1.514092E-2	2.673087E-2
2.038281E+0	1.889065E-4	8.004680E+1	1.885599E-4	8.081872E+1	1.747222E-3	-1.349690E-2
2.041797E+0	1.886690E-4	7.158888E+1	1.902723E-4	6.899684E+1	-9.440861E-3	4.484313E-2
2.045313E+0	1.921978E-4	5.975283E+1	1.974952E-4	6.022014E+1	-2.685530E-2	-7.937240E-3
2.048828E+0	1.971859E-4	5.491375E+1	1.971939E-4	5.111745E+1	-2.234734E-3	6.620678E-2
2.052344E+0	1.953006E-4	3.942702E+1	1.967018E-4	4.118652E+1	-7.591601E-3	-3.048552E-2
2.055859E+0	1.985199E-4	3.045971E+1	1.968814E-4	2.983034E+1	8.261437E-3	1.107577E-2
2.059375E+0	2.002335E-4	2.124550E+1	1.975796E-4	2.102621E+1	1.342463E-2	3.878732E-3
2.062891E+0	2.081641E-4	1.133579E+1	2.042059E-4	1.056377E+1	1.929084E-2	1.373505E-2
2.066406E+0	1.963540E-4	-9.837858E-2	1.980549E-4	-4.415879E-1	-8.605810E-3	5.938654E-3
2.069922E+0	1.999699E-4	-1.171927E+1	1.982587E-4	-9.005083E+0	7.499645E-3	-4.776250E-2
2.073438E+0	1.989207E-4	-1.766529E+1	2.022557E-4	-2.074804E+1	-1.791226E-2	5.289143E-2
2.076953E+0	2.029344E-4	-3.170194E+1	2.050450E-4	-3.098328E+1	-1.037120E-2	-1.241355E-2
2.080469E+0	2.089416E-4	-4.143288E+1	2.034957E-4	-4.368185E+1	2.597087E-2	4.029203E-2
2.083984E+0	2.056943E-4	-5.132908E+1	2.032799E-4	-5.320439E+1	1.133527E-2	3.311317E-2
2.087500E+0	1.986792E-4	-6.008670E+1	2.040588E-4	-6.101655E+1	-2.649120E-2	1.580041E-2
2.091016E+0	1.983210E-4	-7.196413E+1	2.085282E-4	-7.275782E+1	-4.904002E-2	1.317402E-2
2.094531E+0	1.955954E-4	-8.141637E+1	1.987661E-4	-7.973454E+1	-1.637583E-2	-2.888108E-2
2.098047E+0	2.117930E-4	-9.375984E+1	1.935299E-4	-9.339704E+1	9.434642E-2	-6.929554E-3
2.101562E+0	2.004550E-4	-1.058423E+2	2.043563E-4	-1.019045E+2	-2.140642E-2	-6.736246E-2
2.105078E+0	2.032782E-4	-1.130111E+2	1.972415E-4	-1.138469E+2	3.049598E-2	1.503339E-2
2.108594E+0	2.110510E-4	-1.243919E+2	2.022507E-4	-1.240329E+2	4.349136E-2	-6.538323E-3
2.112109E+0	2.043396E-4	-1.344241E+2	2.035712E-4	-1.328243E+2	3.383342E-3	-2.802353E-2
2.115625E+0	2.097000E-4	-1.434969E+2	2.086612E-4	-1.424775E+2	4.819346E-3	-1.787952E-2
2.119141E+0	1.999331E-4	-1.552669E+2	1.964621E-4	-1.567769E+2	1.731414E-2	2.681699E-2
2.122656E+0	2.047589E-4	-1.663136E+2	2.043269E-4	-1.650121E+2	1.855729E-3	-2.276153E-2
2.126172E+0	2.038596E-4	-1.763319E+2	1.954348E-4	-1.766192E+2	4.309487E-2	5.230467E-3
2.129688E+0	1.921402E-4	1.754341E+2	1.907718E-4	1.721801E+2	5.549113E-3	5.716964E-2
2.133203E+0	2.003313E-4	1.651905E+2	1.972317E-4	1.650745E+2	1.571344E-2	2.056398E-3
2.136719E+0	1.982002E-4	1.523477E+2	2.039985E-4	1.554176E+2	-2.981752E-2	-5.203205E-2
2.140234E+0	2.056983E-4	1.449857E+2	1.929098E-4	1.458582E+2	6.616901E-2	-1.623687E-2
2.143750E+0	1.948871E-4	1.374296E+2	1.973609E-4	1.340105E+2	-1.429208E-2	5.889160E-2
2.147266E+0	1.994656E-4	1.234329E+2	1.966315E-4	1.242584E+2	1.430797E-2	-1.461485E-2
2.150781E+0	1.961692E-4	1.163388E+2	1.915851E-4	1.133476E+2	2.253219E-2	5.343116E-2
2.154297E+0	1.897803E-4	1.075462E+2	1.912854E-4	1.063709E+2	-8.077073E-3	2.035003E-2
2.157813E+0	1.995293E-4	9.760005E+1	2.000412E-4	9.399592E+1	-4.531712E-3	6.270160E-2
2.161328E+0	2.041301E-4	8.482982E+1	1.859508E-4	8.478447E+1	9.776369E-2	8.688876E-4
2.164844E+0	1.971338E-4	7.761884E+1	2.025175E-4	7.691551E+1	-2.665721E-2	1.194880E-2
2.168359E+0	1.933903E-4	6.511071E+1	1.978689E-4	6.662802E+1	-2.297687E-2	-2.587963E-2
2.171875E+0	1.931913E-4	5.529042E+1	1.986391E-4	5.842244E+1	-2.887836E-2	-5.313839E-2
2.175391E+0	2.018259E-4	4.558171E+1	1.973561E-4	4.465464E+1	2.251454E-2	1.654616E-2
2.178906E+0	2.056017E-4	3.546542E+1	1.905181E-4	3.753675E+1	7.846635E-2	-3.900520E-2
2.182422E+0	2.050016E-4	2.709660E+1	2.035333E-4	2.718694E+1	7.212801E-3	-1.588104E-3
2.185938E+0	1.978806E-4	1.470039E+1	1.934689E-4	1.254196E+1	2.207747E-2	3.852163E-2
2.189453E+0	1.988274E-4	5.412694E+0	1.980070E-4	3.398724E+0	3.523017E-3	3.528878E-2
2.192969E+0	1.964106E-4	-2.775187E+0	1.943658E-4	-6.326034E+0	8.580401E-3	6.258588E-2
2.196484E+0	1.955820E-4	-1.564710E+1	2.082746E-4	-1.582755E+1	-6.094632E-2	2.957509E-3
2.200000E+0	1.945047E-4	-2.348352E+1	1.951399E-4	-2.520304E+1	-3.703940E-3	2.990911E-2
